VR_ID,Province,Bachelor,1 Bedroom,2 Bedroom,3 Bedroom +,Total,Year,Centre_id,Zone_id,Neighbourhood_id,Dwelling_id
VR_1,Nfld.Lab.,0.0,0.0,0.0,0.0,0.0,2018,centre1,Zone1,Neighbourhood1,Dwelling1
VR_2,Nfld.Lab.,0.0,3.9,6.4,5.2,5.6,2018,centre1,Zone1,Neighbourhood1,Dwelling2
VR_3,Nfld.Lab.,0.0,0.0,0.0,0.0,1.5,2018,centre1,Zone2,Neighbourhood2,Dwelling1
VR_4,Nfld.Lab.,3.9,6.1,6.1,0.0,6.2,2018,centre1,Zone2,Neighbourhood2,Dwelling2
VR_5,Nfld.Lab.,0.0,0.0,0.0,0.0,0.0,2018,centre1,Zone3,Neighbourhood3,Dwelling1
VR_6,Nfld.Lab.,0.0,4.5,0.0,0.0,0.0,2018,centre1,Zone3,Neighbourhood3,Dwelling2
VR_7,N.S.,0.0,0.0,0.0,0.0,0.0,2018,centre2,Zone4,Neighbourhood4,Dwelling1
VR_8,N.S.,0.7,1.1,1.1,1.4,1.1,2018,centre2,Zone4,Neighbourhood4,Dwelling2
VR_9,N.S.,0.0,0.0,0.0,0.0,0.0,2018,centre2,Zone4,Neighbourhood5,Dwelling1
VR_10,N.S.,1.2,0.8,1.4,1.2,1.1,2018,centre2,Zone4,Neighbourhood5,Dwelling2
VR_11,N.S.,0.0,0.0,0.0,0.0,0.0,2018,centre2,Zone4,Neighbourhood6,Dwelling1
VR_12,N.S.,1.6,1.1,0.7,0.0,1.1,2018,centre2,Zone4,Neighbourhood6,Dwelling2
VR_13,N.S.,0.0,0.0,0.0,0.0,2.3,2018,centre2,Zone5,Neighbourhood7,Dwelling1
VR_14,N.S.,0.6,1.1,0.8,0.0,1.1,2018,centre2,Zone5,Neighbourhood7,Dwelling2
VR_15,N.S.,0.0,0.0,0.0,0.0,0.0,2018,centre2,Zone5,Neighbourhood8,Dwelling1
VR_16,N.S.,0.0,0.2,1.6,0.0,1.1,2018,centre2,Zone5,Neighbourhood8,Dwelling2
VR_17,N.S.,0.0,0.0,0.0,0.0,0.0,2018,centre2,Zone6,Neighbourhood9,Dwelling1
VR_18,N.S.,0.0,0.0,0.4,0.0,0.3,2018,centre2,Zone6,Neighbourhood9,Dwelling2
VR_19,N.S.,0.0,0.0,0.0,0.0,0.0,2018,centre2,Zone6,Neighbourhood10,Dwelling1
VR_20,N.S.,0.0,1.2,1.6,1.1,1.4,2018,centre2,Zone6,Neighbourhood10,Dwelling2
VR_21,N.S.,0.0,0.0,0.0,0.0,0.0,2018,centre2,Zone7,Neighbourhood11,Dwelling1
VR_22,N.S.,0.0,0.0,0.0,0.0,0.0,2018,centre2,Zone7,Neighbourhood11,Dwelling2
VR_23,N.S.,0.0,0.0,0.0,0.0,0.0,2018,centre2,Zone7,Neighbourhood12,Dwelling1
VR_24,N.S.,0.0,2.8,1.4,0.0,1.7,2018,centre2,Zone7,Neighbourhood12,Dwelling2
VR_25,N.S.,0.0,0.0,0.0,0.7,0.5,2018,centre2,Zone7,Neighbourhood13,Dwelling1
VR_26,N.S.,1.4,0.9,0.7,0.5,0.8,2018,centre2,Zone7,Neighbourhood13,Dwelling2
VR_27,N.S.,0.0,0.0,0.0,0.0,0.0,2018,centre2,Zone7,Neighbourhood14,Dwelling1
VR_28,N.S.,0.0,0.7,1.5,0.8,1.2,2018,centre2,Zone7,Neighbourhood14,Dwelling2
VR_29,N.S.,0.0,0.0,0.0,0.0,0.0,2018,centre2,Zone8,Neighbourhood15,Dwelling1
VR_30,N.S.,0.0,0.5,0.0,0.0,1.5,2018,centre2,Zone8,Neighbourhood15,Dwelling2
VR_31,N.S.,0.0,0.0,0.0,0.0,0.0,2018,centre2,Zone8,Neighbourhood16,Dwelling1
VR_32,N.S.,0.0,0.3,0.4,0.0,0.6,2018,centre2,Zone8,Neighbourhood16,Dwelling2
VR_33,N.S.,0.0,0.0,0.0,5.9,0.0,2018,centre2,Zone8,Neighbourhood17,Dwelling1
VR_34,N.S.,2.8,5.3,3.8,0.0,4.4,2018,centre2,Zone8,Neighbourhood17,Dwelling2
VR_35,N.S.,0.0,0.0,0.0,0.0,0.0,2018,centre2,Zone9,Neighbourhood18,Dwelling1
VR_36,N.S.,0.0,2.4,3.0,2.7,3.0,2018,centre2,Zone9,Neighbourhood18,Dwelling2
VR_37,N.S.,0.0,0.0,0.0,0.0,0.0,2018,centre2,Zone9,Neighbourhood19,Dwelling1
VR_38,N.S.,0.0,1.9,0.7,0.0,1.0,2018,centre2,Zone9,Neighbourhood19,Dwelling2
VR_39,N.S.,0.0,0.0,0.0,0.0,0.0,2018,centre2,Zone10,Neighbourhood20,Dwelling1
VR_40,N.S.,0.0,2.0,0.6,0.0,0.8,2018,centre2,Zone10,Neighbourhood20,Dwelling2
VR_41,N.S.,0.0,0.0,0.0,0.0,0.0,2018,centre2,Zone10,Neighbourhood21,Dwelling1
VR_42,N.S.,0.0,1.7,2.5,5.6,2.6,2018,centre2,Zone10,Neighbourhood21,Dwelling2
VR_43,N.S.,0.0,0.0,0.0,0.0,0.0,2018,centre2,Zone10,Neighbourhood22,Dwelling1
VR_44,N.S.,0.0,0.0,1.3,0.0,1.2,2018,centre2,Zone10,Neighbourhood22,Dwelling2
VR_45,N.S.,0.0,0.0,0.0,0.0,0.0,2018,centre2,Zone11,Neighbourhood23,Dwelling1
VR_46,N.S.,0.0,0.5,1.3,0.4,1.1,2018,centre2,Zone11,Neighbourhood23,Dwelling2
VR_47,N.S.,0.0,0.0,0.0,0.0,0.0,2018,centre2,Zone12,Neighbourhood24,Dwelling1
VR_48,N.S.,0.0,0.8,2.2,3.0,2.0,2018,centre2,Zone12,Neighbourhood24,Dwelling2
VR_49,N.S.,0.0,0.0,0.0,0.0,0.0,2018,centre2,Zone3,Neighbourhood25,Dwelling1
VR_50,N.S.,0.0,0.0,0.0,0.0,0.0,2018,centre2,Zone3,Neighbourhood25,Dwelling2
VR_51,N.S.,0.0,0.0,0.0,0.0,0.0,2018,centre2,Zone3,Neighbourhood26,Dwelling1
VR_52,N.S.,0.0,0.0,3.2,0.0,3.1,2018,centre2,Zone3,Neighbourhood26,Dwelling2
VR_53,N.S.,0.0,0.0,0.0,0.0,0.0,2018,centre2,Zone3,Neighbourhood27,Dwelling1
VR_54,N.S.,0.0,0.0,0.0,0.0,0.0,2018,centre2,Zone3,Neighbourhood27,Dwelling2
VR_55,N.S.,0.0,0.0,0.0,37.5,0.0,2018,centre2,Zone3,Neighbourhood28,Dwelling1
VR_56,N.S.,0.0,0.0,0.0,0.0,0.0,2018,centre2,Zone3,Neighbourhood28,Dwelling2
VR_57,N.S.,0.0,0.0,0.0,0.0,0.0,2018,centre2,Zone3,Neighbourhood29,Dwelling1
VR_58,N.S.,0.0,0.0,0.0,0.0,0.0,2018,centre2,Zone3,Neighbourhood29,Dwelling2
VR_59,N.B.,0.0,0.0,0.0,0.0,0.0,2018,centre3,Zone13,Neighbourhood30,Dwelling1
VR_60,N.B.,0.0,0.0,1.7,0.0,1.9,2018,centre3,Zone13,Neighbourhood30,Dwelling2
VR_61,N.B.,0.0,0.0,0.0,0.0,0.0,2018,centre3,Zone13,Neighbourhood31,Dwelling1
VR_62,N.B.,0.0,0.0,3.7,0.0,3.4,2018,centre3,Zone13,Neighbourhood31,Dwelling2
VR_63,N.B.,0.0,0.0,0.0,0.0,0.0,2018,centre3,Zone14,Neighbourhood32,Dwelling1
VR_64,N.B.,1.1,0.8,3.9,0.0,2.5,2018,centre3,Zone14,Neighbourhood32,Dwelling2
VR_65,N.B.,0.0,0.0,0.0,0.0,0.0,2018,centre3,Zone15,Neighbourhood33,Dwelling1
VR_66,N.B.,0.0,0.0,0.0,0.0,0.0,2018,centre3,Zone15,Neighbourhood33,Dwelling2
VR_67,N.B.,0.0,0.0,0.0,0.0,0.0,2018,centre3,Zone15,Neighbourhood34,Dwelling1
VR_68,N.B.,0.0,0.0,2.3,19.6,3.4,2018,centre3,Zone15,Neighbourhood34,Dwelling2
VR_69,N.B.,0.0,0.0,0.0,0.0,0.0,2018,centre3,Zone15,Neighbourhood35,Dwelling1
VR_70,N.B.,3.1,4.4,2.8,0.0,3.1,2018,centre3,Zone15,Neighbourhood35,Dwelling2
VR_71,N.B.,0.0,0.0,0.0,0.0,0.0,2018,centre3,Zone15,Neighbourhood36,Dwelling1
VR_72,N.B.,0.0,0.0,0.0,0.0,0.0,2018,centre3,Zone15,Neighbourhood36,Dwelling2
VR_73,N.B.,0.0,0.0,0.0,0.0,0.0,2018,centre3,Zone16,Neighbourhood37,Dwelling1
VR_74,N.B.,0.0,0.0,0.0,0.0,4.4,2018,centre3,Zone16,Neighbourhood37,Dwelling2
VR_75,N.B.,0.0,0.0,0.0,0.0,0.0,2018,centre3,Zone16,Neighbourhood38,Dwelling1
VR_76,N.B.,0.0,0.0,0.7,0.0,0.6,2018,centre3,Zone16,Neighbourhood38,Dwelling2
VR_77,N.B.,0.0,0.0,0.0,0.0,0.0,2018,centre3,Zone17,Neighbourhood39,Dwelling1
VR_78,N.B.,0.0,0.0,3.6,0.0,3.2,2018,centre3,Zone17,Neighbourhood39,Dwelling2
VR_79,N.B.,0.0,0.0,0.0,0.0,0.0,2018,centre3,Zone18,Neighbourhood40,Dwelling1
VR_80,N.B.,0.0,1.0,0.8,0.0,0.8,2018,centre3,Zone18,Neighbourhood40,Dwelling2
VR_81,N.B.,0.0,0.0,0.0,0.0,0.0,2018,centre3,Zone18,Neighbourhood41,Dwelling1
VR_82,N.B.,0.0,0.0,0.0,0.0,0.0,2018,centre3,Zone18,Neighbourhood41,Dwelling2
VR_83,N.B.,0.0,0.0,0.0,0.0,0.0,2018,centre3,Zone18,Neighbourhood42,Dwelling1
VR_84,N.B.,0.0,0.0,4.5,0.0,3.8,2018,centre3,Zone18,Neighbourhood42,Dwelling2
VR_85,N.B.,0.0,0.0,0.0,0.0,0.0,2018,centre3,Zone3,Neighbourhood43,Dwelling1
VR_86,N.B.,0.0,0.0,0.0,0.0,3.1,2018,centre3,Zone3,Neighbourhood43,Dwelling2
VR_87,N.B.,0.0,0.0,0.0,0.0,0.0,2018,centre3,Zone3,Neighbourhood44,Dwelling1
VR_88,N.B.,0.0,0.0,0.0,0.0,0.0,2018,centre3,Zone3,Neighbourhood44,Dwelling2
VR_89,N.B.,0.0,0.0,0.0,0.0,0.0,2018,centre4,Zone19,Neighbourhood5,Dwelling1
VR_90,N.B.,2.6,0.0,0.0,0.0,0.0,2018,centre4,Zone19,Neighbourhood5,Dwelling2
VR_91,N.B.,0.0,0.0,0.0,0.0,0.0,2018,centre4,Zone19,Neighbourhood45,Dwelling1
VR_92,N.B.,0.0,0.0,0.0,0.0,3.1,2018,centre4,Zone19,Neighbourhood45,Dwelling2
VR_93,N.B.,0.0,0.0,0.0,0.0,0.0,2018,centre4,Zone20,Neighbourhood46,Dwelling1
VR_94,N.B.,0.0,0.0,1.1,0.0,2.3,2018,centre4,Zone20,Neighbourhood46,Dwelling2
VR_95,N.B.,0.0,0.0,0.0,0.0,0.0,2018,centre4,Zone21,Neighbourhood47,Dwelling1
VR_96,N.B.,0.0,0.0,0.0,0.0,0.0,2018,centre4,Zone21,Neighbourhood47,Dwelling2
VR_97,N.B.,0.0,0.0,0.0,0.0,0.0,2018,centre4,Zone21,Neighbourhood8,Dwelling1
VR_98,N.B.,0.0,0.0,3.6,5.5,3.7,2018,centre4,Zone21,Neighbourhood8,Dwelling2
VR_99,N.B.,0.0,0.0,0.0,0.0,0.0,2018,centre4,Zone21,Neighbourhood48,Dwelling1
VR_100,N.B.,0.0,1.4,0.0,0.0,1.9,2018,centre4,Zone21,Neighbourhood48,Dwelling2
VR_101,N.B.,0.0,0.0,0.0,0.0,0.0,2018,centre4,Zone22,Neighbourhood49,Dwelling1
VR_102,N.B.,0.0,6.0,4.7,5.8,5.3,2018,centre4,Zone22,Neighbourhood49,Dwelling2
VR_103,N.B.,0.0,0.0,0.0,0.0,0.0,2018,centre4,Zone23,Neighbourhood50,Dwelling1
VR_104,N.B.,0.0,0.0,3.2,0.0,3.5,2018,centre4,Zone23,Neighbourhood50,Dwelling2
VR_105,N.B.,0.0,0.0,0.0,0.0,0.0,2018,centre4,Zone23,Neighbourhood51,Dwelling1
VR_106,N.B.,0.0,0.0,0.0,0.0,0.0,2018,centre4,Zone23,Neighbourhood51,Dwelling2
VR_107,N.B.,0.0,0.0,0.0,0.0,0.0,2018,centre4,Zone23,Neighbourhood52,Dwelling1
VR_108,N.B.,0.0,0.0,0.0,0.0,0.0,2018,centre4,Zone23,Neighbourhood52,Dwelling2
VR_109,N.B.,0.0,0.0,0.0,0.0,0.0,2018,centre4,Zone23,Neighbourhood53,Dwelling1
VR_110,N.B.,0.0,0.0,0.0,0.0,0.0,2018,centre4,Zone23,Neighbourhood53,Dwelling2
VR_111,Que,0.0,0.0,0.0,0.0,0.0,2018,centre5,Zone24,Neighbourhood54,Dwelling1
VR_112,Que,0.0,0.0,2.1,0.0,2.0,2018,centre5,Zone24,Neighbourhood54,Dwelling2
VR_113,Que,0.0,0.0,0.0,0.0,0.0,2018,centre5,Zone24,Neighbourhood55,Dwelling1
VR_114,Que,0.0,0.0,0.0,0.0,0.0,2018,centre5,Zone24,Neighbourhood55,Dwelling2
VR_115,Que,0.0,0.0,0.0,0.0,0.0,2018,centre5,Zone25,Neighbourhood56,Dwelling1
VR_116,Que,0.0,0.0,0.0,0.0,3.2,2018,centre5,Zone25,Neighbourhood56,Dwelling2
VR_117,Que,0.0,0.0,0.0,0.0,0.0,2018,centre5,Zone25,Neighbourhood57,Dwelling1
VR_118,Que,0.0,0.0,5.0,0.0,5.9,2018,centre5,Zone25,Neighbourhood57,Dwelling2
VR_119,Que,0.0,0.0,0.0,0.0,0.0,2018,centre5,Zone26,Neighbourhood58,Dwelling1
VR_120,Que,0.0,0.0,0.0,0.0,4.9,2018,centre5,Zone26,Neighbourhood58,Dwelling2
VR_121,Que,0.0,0.0,0.0,0.0,0.0,2018,centre5,Zone26,Neighbourhood59,Dwelling1
VR_122,Que,0.0,4.7,0.0,0.0,0.0,2018,centre5,Zone26,Neighbourhood59,Dwelling2
VR_123,Que,0.0,0.0,0.0,0.0,0.0,2018,centre5,Zone26,Neighbourhood60,Dwelling1
VR_124,Que,0.0,0.0,0.0,0.0,0.0,2018,centre5,Zone26,Neighbourhood60,Dwelling2
VR_125,Que,0.0,0.0,0.0,0.0,0.0,2018,centre5,Zone27,Neighbourhood61,Dwelling1
VR_126,Que,0.0,0.0,4.7,4.1,5.2,2018,centre5,Zone27,Neighbourhood61,Dwelling2
VR_127,Que,0.0,0.0,0.0,0.0,0.0,2018,centre6,Zone28,Neighbourhood62,Dwelling1
VR_128,Que,2.4,3.1,5.4,0.7,3.2,2018,centre6,Zone28,Neighbourhood62,Dwelling2
VR_129,Que,0.0,0.0,0.0,0.0,0.0,2018,centre6,Zone28,Neighbourhood63,Dwelling1
VR_130,Que,0.0,0.0,0.4,0.0,0.1,2018,centre6,Zone28,Neighbourhood63,Dwelling2
VR_131,Que,0.0,0.0,0.0,0.0,0.0,2018,centre6,Zone29,Neighbourhood64,Dwelling1
VR_132,Que,0.0,0.7,0.5,0.0,0.6,2018,centre6,Zone29,Neighbourhood64,Dwelling2
VR_133,Que,0.0,0.0,0.0,0.0,0.0,2018,centre6,Zone29,Neighbourhood65,Dwelling1
VR_134,Que,0.0,0.7,0.0,0.4,0.0,2018,centre6,Zone29,Neighbourhood65,Dwelling2
VR_135,Que,0.0,0.0,0.0,0.0,0.0,2018,centre6,Zone30,Neighbourhood66,Dwelling1
VR_136,Que,0.0,0.7,0.3,0.4,0.0,2018,centre6,Zone30,Neighbourhood66,Dwelling2
VR_137,Que,0.0,0.0,0.0,0.0,0.0,2018,centre6,Zone31,Neighbourhood67,Dwelling1
VR_138,Que,0.0,0.7,0.0,0.0,5.3,2018,centre6,Zone31,Neighbourhood67,Dwelling2
VR_139,Que,0.0,0.0,0.0,0.0,0.0,2018,centre6,Zone31,Neighbourhood68,Dwelling1
VR_140,Que,1.8,1.8,1.2,1.1,1.5,2018,centre6,Zone31,Neighbourhood68,Dwelling2
VR_141,Que,0.0,0.0,0.0,0.0,0.0,2018,centre6,Zone31,Neighbourhood69,Dwelling1
VR_142,Que,0.0,0.0,0.0,0.0,0.0,2018,centre6,Zone31,Neighbourhood69,Dwelling2
VR_143,Que,0.0,0.0,0.0,0.0,0.0,2018,centre6,Zone31,Neighbourhood70,Dwelling1
VR_144,Que,1.0,1.4,0.0,0.0,0.0,2018,centre6,Zone31,Neighbourhood70,Dwelling2
VR_145,Que,0.0,0.0,0.0,0.0,0.0,2018,centre6,Zone32,Neighbourhood71,Dwelling1
VR_146,Que,2.8,2.3,1.6,1.2,2.0,2018,centre6,Zone32,Neighbourhood71,Dwelling2
VR_147,Que,0.0,0.0,0.0,0.0,0.0,2018,centre6,Zone32,Neighbourhood72,Dwelling1
VR_148,Que,0.0,0.0,0.0,0.7,0.0,2018,centre6,Zone32,Neighbourhood72,Dwelling2
VR_149,Que,0.0,0.0,0.0,0.0,0.0,2018,centre6,Zone32,Neighbourhood73,Dwelling1
VR_150,Que,0.0,0.6,0.5,0.0,0.6,2018,centre6,Zone32,Neighbourhood73,Dwelling2
VR_151,Que,0.0,0.0,0.0,0.0,0.0,2018,centre6,Zone33,Neighbourhood74,Dwelling1
VR_152,Que,3.1,0.0,0.5,0.2,1.5,2018,centre6,Zone33,Neighbourhood74,Dwelling2
VR_153,Que,0.0,0.0,0.0,0.0,0.0,2018,centre6,Zone34,Neighbourhood75,Dwelling1
VR_154,Que,4.4,0.0,0.6,0.0,1.5,2018,centre6,Zone34,Neighbourhood75,Dwelling2
VR_155,Que,0.0,0.0,0.0,0.0,0.0,2018,centre6,Zone34,Neighbourhood76,Dwelling1
VR_156,Que,0.0,0.4,0.6,0.0,0.5,2018,centre6,Zone34,Neighbourhood76,Dwelling2
VR_157,Que,0.0,0.0,0.0,0.0,0.0,2018,centre6,Zone34,Neighbourhood77,Dwelling1
VR_158,Que,0.0,0.0,0.1,0.0,0.5,2018,centre6,Zone34,Neighbourhood77,Dwelling2
VR_159,Que,0.0,0.0,0.0,0.0,0.0,2018,centre6,Zone35,Neighbourhood78,Dwelling1
VR_160,Que,0.6,0.0,0.0,0.0,0.3,2018,centre6,Zone35,Neighbourhood78,Dwelling2
VR_161,Que,0.0,0.0,0.0,0.0,0.0,2018,centre6,Zone35,Neighbourhood79,Dwelling1
VR_162,Que,0.0,0.0,0.0,0.2,0.0,2018,centre6,Zone35,Neighbourhood79,Dwelling2
VR_163,Que,0.0,0.0,0.0,0.0,0.0,2018,centre6,Zone36,Neighbourhood80,Dwelling1
VR_164,Que,1.1,0.0,0.0,0.0,0.0,2018,centre6,Zone36,Neighbourhood80,Dwelling2
VR_165,Que,0.0,0.0,0.0,0.0,0.0,2018,centre6,Zone37,Neighbourhood81,Dwelling1
VR_166,Que,0.0,1.3,0.0,0.0,0.0,2018,centre6,Zone37,Neighbourhood81,Dwelling2
VR_167,Que,0.0,0.0,0.0,0.0,0.0,2018,centre6,Zone37,Neighbourhood82,Dwelling1
VR_168,Que,0.0,0.5,0.2,0.0,0.4,2018,centre6,Zone37,Neighbourhood82,Dwelling2
VR_169,Que,0.0,0.0,0.0,0.0,0.0,2018,centre6,Zone38,Neighbourhood83,Dwelling1
VR_170,Que,0.0,0.0,0.0,0.0,4.0,2018,centre6,Zone38,Neighbourhood83,Dwelling2
VR_171,Que,0.0,0.0,0.0,0.0,0.0,2018,centre6,Zone39,Neighbourhood84,Dwelling1
VR_172,Que,2.8,0.0,0.7,0.0,0.0,2018,centre6,Zone39,Neighbourhood84,Dwelling2
VR_173,Que,0.0,0.0,0.0,0.0,0.0,2018,centre6,Zone39,Neighbourhood85,Dwelling1
VR_174,Que,2.8,3.0,2.1,0.0,2.4,2018,centre6,Zone39,Neighbourhood85,Dwelling2
VR_175,Que,0.0,0.0,0.0,0.0,0.0,2018,centre6,Zone40,Neighbourhood86,Dwelling1
VR_176,Que,1.2,3.4,2.9,4.3,3.2,2018,centre6,Zone40,Neighbourhood86,Dwelling2
VR_177,Que,0.0,0.0,0.0,0.0,0.0,2018,centre6,Zone41,Neighbourhood87,Dwelling1
VR_178,Que,0.0,4.9,3.3,0.0,4.3,2018,centre6,Zone41,Neighbourhood87,Dwelling2
VR_179,Que,0.0,0.0,0.0,0.0,0.0,2018,centre6,Zone41,Neighbourhood88,Dwelling1
VR_180,Que,0.7,2.1,2.4,0.0,2.1,2018,centre6,Zone41,Neighbourhood88,Dwelling2
VR_181,Que,0.0,0.0,0.0,0.0,1.5,2018,centre6,Zone42,Neighbourhood89,Dwelling1
VR_182,Que,1.3,1.9,1.7,2.9,1.9,2018,centre6,Zone42,Neighbourhood89,Dwelling2
VR_183,Que,0.0,0.0,0.0,0.0,0.0,2018,centre6,Zone42,Neighbourhood90,Dwelling1
VR_184,Que,0.0,0.0,0.7,0.0,0.5,2018,centre6,Zone42,Neighbourhood90,Dwelling2
VR_185,Que,0.0,0.0,0.0,0.0,0.0,2018,centre6,Zone42,Neighbourhood91,Dwelling1
VR_186,Que,0.0,0.5,0.0,0.0,0.7,2018,centre6,Zone42,Neighbourhood91,Dwelling2
VR_187,Que,0.0,0.0,0.0,0.0,0.0,2018,centre6,Zone43,Neighbourhood92,Dwelling1
VR_188,Que,1.4,1.0,1.2,0.0,1.2,2018,centre6,Zone43,Neighbourhood92,Dwelling2
VR_189,Que,0.0,0.0,0.0,0.0,0.0,2018,centre6,Zone43,Neighbourhood93,Dwelling1
VR_190,Que,4.0,3.3,3.6,0.0,3.3,2018,centre6,Zone43,Neighbourhood93,Dwelling2
VR_191,Que,0.0,0.0,0.0,0.0,0.0,2018,centre6,Zone43,Neighbourhood94,Dwelling1
VR_192,Que,0.0,0.0,0.0,0.0,0.0,2018,centre6,Zone43,Neighbourhood94,Dwelling2
VR_193,Que,0.0,0.0,0.0,0.0,0.0,2018,centre6,Zone44,Neighbourhood95,Dwelling1
VR_194,Que,4.2,1.3,0.7,0.2,0.9,2018,centre6,Zone44,Neighbourhood95,Dwelling2
VR_195,Que,0.0,0.0,0.0,0.0,0.0,2018,centre6,Zone45,Neighbourhood96,Dwelling1
VR_196,Que,0.0,0.0,0.0,0.0,0.5,2018,centre6,Zone45,Neighbourhood96,Dwelling2
VR_197,Que,0.0,0.0,0.0,0.0,0.0,2018,centre6,Zone45,Neighbourhood97,Dwelling1
VR_198,Que,0.0,2.9,3.8,2.1,3.4,2018,centre6,Zone45,Neighbourhood97,Dwelling2
VR_199,Que,0.0,0.0,0.0,0.0,0.0,2018,centre6,Zone45,Neighbourhood98,Dwelling1
VR_200,Que,0.0,0.2,0.0,0.0,0.0,2018,centre6,Zone45,Neighbourhood98,Dwelling2
VR_201,Que,0.0,0.0,0.0,0.0,0.0,2018,centre6,Zone46,Neighbourhood99,Dwelling1
VR_202,Que,0.0,0.0,0.0,0.0,0.0,2018,centre6,Zone46,Neighbourhood99,Dwelling2
VR_203,Que,0.0,0.0,0.0,0.0,0.0,2018,centre6,Zone46,Neighbourhood100,Dwelling1
VR_204,Que,0.0,0.0,0.0,1.4,0.0,2018,centre6,Zone46,Neighbourhood100,Dwelling2
VR_205,Que,0.0,0.0,0.0,0.0,0.0,2018,centre6,Zone47,Neighbourhood101,Dwelling1
VR_206,Que,0.0,4.8,0.0,0.0,1.8,2018,centre6,Zone47,Neighbourhood101,Dwelling2
VR_207,Que,0.0,0.0,0.0,0.0,0.0,2018,centre6,Zone48,Neighbourhood102,Dwelling1
VR_208,Que,5.8,5.9,1.4,0.2,2.2,2018,centre6,Zone48,Neighbourhood102,Dwelling2
VR_209,Que,0.0,0.0,0.0,0.0,0.0,2018,centre6,Zone49,Neighbourhood103,Dwelling1
VR_210,Que,0.0,0.0,0.7,0.0,0.6,2018,centre6,Zone49,Neighbourhood103,Dwelling2
VR_211,Que,0.0,0.0,0.0,0.0,0.0,2018,centre6,Zone49,Neighbourhood104,Dwelling1
VR_212,Que,0.0,1.7,0.0,0.0,1.7,2018,centre6,Zone49,Neighbourhood104,Dwelling2
VR_213,Que,0.0,0.0,0.0,0.0,0.0,2018,centre6,Zone49,Neighbourhood105,Dwelling1
VR_214,Que,0.0,0.0,0.0,0.0,0.6,2018,centre6,Zone49,Neighbourhood105,Dwelling2
VR_215,Que,0.0,0.0,0.0,0.0,0.0,2018,centre6,Zone50,Neighbourhood106,Dwelling1
VR_216,Que,0.0,0.0,0.2,0.0,0.2,2018,centre6,Zone50,Neighbourhood106,Dwelling2
VR_217,Que,0.0,0.0,0.0,0.0,0.0,2018,centre6,Zone50,Neighbourhood107,Dwelling1
VR_218,Que,0.0,0.0,0.0,0.0,0.0,2018,centre6,Zone50,Neighbourhood107,Dwelling2
VR_219,Que,0.0,0.0,0.0,0.0,0.0,2018,centre6,Zone51,Neighbourhood108,Dwelling1
VR_220,Que,0.0,0.0,0.4,0.0,0.3,2018,centre6,Zone51,Neighbourhood108,Dwelling2
VR_221,Que,0.0,0.0,0.0,0.0,0.0,2018,centre6,Zone51,Neighbourhood109,Dwelling1
VR_222,Que,0.0,6.3,2.0,0.0,2.5,2018,centre6,Zone51,Neighbourhood109,Dwelling2
VR_223,Que,0.0,0.0,0.0,0.0,0.0,2018,centre6,Zone51,Neighbourhood110,Dwelling1
VR_224,Que,0.0,0.0,0.0,0.0,0.0,2018,centre6,Zone51,Neighbourhood110,Dwelling2
VR_225,Que,0.0,0.0,0.0,0.0,0.0,2018,centre6,Zone52,Neighbourhood111,Dwelling1
VR_226,Que,0.0,0.8,0.0,0.0,0.0,2018,centre6,Zone52,Neighbourhood111,Dwelling2
VR_227,Que,0.0,0.0,0.0,0.0,0.0,2018,centre6,Zone52,Neighbourhood112,Dwelling1
VR_228,Que,0.0,0.0,0.0,0.0,0.0,2018,centre6,Zone52,Neighbourhood112,Dwelling2
VR_229,Que,0.0,0.0,0.0,0.0,0.0,2018,centre6,Zone52,Neighbourhood113,Dwelling1
VR_230,Que,0.0,0.0,1.1,0.4,1.2,2018,centre6,Zone52,Neighbourhood113,Dwelling2
VR_231,Que,0.0,0.0,0.0,0.0,0.0,2018,centre6,Zone52,Neighbourhood114,Dwelling1
VR_232,Que,0.0,0.0,0.0,0.0,0.0,2018,centre6,Zone52,Neighbourhood114,Dwelling2
VR_233,Que,0.0,0.0,0.0,0.0,0.0,2018,centre6,Zone52,Neighbourhood115,Dwelling1
VR_234,Que,0.0,0.0,0.2,0.0,0.1,2018,centre6,Zone52,Neighbourhood115,Dwelling2
VR_235,Que,0.0,0.0,0.0,0.0,0.0,2018,centre6,Zone53,Neighbourhood116,Dwelling1
VR_236,Que,0.0,0.6,0.0,0.0,0.0,2018,centre6,Zone53,Neighbourhood116,Dwelling2
VR_237,Que,0.0,0.0,0.0,0.0,0.0,2018,centre6,Zone53,Neighbourhood117,Dwelling1
VR_238,Que,0.0,0.0,0.4,0.5,0.3,2018,centre6,Zone53,Neighbourhood117,Dwelling2
VR_239,Que,0.0,0.0,0.0,0.0,0.0,2018,centre6,Zone53,Neighbourhood118,Dwelling1
VR_240,Que,0.0,0.0,0.1,0.0,0.1,2018,centre6,Zone53,Neighbourhood118,Dwelling2
VR_241,Que,0.0,0.0,0.0,0.0,0.0,2018,centre6,Zone53,Neighbourhood119,Dwelling1
VR_242,Que,0.0,0.0,0.0,0.0,0.0,2018,centre6,Zone53,Neighbourhood119,Dwelling2
VR_243,Que,0.0,0.0,0.0,0.0,0.0,2018,centre6,Zone53,Neighbourhood120,Dwelling1
VR_244,Que,0.0,0.0,0.6,0.0,0.7,2018,centre6,Zone53,Neighbourhood120,Dwelling2
VR_245,Que,0.0,0.0,0.0,0.0,0.0,2018,centre6,Zone54,Neighbourhood121,Dwelling1
VR_246,Que,0.0,0.4,1.3,0.0,1.2,2018,centre6,Zone54,Neighbourhood121,Dwelling2
VR_247,Que,0.0,0.0,0.0,0.0,0.0,2018,centre6,Zone54,Neighbourhood122,Dwelling1
VR_248,Que,0.0,0.0,0.0,0.0,0.0,2018,centre6,Zone54,Neighbourhood122,Dwelling2
VR_249,Que,0.0,0.0,0.0,0.0,0.0,2018,centre6,Zone54,Neighbourhood123,Dwelling1
VR_250,Que,0.0,0.0,0.0,0.7,0.1,2018,centre6,Zone54,Neighbourhood123,Dwelling2
VR_251,Que,0.0,0.0,0.0,0.0,0.0,2018,centre6,Zone54,Neighbourhood124,Dwelling1
VR_252,Que,0.0,0.0,0.0,0.0,0.0,2018,centre6,Zone54,Neighbourhood124,Dwelling2
VR_253,Que,0.0,0.0,0.0,0.0,0.0,2018,centre6,Zone55,Neighbourhood125,Dwelling1
VR_254,Que,0.0,2.9,0.0,0.0,0.5,2018,centre6,Zone55,Neighbourhood125,Dwelling2
VR_255,Que,0.0,0.0,0.0,0.0,0.0,2018,centre6,Zone55,Neighbourhood126,Dwelling1
VR_256,Que,0.9,0.7,0.0,1.1,2.1,2018,centre6,Zone55,Neighbourhood126,Dwelling2
VR_257,Que,0.0,0.0,0.0,0.0,0.0,2018,centre6,Zone55,Neighbourhood127,Dwelling1
VR_258,Que,0.0,0.0,0.5,0.0,0.0,2018,centre6,Zone55,Neighbourhood127,Dwelling2
VR_259,Que,0.0,0.0,0.0,0.0,0.0,2018,centre6,Zone55,Neighbourhood128,Dwelling1
VR_260,Que,0.0,0.0,0.6,0.0,0.4,2018,centre6,Zone55,Neighbourhood128,Dwelling2
VR_261,Que,0.0,0.0,0.0,0.0,0.0,2018,centre6,Zone55,Neighbourhood129,Dwelling1
VR_262,Que,0.0,0.0,0.6,0.0,0.4,2018,centre6,Zone55,Neighbourhood129,Dwelling2
VR_263,Que,0.0,0.0,0.0,0.0,0.0,2018,centre6,Zone55,Neighbourhood130,Dwelling1
VR_264,Que,0.0,0.0,0.6,0.0,0.3,2018,centre6,Zone55,Neighbourhood130,Dwelling2
VR_265,Que,0.0,0.0,0.0,0.0,0.0,2018,centre6,Zone56,Neighbourhood131,Dwelling1
VR_266,Que,0.0,0.7,0.0,0.0,0.0,2018,centre6,Zone56,Neighbourhood131,Dwelling2
VR_267,Que,0.0,0.0,0.0,0.0,0.0,2018,centre6,Zone56,Neighbourhood132,Dwelling1
VR_268,Que,0.0,0.0,0.0,0.0,0.0,2018,centre6,Zone56,Neighbourhood132,Dwelling2
VR_269,Que,0.0,0.0,0.0,0.0,0.0,2018,centre6,Zone56,Neighbourhood133,Dwelling1
VR_270,Que,0.0,0.0,0.0,0.0,0.7,2018,centre6,Zone56,Neighbourhood133,Dwelling2
VR_271,Que,0.0,0.0,0.0,0.0,0.0,2018,centre6,Zone56,Neighbourhood134,Dwelling1
VR_272,Que,0.0,0.0,0.0,0.0,0.0,2018,centre6,Zone56,Neighbourhood134,Dwelling2
VR_273,Que,0.0,0.0,0.0,0.0,0.0,2018,centre6,Zone57,Neighbourhood135,Dwelling1
VR_274,Que,0.0,2.5,2.0,0.6,2.0,2018,centre6,Zone57,Neighbourhood135,Dwelling2
VR_275,Que,0.0,0.0,0.0,0.0,0.0,2018,centre6,Zone58,Neighbourhood136,Dwelling1
VR_276,Que,0.0,3.0,0.0,0.0,3.6,2018,centre6,Zone58,Neighbourhood136,Dwelling2
VR_277,Que,0.0,0.0,0.0,0.0,0.0,2018,centre6,Zone58,Neighbourhood137,Dwelling1
VR_278,Que,0.0,0.0,0.0,0.0,0.0,2018,centre6,Zone58,Neighbourhood137,Dwelling2
VR_279,Que,0.0,0.0,0.0,0.0,0.0,2018,centre6,Zone58,Neighbourhood138,Dwelling1
VR_280,Que,0.0,2.6,3.0,0.0,2.5,2018,centre6,Zone58,Neighbourhood138,Dwelling2
VR_281,Que,0.0,0.0,0.0,0.0,0.0,2018,centre6,Zone58,Neighbourhood139,Dwelling1
VR_282,Que,0.0,1.7,0.0,1.4,2.6,2018,centre6,Zone58,Neighbourhood139,Dwelling2
VR_283,Que,0.0,0.0,0.0,0.0,0.0,2018,centre6,Zone58,Neighbourhood140,Dwelling1
VR_284,Que,0.0,1.0,0.0,0.0,0.8,2018,centre6,Zone58,Neighbourhood140,Dwelling2
VR_285,Que,0.0,0.0,0.0,0.0,0.0,2018,centre6,Zone58,Neighbourhood141,Dwelling1
VR_286,Que,0.0,0.0,0.4,0.0,0.6,2018,centre6,Zone58,Neighbourhood141,Dwelling2
VR_287,Que,0.0,0.0,0.0,0.0,0.0,2018,centre6,Zone59,Neighbourhood142,Dwelling1
VR_288,Que,0.0,0.0,0.0,0.0,4.5,2018,centre6,Zone59,Neighbourhood142,Dwelling2
VR_289,Que,0.0,0.0,0.0,0.0,0.0,2018,centre6,Zone59,Neighbourhood143,Dwelling1
VR_290,Que,0.0,0.0,0.7,0.0,0.7,2018,centre6,Zone59,Neighbourhood143,Dwelling2
VR_291,Que,0.0,0.0,0.0,0.0,0.0,2018,centre6,Zone59,Neighbourhood144,Dwelling1
VR_292,Que,0.0,0.0,0.0,0.0,0.6,2018,centre6,Zone59,Neighbourhood144,Dwelling2
VR_293,Que,0.0,0.0,0.0,0.0,0.0,2018,centre6,Zone59,Neighbourhood145,Dwelling1
VR_294,Que,0.0,0.0,0.4,0.0,0.4,2018,centre6,Zone59,Neighbourhood145,Dwelling2
VR_295,Que,0.0,0.0,0.0,0.0,0.0,2018,centre6,Zone59,Neighbourhood146,Dwelling1
VR_296,Que,0.0,0.0,0.0,0.0,0.0,2018,centre6,Zone59,Neighbourhood146,Dwelling2
VR_297,Que,0.0,0.0,0.0,0.0,0.0,2018,centre6,Zone59,Neighbourhood147,Dwelling1
VR_298,Que,0.0,1.4,3.1,0.0,2.6,2018,centre6,Zone59,Neighbourhood147,Dwelling2
VR_299,Que,0.0,0.0,0.0,0.0,0.0,2018,centre6,Zone59,Neighbourhood148,Dwelling1
VR_300,Que,0.0,0.0,0.0,0.0,0.0,2018,centre6,Zone59,Neighbourhood148,Dwelling2
VR_301,Que,0.0,0.0,0.0,0.0,0.0,2018,centre6,Zone59,Neighbourhood149,Dwelling1
VR_302,Que,0.0,0.0,0.0,0.0,0.0,2018,centre6,Zone59,Neighbourhood149,Dwelling2
VR_303,Que,0.0,0.0,0.0,0.0,0.0,2018,centre6,Zone60,Neighbourhood150,Dwelling1
VR_304,Que,0.0,0.0,0.0,0.0,0.0,2018,centre6,Zone60,Neighbourhood150,Dwelling2
VR_305,Que,0.0,0.0,0.0,0.0,0.0,2018,centre6,Zone60,Neighbourhood151,Dwelling1
VR_306,Que,0.0,0.0,0.0,0.0,0.0,2018,centre6,Zone60,Neighbourhood151,Dwelling2
VR_307,Que,0.0,0.0,0.0,0.0,0.0,2018,centre6,Zone60,Neighbourhood152,Dwelling1
VR_308,Que,0.0,0.0,0.0,0.0,0.0,2018,centre6,Zone60,Neighbourhood152,Dwelling2
VR_309,Que,0.0,0.0,0.0,0.0,0.0,2018,centre6,Zone60,Neighbourhood153,Dwelling1
VR_310,Que,0.0,0.0,0.0,0.0,0.0,2018,centre6,Zone60,Neighbourhood153,Dwelling2
VR_311,Que,0.0,0.0,0.0,0.0,0.0,2018,centre6,Zone60,Neighbourhood154,Dwelling1
VR_312,Que,0.0,0.4,1.2,0.4,0.9,2018,centre6,Zone60,Neighbourhood154,Dwelling2
VR_313,Que,0.0,0.0,0.0,0.0,0.0,2018,centre6,Zone60,Neighbourhood155,Dwelling1
VR_314,Que,0.0,0.0,0.0,0.0,0.0,2018,centre6,Zone60,Neighbourhood155,Dwelling2
VR_315,Que,0.0,0.0,0.0,0.0,0.0,2018,centre6,Zone60,Neighbourhood156,Dwelling1
VR_316,Que,0.0,0.0,0.5,0.0,0.4,2018,centre6,Zone60,Neighbourhood156,Dwelling2
VR_317,Que,0.0,0.0,0.0,0.0,0.0,2018,centre6,Zone60,Neighbourhood157,Dwelling1
VR_318,Que,0.0,0.0,0.0,0.0,0.0,2018,centre6,Zone60,Neighbourhood157,Dwelling2
VR_319,Que,0.0,0.0,0.0,0.0,0.0,2018,centre6,Zone61,Neighbourhood158,Dwelling1
VR_320,Que,0.0,0.0,0.0,0.0,0.0,2018,centre6,Zone61,Neighbourhood158,Dwelling2
VR_321,Que,0.0,0.0,0.0,0.0,0.0,2018,centre6,Zone61,Neighbourhood159,Dwelling1
VR_322,Que,0.0,0.0,0.0,0.0,0.0,2018,centre6,Zone61,Neighbourhood159,Dwelling2
VR_323,Que,0.0,0.0,0.0,0.0,0.0,2018,centre6,Zone61,Neighbourhood160,Dwelling1
VR_324,Que,0.0,0.0,0.0,0.0,0.0,2018,centre6,Zone61,Neighbourhood160,Dwelling2
VR_325,Que,0.0,0.0,0.0,0.0,0.0,2018,centre6,Zone61,Neighbourhood161,Dwelling1
VR_326,Que,0.0,0.7,0.0,0.0,0.0,2018,centre6,Zone61,Neighbourhood161,Dwelling2
VR_327,Que,0.0,0.0,0.0,0.0,0.0,2018,centre6,Zone61,Neighbourhood162,Dwelling1
VR_328,Que,0.0,0.0,0.0,0.0,0.6,2018,centre6,Zone61,Neighbourhood162,Dwelling2
VR_329,Que,0.0,0.0,0.0,0.0,0.0,2018,centre6,Zone62,Neighbourhood163,Dwelling1
VR_330,Que,0.0,0.0,0.0,0.0,1.2,2018,centre6,Zone62,Neighbourhood163,Dwelling2
VR_331,Que,0.0,0.0,0.0,0.0,0.0,2018,centre6,Zone62,Neighbourhood164,Dwelling1
VR_332,Que,0.0,0.0,0.4,0.0,0.3,2018,centre6,Zone62,Neighbourhood164,Dwelling2
VR_333,Que,0.0,0.0,0.0,0.0,0.0,2018,centre6,Zone62,Neighbourhood165,Dwelling1
VR_334,Que,0.0,0.0,0.0,0.0,0.0,2018,centre6,Zone62,Neighbourhood165,Dwelling2
VR_335,Que,0.0,0.0,0.0,0.0,0.0,2018,centre6,Zone62,Neighbourhood166,Dwelling1
VR_336,Que,0.0,0.0,0.0,0.0,0.0,2018,centre6,Zone62,Neighbourhood166,Dwelling2
VR_337,Que,0.0,0.0,0.0,0.0,0.0,2018,centre6,Zone63,Neighbourhood167,Dwelling1
VR_338,Que,0.0,0.0,1.0,0.0,1.6,2018,centre6,Zone63,Neighbourhood167,Dwelling2
VR_339,Que,0.0,0.0,0.0,0.0,0.0,2018,centre6,Zone64,Neighbourhood168,Dwelling1
VR_340,Que,0.0,0.0,0.6,0.0,0.6,2018,centre6,Zone64,Neighbourhood168,Dwelling2
VR_341,Que,0.0,0.0,0.0,0.0,0.0,2018,centre6,Zone65,Neighbourhood169,Dwelling1
VR_342,Que,0.0,0.0,0.0,0.0,0.0,2018,centre6,Zone65,Neighbourhood169,Dwelling2
VR_343,Que,0.0,0.0,0.0,0.0,0.0,2018,centre6,Zone65,Neighbourhood170,Dwelling1
VR_344,Que,0.0,0.0,0.0,0.0,0.4,2018,centre6,Zone65,Neighbourhood170,Dwelling2
VR_345,Que,0.0,0.0,0.0,0.0,0.0,2018,centre6,Zone66,Neighbourhood171,Dwelling1
VR_346,Que,0.0,0.0,0.0,0.0,0.0,2018,centre6,Zone66,Neighbourhood171,Dwelling2
VR_347,Que,0.0,0.0,0.0,0.0,0.0,2018,centre7,Zone67,Neighbourhood172,Dwelling1
VR_348,Que,0.0,0.2,0.0,0.0,0.0,2018,centre7,Zone67,Neighbourhood172,Dwelling2
VR_349,Que,0.0,0.0,0.0,0.0,0.0,2018,centre7,Zone67,Neighbourhood173,Dwelling1
VR_350,Que,2.2,0.7,1.1,0.8,1.0,2018,centre7,Zone67,Neighbourhood173,Dwelling2
VR_351,Que,0.0,0.0,0.0,0.0,0.0,2018,centre7,Zone68,Neighbourhood174,Dwelling1
VR_352,Que,0.0,0.0,0.0,0.0,0.0,2018,centre7,Zone68,Neighbourhood174,Dwelling2
VR_353,Que,0.0,0.0,0.0,0.0,0.0,2018,centre7,Zone68,Neighbourhood175,Dwelling1
VR_354,Que,2.6,3.2,0.0,0.0,2.5,2018,centre7,Zone68,Neighbourhood175,Dwelling2
VR_355,Que,0.0,0.0,0.0,0.0,0.0,2018,centre7,Zone68,Neighbourhood176,Dwelling1
VR_356,Que,0.0,0.0,0.0,0.0,0.7,2018,centre7,Zone68,Neighbourhood176,Dwelling2
VR_357,Que,0.0,0.0,0.0,0.0,0.0,2018,centre7,Zone69,Neighbourhood177,Dwelling1
VR_358,Que,0.0,0.2,0.7,0.0,0.0,2018,centre7,Zone69,Neighbourhood177,Dwelling2
VR_359,Que,0.0,0.0,0.0,0.0,0.0,2018,centre7,Zone69,Neighbourhood178,Dwelling1
VR_360,Que,0.0,0.5,0.3,0.8,0.5,2018,centre7,Zone69,Neighbourhood178,Dwelling2
VR_361,Que,0.0,0.0,0.0,0.0,0.0,2018,centre7,Zone69,Neighbourhood179,Dwelling1
VR_362,Que,0.0,0.0,0.0,0.0,0.0,2018,centre7,Zone69,Neighbourhood179,Dwelling2
VR_363,Que,0.0,0.0,0.0,0.0,0.0,2018,centre7,Zone69,Neighbourhood180,Dwelling1
VR_364,Que,0.0,0.0,0.0,0.0,0.0,2018,centre7,Zone69,Neighbourhood180,Dwelling2
VR_365,Que,0.0,0.0,0.0,0.0,0.0,2018,centre7,Zone69,Neighbourhood181,Dwelling1
VR_366,Que,0.0,0.0,0.0,0.0,0.0,2018,centre7,Zone69,Neighbourhood181,Dwelling2
VR_367,Que,0.0,0.0,0.0,0.0,0.0,2018,centre7,Zone70,Neighbourhood182,Dwelling1
VR_368,Que,0.0,0.0,0.0,0.0,0.0,2018,centre7,Zone70,Neighbourhood182,Dwelling2
VR_369,Que,0.0,0.0,0.0,0.0,0.0,2018,centre7,Zone70,Neighbourhood183,Dwelling1
VR_370,Que,0.0,0.0,0.0,0.0,0.0,2018,centre7,Zone70,Neighbourhood183,Dwelling2
VR_371,Que,0.0,0.0,0.0,0.0,0.0,2018,centre8,Zone71,Neighbourhood184,Dwelling1
VR_372,Que,0.0,0.0,0.0,0.0,0.0,2018,centre8,Zone71,Neighbourhood184,Dwelling2
VR_373,Que,0.0,0.0,0.0,0.0,0.0,2018,centre8,Zone71,Neighbourhood185,Dwelling1
VR_374,Que,5.6,0.0,0.4,0.4,2.5,2018,centre8,Zone71,Neighbourhood185,Dwelling2
VR_375,Que,0.0,0.0,0.0,0.0,0.0,2018,centre8,Zone71,Neighbourhood186,Dwelling1
VR_376,Que,1.8,2.9,0.0,0.0,2.4,2018,centre8,Zone71,Neighbourhood186,Dwelling2
VR_377,Que,0.0,0.0,0.0,0.0,0.0,2018,centre8,Zone71,Neighbourhood187,Dwelling1
VR_378,Que,1.1,1.5,0.0,0.0,2.8,2018,centre8,Zone71,Neighbourhood187,Dwelling2
VR_379,Que,0.0,0.0,0.0,0.0,0.0,2018,centre8,Zone72,Neighbourhood188,Dwelling1
VR_380,Que,0.0,0.4,0.1,0.0,0.0,2018,centre8,Zone72,Neighbourhood188,Dwelling2
VR_381,Que,0.0,0.0,0.0,0.0,0.0,2018,centre8,Zone72,Neighbourhood189,Dwelling1
VR_382,Que,0.0,0.0,0.0,0.0,0.0,2018,centre8,Zone72,Neighbourhood189,Dwelling2
VR_383,Que,0.0,0.0,0.0,0.0,0.0,2018,centre8,Zone72,Neighbourhood190,Dwelling1
VR_384,Que,0.0,5.0,1.5,0.5,2.3,2018,centre8,Zone72,Neighbourhood190,Dwelling2
VR_385,Que,0.0,0.0,0.0,0.0,0.0,2018,centre8,Zone73,Neighbourhood191,Dwelling1
VR_386,Que,0.0,0.0,0.3,0.0,1.4,2018,centre8,Zone73,Neighbourhood191,Dwelling2
VR_387,Que,0.0,0.0,0.0,0.0,0.0,2018,centre8,Zone73,Neighbourhood192,Dwelling1
VR_388,Que,3.0,2.9,3.9,4.4,3.5,2018,centre8,Zone73,Neighbourhood192,Dwelling2
VR_389,Que,0.0,0.0,0.0,0.0,0.0,2018,centre8,Zone73,Neighbourhood193,Dwelling1
VR_390,Que,2.4,4.6,7.7,2.3,5.6,2018,centre8,Zone73,Neighbourhood193,Dwelling2
VR_391,Que,0.0,0.0,0.0,0.0,0.0,2018,centre8,Zone74,Neighbourhood194,Dwelling1
VR_392,Que,0.0,2.3,4.1,0.0,3.6,2018,centre8,Zone74,Neighbourhood194,Dwelling2
VR_393,Que,0.0,0.0,0.0,0.0,0.0,2018,centre8,Zone74,Neighbourhood195,Dwelling1
VR_394,Que,0.0,0.0,3.5,0.9,3.6,2018,centre8,Zone74,Neighbourhood195,Dwelling2
VR_395,Que,0.0,0.0,0.0,0.0,0.0,2018,centre8,Zone74,Neighbourhood196,Dwelling1
VR_396,Que,0.0,0.0,2.3,0.0,2.4,2018,centre8,Zone74,Neighbourhood196,Dwelling2
VR_397,Que,0.0,0.0,0.0,0.0,0.0,2018,centre8,Zone74,Neighbourhood197,Dwelling1
VR_398,Que,0.0,7.0,3.4,0.0,4.9,2018,centre8,Zone74,Neighbourhood197,Dwelling2
VR_399,Que,0.0,0.0,0.0,0.0,0.0,2018,centre8,Zone75,Neighbourhood198,Dwelling1
VR_400,Que,0.0,0.0,0.0,0.0,4.5,2018,centre8,Zone75,Neighbourhood198,Dwelling2
VR_401,Que,0.0,0.0,0.0,0.0,0.0,2018,centre8,Zone75,Neighbourhood199,Dwelling1
VR_402,Que,0.0,2.0,3.9,3.5,3.6,2018,centre8,Zone75,Neighbourhood199,Dwelling2
VR_403,Que,0.0,0.0,0.0,0.0,0.0,2018,centre8,Zone75,Neighbourhood200,Dwelling1
VR_404,Que,0.0,0.0,0.0,0.0,0.0,2018,centre8,Zone75,Neighbourhood200,Dwelling2
VR_405,Que,0.0,0.0,0.0,0.0,0.0,2018,centre8,Zone75,Neighbourhood201,Dwelling1
VR_406,Que,0.0,0.0,0.5,0.0,0.0,2018,centre8,Zone75,Neighbourhood201,Dwelling2
VR_407,Que,0.0,0.0,0.0,0.0,0.0,2018,centre8,Zone76,Neighbourhood202,Dwelling1
VR_408,Que,3.6,1.8,3.2,1.8,2.7,2018,centre8,Zone76,Neighbourhood202,Dwelling2
VR_409,Que,0.0,0.0,0.0,0.0,0.0,2018,centre8,Zone76,Neighbourhood203,Dwelling1
VR_410,Que,0.0,2.2,2.7,0.0,2.8,2018,centre8,Zone76,Neighbourhood203,Dwelling2
VR_411,Que,0.0,0.0,0.0,0.0,0.0,2018,centre8,Zone76,Neighbourhood204,Dwelling1
VR_412,Que,0.0,0.0,0.0,0.0,0.0,2018,centre8,Zone76,Neighbourhood204,Dwelling2
VR_413,Que,0.0,0.0,0.0,0.0,0.0,2018,centre8,Zone77,Neighbourhood205,Dwelling1
VR_414,Que,0.0,0.8,2.9,0.0,3.5,2018,centre8,Zone77,Neighbourhood205,Dwelling2
VR_415,Que,0.0,0.0,0.0,0.0,0.0,2018,centre8,Zone77,Neighbourhood206,Dwelling1
VR_416,Que,0.0,3.2,4.6,0.0,4.0,2018,centre8,Zone77,Neighbourhood206,Dwelling2
VR_417,Que,0.0,0.0,0.0,0.0,0.0,2018,centre8,Zone77,Neighbourhood207,Dwelling1
VR_418,Que,0.0,0.0,0.4,0.0,0.0,2018,centre8,Zone77,Neighbourhood207,Dwelling2
VR_419,Que,0.0,0.0,0.0,0.0,0.0,2018,centre8,Zone78,Neighbourhood208,Dwelling1
VR_420,Que,0.0,0.0,0.0,0.0,1.4,2018,centre8,Zone78,Neighbourhood208,Dwelling2
VR_421,Que,0.0,0.0,0.0,0.0,0.0,2018,centre8,Zone78,Neighbourhood209,Dwelling1
VR_422,Que,0.0,0.0,0.0,0.0,0.0,2018,centre8,Zone78,Neighbourhood209,Dwelling2
VR_423,Que,0.0,0.0,0.0,0.0,0.0,2018,centre8,Zone78,Neighbourhood210,Dwelling1
VR_424,Que,0.0,0.0,1.3,0.0,1.4,2018,centre8,Zone78,Neighbourhood210,Dwelling2
VR_425,Que,0.0,0.0,0.0,0.0,0.0,2018,centre8,Zone79,Neighbourhood211,Dwelling1
VR_426,Que,0.0,0.0,1.8,0.0,3.6,2018,centre8,Zone79,Neighbourhood211,Dwelling2
VR_427,Que,0.0,0.0,0.0,0.0,0.0,2018,centre8,Zone79,Neighbourhood212,Dwelling1
VR_428,Que,0.0,36.5,12.2,0.0,16.0,2018,centre8,Zone79,Neighbourhood212,Dwelling2
VR_429,Que,0.0,0.0,0.0,0.0,0.0,2018,centre8,Zone80,Neighbourhood213,Dwelling1
VR_430,Que,0.0,0.0,5.9,0.0,5.1,2018,centre8,Zone80,Neighbourhood213,Dwelling2
VR_431,Que,0.0,0.0,0.0,0.0,0.0,2018,centre8,Zone80,Neighbourhood214,Dwelling1
VR_432,Que,0.0,0.0,0.0,5.8,0.0,2018,centre8,Zone80,Neighbourhood214,Dwelling2
VR_433,Que,0.0,0.0,0.0,0.0,0.0,2018,centre8,Zone80,Neighbourhood215,Dwelling1
VR_434,Que,0.0,0.0,0.0,0.0,0.0,2018,centre8,Zone80,Neighbourhood215,Dwelling2
VR_435,Que,0.0,0.0,0.0,0.0,0.0,2018,centre8,Zone81,Neighbourhood216,Dwelling1
VR_436,Que,0.0,10.6,4.1,0.0,5.1,2018,centre8,Zone81,Neighbourhood216,Dwelling2
VR_437,Que,0.0,0.0,0.0,0.0,0.0,2018,centre8,Zone81,Neighbourhood217,Dwelling1
VR_438,Que,0.0,0.0,0.0,0.0,0.0,2018,centre8,Zone81,Neighbourhood217,Dwelling2
VR_439,Que,0.0,0.0,0.0,0.0,0.0,2018,centre8,Zone81,Neighbourhood218,Dwelling1
VR_440,Que,0.0,0.0,0.0,0.0,0.0,2018,centre8,Zone81,Neighbourhood218,Dwelling2
VR_441,Que,0.0,0.0,0.0,0.0,0.0,2018,centre8,Zone82,Neighbourhood219,Dwelling1
VR_442,Que,0.0,0.0,8.1,0.0,6.4,2018,centre8,Zone82,Neighbourhood219,Dwelling2
VR_443,Que,0.0,0.0,0.0,0.0,0.0,2018,centre8,Zone82,Neighbourhood220,Dwelling1
VR_444,Que,0.0,0.0,3.2,0.0,3.1,2018,centre8,Zone82,Neighbourhood220,Dwelling2
VR_445,Que,0.0,0.0,0.0,0.0,0.0,2018,centre8,Zone82,Neighbourhood221,Dwelling1
VR_446,Que,0.0,0.0,1.9,0.0,2.1,2018,centre8,Zone82,Neighbourhood221,Dwelling2
VR_447,Que,0.0,0.0,0.0,0.0,0.0,2018,centre8,Zone82,Neighbourhood222,Dwelling1
VR_448,Que,0.0,0.0,0.0,0.0,0.0,2018,centre8,Zone82,Neighbourhood222,Dwelling2
VR_449,Que,0.0,0.0,0.0,0.0,0.0,2018,centre8,Zone83,Neighbourhood223,Dwelling1
VR_450,Que,0.0,5.9,2.0,0.7,2.3,2018,centre8,Zone83,Neighbourhood223,Dwelling2
VR_451,Que,0.0,0.0,0.0,0.0,0.0,2018,centre8,Zone83,Neighbourhood224,Dwelling1
VR_452,Que,0.0,0.7,3.1,0.0,2.2,2018,centre8,Zone83,Neighbourhood224,Dwelling2
VR_453,Que,0.0,0.0,0.0,0.0,0.0,2018,centre8,Zone83,Neighbourhood225,Dwelling1
VR_454,Que,0.0,0.0,5.1,0.0,4.3,2018,centre8,Zone83,Neighbourhood225,Dwelling2
VR_455,Que,0.0,0.0,0.0,0.0,0.0,2018,centre8,Zone83,Neighbourhood226,Dwelling1
VR_456,Que,0.0,0.0,0.0,0.0,0.0,2018,centre8,Zone83,Neighbourhood226,Dwelling2
VR_457,Que,0.0,0.0,0.0,0.0,0.0,2018,centre8,Zone83,Neighbourhood227,Dwelling1
VR_458,Que,0.0,0.0,0.0,0.0,0.0,2018,centre8,Zone83,Neighbourhood227,Dwelling2
VR_459,Que,0.0,0.0,0.0,0.0,0.0,2018,centre9,Zone84,Neighbourhood228,Dwelling1
VR_460,Que,0.0,3.9,2.6,3.4,3.6,2018,centre9,Zone84,Neighbourhood228,Dwelling2
VR_461,Que,0.0,0.0,0.0,0.0,0.0,2018,centre9,Zone85,Neighbourhood229,Dwelling1
VR_462,Que,5.1,4.1,3.7,0.0,3.8,2018,centre9,Zone85,Neighbourhood229,Dwelling2
VR_463,Que,0.0,0.0,0.0,0.0,0.0,2018,centre9,Zone86,Neighbourhood230,Dwelling1
VR_464,Que,2.2,0.0,2.8,2.8,2.4,2018,centre9,Zone86,Neighbourhood230,Dwelling2
VR_465,Que,0.0,0.0,0.0,0.0,0.0,2018,centre9,Zone87,Neighbourhood231,Dwelling1
VR_466,Que,3.4,1.3,1.9,2.4,2.0,2018,centre9,Zone87,Neighbourhood231,Dwelling2
VR_467,Que,0.0,0.0,0.0,0.0,0.0,2018,centre9,Zone88,Neighbourhood232,Dwelling1
VR_468,Que,0.0,1.8,1.8,0.0,2.1,2018,centre9,Zone88,Neighbourhood232,Dwelling2
VR_469,Que,0.0,0.0,0.0,0.0,0.0,2018,centre9,Zone89,Neighbourhood233,Dwelling1
VR_470,Que,0.0,1.2,1.4,1.1,1.2,2018,centre9,Zone89,Neighbourhood233,Dwelling2
VR_471,Que,0.0,0.0,0.0,0.0,0.0,2018,centre9,Zone90,Neighbourhood234,Dwelling1
VR_472,Que,12.7,6.7,2.5,3.3,3.9,2018,centre9,Zone90,Neighbourhood234,Dwelling2
VR_473,Que,0.0,0.0,0.0,0.0,0.0,2018,centre9,Zone91,Neighbourhood235,Dwelling1
VR_474,Que,3.3,1.7,1.0,0.8,1.1,2018,centre9,Zone91,Neighbourhood235,Dwelling2
VR_475,Que,0.0,0.0,0.0,0.0,0.0,2018,centre9,Zone92,Neighbourhood236,Dwelling1
VR_476,Que,0.0,0.7,2.4,5.0,2.5,2018,centre9,Zone92,Neighbourhood236,Dwelling2
VR_477,Que,0.0,0.0,0.0,0.0,0.0,2018,centre9,Zone3,Neighbourhood3,Dwelling1
VR_478,Que,0.0,0.0,0.0,0.0,0.0,2018,centre9,Zone3,Neighbourhood3,Dwelling2
VR_479,Que,0.0,0.0,0.0,0.0,0.0,2018,centre10,Zone93,Neighbourhood237,Dwelling1
VR_480,Que,0.0,0.0,0.0,0.0,0.0,2018,centre10,Zone93,Neighbourhood237,Dwelling2
VR_481,Que,0.0,0.0,0.0,0.0,0.0,2018,centre10,Zone93,Neighbourhood238,Dwelling1
VR_482,Que,0.0,0.0,0.0,0.0,0.0,2018,centre10,Zone93,Neighbourhood238,Dwelling2
VR_483,Que,0.0,0.0,0.0,0.0,0.0,2018,centre10,Zone93,Neighbourhood239,Dwelling1
VR_484,Que,0.0,0.0,0.0,0.0,0.0,2018,centre10,Zone93,Neighbourhood239,Dwelling2
VR_485,Que,0.0,0.0,0.0,0.0,0.0,2018,centre10,Zone94,Neighbourhood240,Dwelling1
VR_486,Que,5.3,3.0,2.7,7.1,3.7,2018,centre10,Zone94,Neighbourhood240,Dwelling2
VR_487,Que,0.0,0.0,0.0,0.0,0.0,2018,centre10,Zone24,Neighbourhood241,Dwelling1
VR_488,Que,0.0,2.2,1.5,4.1,2.7,2018,centre10,Zone24,Neighbourhood241,Dwelling2
VR_489,Que,0.0,0.0,0.0,0.0,0.0,2018,centre10,Zone95,Neighbourhood242,Dwelling1
VR_490,Que,0.0,0.0,0.0,0.0,2.2,2018,centre10,Zone95,Neighbourhood242,Dwelling2
VR_491,Que,0.0,0.0,0.0,0.0,0.0,2018,centre10,Zone95,Neighbourhood243,Dwelling1
VR_492,Que,0.0,0.0,0.7,0.0,2.2,2018,centre10,Zone95,Neighbourhood243,Dwelling2
VR_493,Que,0.0,0.0,0.0,0.0,0.0,2018,centre10,Zone96,Neighbourhood244,Dwelling1
VR_494,Que,0.0,0.0,2.4,1.7,1.9,2018,centre10,Zone96,Neighbourhood244,Dwelling2
VR_495,Que,0.0,0.0,0.0,0.0,0.0,2018,centre10,Zone97,Neighbourhood245,Dwelling1
VR_496,Que,0.0,0.0,0.0,0.0,3.7,2018,centre10,Zone97,Neighbourhood245,Dwelling2
VR_497,Que,0.0,0.0,0.0,0.0,0.0,2018,centre10,Zone97,Neighbourhood246,Dwelling1
VR_498,Que,0.0,3.9,5.1,0.0,4.9,2018,centre10,Zone97,Neighbourhood246,Dwelling2
VR_499,Que,0.0,0.0,0.0,0.0,0.0,2018,centre10,Zone98,Neighbourhood247,Dwelling1
VR_500,Que,0.0,0.0,0.0,0.0,0.0,2018,centre10,Zone98,Neighbourhood247,Dwelling2
VR_501,Que,0.0,0.0,0.0,0.0,0.0,2018,centre10,Zone98,Neighbourhood248,Dwelling1
VR_502,Que,0.0,0.0,0.0,0.0,0.0,2018,centre10,Zone98,Neighbourhood248,Dwelling2
VR_503,Que,0.0,0.0,0.0,0.0,0.0,2018,centre10,Zone98,Neighbourhood249,Dwelling1
VR_504,Que,0.0,0.0,0.0,0.0,0.0,2018,centre10,Zone98,Neighbourhood249,Dwelling2
VR_505,Que,0.0,0.0,0.0,0.0,0.0,2018,centre10,Zone99,Neighbourhood250,Dwelling1
VR_506,Que,0.0,0.0,0.0,0.0,0.0,2018,centre10,Zone99,Neighbourhood250,Dwelling2
VR_507,Que,0.0,0.0,0.0,0.0,0.0,2018,centre10,Zone99,Neighbourhood251,Dwelling1
VR_508,Que,0.0,0.0,0.0,0.0,0.4,2018,centre10,Zone99,Neighbourhood251,Dwelling2
VR_509,Ont.,0.0,0.0,0.0,0.0,0.0,2018,centre11,Zone100,Neighbourhood252,Dwelling1
VR_510,Ont.,0.0,2.8,3.3,0.0,3.2,2018,centre11,Zone100,Neighbourhood252,Dwelling2
VR_511,Ont.,0.0,0.0,0.0,0.0,0.0,2018,centre11,Zone100,Neighbourhood253,Dwelling1
VR_512,Ont.,0.0,0.0,3.3,0.0,3.1,2018,centre11,Zone100,Neighbourhood253,Dwelling2
VR_513,Ont.,0.0,0.0,0.0,0.0,0.0,2018,centre11,Zone100,Neighbourhood254,Dwelling1
VR_514,Ont.,0.0,1.7,1.4,4.1,1.8,2018,centre11,Zone100,Neighbourhood254,Dwelling2
VR_515,Ont.,0.0,0.0,0.0,0.0,0.0,2018,centre11,Zone100,Neighbourhood255,Dwelling1
VR_516,Ont.,0.0,4.0,3.4,0.0,3.6,2018,centre11,Zone100,Neighbourhood255,Dwelling2
VR_517,Ont.,0.0,0.0,0.0,6.9,5.2,2018,centre11,Zone100,Neighbourhood256,Dwelling1
VR_518,Ont.,0.0,0.0,0.0,0.0,1.3,2018,centre11,Zone100,Neighbourhood256,Dwelling2
VR_519,Ont.,0.0,0.0,0.0,0.0,0.0,2018,centre11,Zone100,Neighbourhood257,Dwelling1
VR_520,Ont.,0.0,0.0,0.0,0.0,0.0,2018,centre11,Zone100,Neighbourhood257,Dwelling2
VR_521,Ont.,0.0,0.0,0.0,0.0,0.0,2018,centre11,Zone100,Neighbourhood258,Dwelling1
VR_522,Ont.,0.0,0.0,0.0,0.0,0.0,2018,centre11,Zone100,Neighbourhood258,Dwelling2
VR_523,Ont.,0.0,0.0,0.0,0.0,0.0,2018,centre12,Zone101,Neighbourhood259,Dwelling1
VR_524,Ont.,2.2,2.5,2.6,0.7,2.4,2018,centre12,Zone101,Neighbourhood259,Dwelling2
VR_525,Ont.,0.0,0.0,0.0,0.0,0.0,2018,centre12,Zone101,Neighbourhood252,Dwelling1
VR_526,Ont.,0.0,0.0,0.0,0.0,0.0,2018,centre12,Zone101,Neighbourhood252,Dwelling2
VR_527,Ont.,0.0,0.0,0.0,0.0,0.0,2018,centre12,Zone101,Neighbourhood260,Dwelling1
VR_528,Ont.,0.0,0.7,2.1,0.0,1.7,2018,centre12,Zone101,Neighbourhood260,Dwelling2
VR_529,Ont.,0.0,0.0,0.0,0.0,0.0,2018,centre12,Zone101,Neighbourhood261,Dwelling1
VR_530,Ont.,0.0,1.0,4.8,0.0,3.4,2018,centre12,Zone101,Neighbourhood261,Dwelling2
VR_531,Ont.,0.0,0.0,0.0,0.0,0.0,2018,centre12,Zone101,Neighbourhood262,Dwelling1
VR_532,Ont.,0.0,0.0,0.0,0.0,0.0,2018,centre12,Zone101,Neighbourhood262,Dwelling2
VR_533,Ont.,0.0,0.0,0.0,0.0,0.0,2018,centre12,Zone102,Neighbourhood263,Dwelling1
VR_534,Ont.,0.0,0.0,0.4,0.0,0.8,2018,centre12,Zone102,Neighbourhood263,Dwelling2
VR_535,Ont.,0.0,0.0,0.0,0.0,0.0,2018,centre12,Zone102,Neighbourhood264,Dwelling1
VR_536,Ont.,0.0,5.4,2.0,0.0,2.9,2018,centre12,Zone102,Neighbourhood264,Dwelling2
VR_537,Ont.,0.0,0.0,0.0,0.0,0.0,2018,centre13,Zone103,Neighbourhood265,Dwelling1
VR_538,Ont.,0.0,0.0,1.1,0.0,0.5,2018,centre13,Zone103,Neighbourhood265,Dwelling2
VR_539,Ont.,0.0,0.0,0.0,0.0,0.0,2018,centre13,Zone103,Neighbourhood266,Dwelling1
VR_540,Ont.,0.0,0.0,2.7,0.0,1.8,2018,centre13,Zone103,Neighbourhood266,Dwelling2
VR_541,Ont.,0.0,0.0,0.0,0.0,0.0,2018,centre13,Zone103,Neighbourhood267,Dwelling1
VR_542,Ont.,0.0,0.5,0.0,0.0,0.3,2018,centre13,Zone103,Neighbourhood267,Dwelling2
VR_543,Ont.,0.0,0.0,0.7,0.0,0.2,2018,centre13,Zone103,Neighbourhood268,Dwelling1
VR_544,Ont.,0.0,1.3,0.3,0.0,0.8,2018,centre13,Zone103,Neighbourhood268,Dwelling2
VR_545,Ont.,0.0,0.0,0.0,0.0,0.0,2018,centre13,Zone103,Neighbourhood269,Dwelling1
VR_546,Ont.,0.0,0.0,3.8,4.0,3.9,2018,centre13,Zone103,Neighbourhood269,Dwelling2
VR_547,Ont.,0.0,0.0,0.0,0.0,0.0,2018,centre13,Zone103,Neighbourhood270,Dwelling1
VR_548,Ont.,0.0,0.0,0.0,0.0,0.0,2018,centre13,Zone103,Neighbourhood270,Dwelling2
VR_549,Ont.,0.0,0.0,0.0,0.0,3.5,2018,centre14,Zone20,Neighbourhood46,Dwelling1
VR_550,Ont.,2.1,1.5,1.0,0.0,1.2,2018,centre14,Zone20,Neighbourhood46,Dwelling2
VR_551,Ont.,0.0,0.0,0.0,0.0,0.0,2018,centre14,Zone19,Neighbourhood271,Dwelling1
VR_552,Ont.,0.0,1.7,1.3,0.0,1.5,2018,centre14,Zone19,Neighbourhood271,Dwelling2
VR_553,Ont.,0.0,0.0,0.0,0.3,0.2,2018,centre14,Zone19,Neighbourhood272,Dwelling1
VR_554,Ont.,0.0,1.1,0.0,0.0,1.3,2018,centre14,Zone19,Neighbourhood272,Dwelling2
VR_555,Ont.,0.0,0.0,0.0,0.0,0.0,2018,centre14,Zone22,Neighbourhood49,Dwelling1
VR_556,Ont.,0.0,0.0,1.4,0.0,2.1,2018,centre14,Zone22,Neighbourhood49,Dwelling2
VR_557,Ont.,0.0,0.0,0.0,0.0,0.0,2018,centre14,Zone104,Neighbourhood273,Dwelling1
VR_558,Ont.,0.0,0.0,0.0,0.0,0.0,2018,centre14,Zone104,Neighbourhood273,Dwelling2
VR_559,Ont.,0.0,0.0,0.0,0.0,0.0,2018,centre15,Zone105,Neighbourhood274,Dwelling1
VR_560,Ont.,0.0,2.6,3.6,0.0,3.1,2018,centre15,Zone105,Neighbourhood274,Dwelling2
VR_561,Ont.,0.0,0.0,0.0,0.0,0.0,2018,centre15,Zone105,Neighbourhood275,Dwelling1
VR_562,Ont.,0.0,2.0,1.6,3.2,2.6,2018,centre15,Zone105,Neighbourhood275,Dwelling2
VR_563,Ont.,0.0,0.0,0.0,0.0,0.0,2018,centre15,Zone105,Neighbourhood276,Dwelling1
VR_564,Ont.,0.0,3.3,0.0,0.0,3.3,2018,centre15,Zone105,Neighbourhood276,Dwelling2
VR_565,Ont.,0.0,0.0,0.0,0.0,0.0,2018,centre15,Zone106,Neighbourhood277,Dwelling1
VR_566,Ont.,0.0,1.2,0.0,0.0,0.0,2018,centre15,Zone106,Neighbourhood277,Dwelling2
VR_567,Ont.,0.0,0.0,0.0,0.0,0.0,2018,centre15,Zone106,Neighbourhood278,Dwelling1
VR_568,Ont.,0.0,3.5,3.3,0.0,5.0,2018,centre15,Zone106,Neighbourhood278,Dwelling2
VR_569,Ont.,0.0,0.0,0.0,2.0,1.9,2018,centre15,Zone107,Neighbourhood279,Dwelling1
VR_570,Ont.,0.0,5.4,3.7,4.7,4.3,2018,centre15,Zone107,Neighbourhood279,Dwelling2
VR_571,Ont.,0.0,0.0,0.0,0.0,0.0,2018,centre15,Zone107,Neighbourhood280,Dwelling1
VR_572,Ont.,0.0,4.8,3.7,6.1,4.2,2018,centre15,Zone107,Neighbourhood280,Dwelling2
VR_573,Ont.,0.0,0.0,0.0,0.0,0.0,2018,centre15,Zone108,Neighbourhood281,Dwelling1
VR_574,Ont.,0.0,0.0,0.0,0.0,0.0,2018,centre15,Zone108,Neighbourhood281,Dwelling2
VR_575,Ont.,0.0,0.0,0.0,0.0,0.0,2018,centre15,Zone108,Neighbourhood282,Dwelling1
VR_576,Ont.,0.0,3.6,3.5,0.0,0.0,2018,centre15,Zone108,Neighbourhood282,Dwelling2
VR_577,Ont.,0.0,0.0,0.0,0.0,0.0,2018,centre15,Zone108,Neighbourhood283,Dwelling1
VR_578,Ont.,0.0,2.4,3.5,0.0,2.8,2018,centre15,Zone108,Neighbourhood283,Dwelling2
VR_579,Ont.,0.0,0.0,0.0,0.0,0.0,2018,centre15,Zone109,Neighbourhood284,Dwelling1
VR_580,Ont.,0.0,2.2,3.5,2.8,2.9,2018,centre15,Zone109,Neighbourhood284,Dwelling2
VR_581,Ont.,0.0,0.0,0.0,0.0,0.0,2018,centre15,Zone109,Neighbourhood285,Dwelling1
VR_582,Ont.,0.0,2.1,1.6,4.8,2.1,2018,centre15,Zone109,Neighbourhood285,Dwelling2
VR_583,Ont.,0.0,0.0,0.0,0.0,0.0,2018,centre15,Zone110,Neighbourhood286,Dwelling1
VR_584,Ont.,6.3,2.7,2.8,4.6,2.9,2018,centre15,Zone110,Neighbourhood286,Dwelling2
VR_585,Ont.,0.0,0.0,0.0,0.0,0.0,2018,centre15,Zone110,Neighbourhood287,Dwelling1
VR_586,Ont.,0.0,2.9,2.1,0.0,2.4,2018,centre15,Zone110,Neighbourhood287,Dwelling2
VR_587,Ont.,0.0,0.0,0.0,0.5,0.4,2018,centre15,Zone110,Neighbourhood288,Dwelling1
VR_588,Ont.,0.0,0.0,15.2,0.0,15.2,2018,centre15,Zone110,Neighbourhood288,Dwelling2
VR_589,Ont.,0.0,0.0,0.0,0.0,0.0,2018,centre15,Zone110,Neighbourhood289,Dwelling1
VR_590,Ont.,0.0,0.0,0.0,0.0,0.0,2018,centre15,Zone110,Neighbourhood289,Dwelling2
VR_591,Ont.,0.0,0.0,0.0,0.0,0.0,2018,centre15,Zone111,Neighbourhood290,Dwelling1
VR_592,Ont.,7.0,4.0,3.0,2.8,3.5,2018,centre15,Zone111,Neighbourhood290,Dwelling2
VR_593,Ont.,0.0,0.0,0.0,0.0,0.0,2018,centre15,Zone111,Neighbourhood291,Dwelling1
VR_594,Ont.,0.0,0.0,0.0,0.0,0.0,2018,centre15,Zone111,Neighbourhood291,Dwelling2
VR_595,Ont.,0.0,0.0,3.6,3.2,3.4,2018,centre15,Zone112,Neighbourhood292,Dwelling1
VR_596,Ont.,0.0,0.6,0.9,0.9,0.8,2018,centre15,Zone112,Neighbourhood292,Dwelling2
VR_597,Ont.,0.0,0.0,0.0,0.0,0.7,2018,centre15,Zone112,Neighbourhood293,Dwelling1
VR_598,Ont.,0.0,0.8,2.3,3.2,1.8,2018,centre15,Zone112,Neighbourhood293,Dwelling2
VR_599,Ont.,0.0,0.0,0.0,0.0,0.0,2018,centre15,Zone112,Neighbourhood294,Dwelling1
VR_600,Ont.,0.0,3.4,3.7,0.0,3.3,2018,centre15,Zone112,Neighbourhood294,Dwelling2
VR_601,Ont.,0.0,0.0,2.2,1.4,1.5,2018,centre15,Zone112,Neighbourhood295,Dwelling1
VR_602,Ont.,0.0,0.0,1.9,2.5,1.9,2018,centre15,Zone112,Neighbourhood295,Dwelling2
VR_603,Ont.,0.0,0.0,0.0,0.0,0.0,2018,centre15,Zone112,Neighbourhood296,Dwelling1
VR_604,Ont.,0.0,0.0,0.0,0.0,0.0,2018,centre15,Zone112,Neighbourhood296,Dwelling2
VR_605,Ont.,0.0,0.0,0.0,0.0,0.0,2018,centre15,Zone113,Neighbourhood297,Dwelling1
VR_606,Ont.,0.0,2.9,3.2,0.0,3.0,2018,centre15,Zone113,Neighbourhood297,Dwelling2
VR_607,Ont.,0.0,0.0,0.0,0.0,0.0,2018,centre15,Zone113,Neighbourhood298,Dwelling1
VR_608,Ont.,0.0,0.0,0.0,0.0,0.0,2018,centre15,Zone113,Neighbourhood298,Dwelling2
VR_609,Ont.,0.0,0.0,0.0,0.0,0.0,2018,centre15,Zone113,Neighbourhood299,Dwelling1
VR_610,Ont.,0.0,0.0,0.0,0.0,0.0,2018,centre15,Zone113,Neighbourhood299,Dwelling2
VR_611,Ont.,0.0,0.0,0.0,0.0,0.0,2018,centre15,Zone113,Neighbourhood300,Dwelling1
VR_612,Ont.,0.0,0.0,0.0,0.0,0.0,2018,centre15,Zone113,Neighbourhood300,Dwelling2
VR_613,Ont.,0.0,0.0,0.0,0.0,0.0,2018,centre16,Zone114,Neighbourhood301,Dwelling1
VR_614,Ont.,0.0,0.0,0.0,0.0,0.0,2018,centre16,Zone114,Neighbourhood301,Dwelling2
VR_615,Ont.,0.0,0.0,0.0,0.0,0.0,2018,centre16,Zone114,Neighbourhood302,Dwelling1
VR_616,Ont.,0.0,0.2,1.3,0.0,0.6,2018,centre16,Zone114,Neighbourhood302,Dwelling2
VR_617,Ont.,0.0,0.0,0.0,0.0,0.0,2018,centre16,Zone114,Neighbourhood303,Dwelling1
VR_618,Ont.,0.0,0.0,0.0,0.0,0.0,2018,centre16,Zone114,Neighbourhood303,Dwelling2
VR_619,Ont.,0.0,0.0,0.0,0.0,0.0,2018,centre16,Zone114,Neighbourhood304,Dwelling1
VR_620,Ont.,0.0,0.0,0.4,0.0,0.2,2018,centre16,Zone114,Neighbourhood304,Dwelling2
VR_621,Ont.,0.0,0.0,0.0,0.0,0.0,2018,centre16,Zone115,Neighbourhood305,Dwelling1
VR_622,Ont.,0.0,0.0,0.0,0.0,0.5,2018,centre16,Zone115,Neighbourhood305,Dwelling2
VR_623,Ont.,0.0,0.0,0.0,0.0,0.0,2018,centre16,Zone115,Neighbourhood306,Dwelling1
VR_624,Ont.,0.0,0.0,0.6,0.0,0.3,2018,centre16,Zone115,Neighbourhood306,Dwelling2
VR_625,Ont.,0.0,0.0,0.0,0.0,0.0,2018,centre16,Zone115,Neighbourhood307,Dwelling1
VR_626,Ont.,3.0,0.6,0.5,0.0,0.6,2018,centre16,Zone115,Neighbourhood307,Dwelling2
VR_627,Ont.,0.0,0.0,0.0,0.0,0.0,2018,centre16,Zone116,Neighbourhood308,Dwelling1
VR_628,Ont.,0.0,0.0,0.0,0.0,0.0,2018,centre16,Zone116,Neighbourhood308,Dwelling2
VR_629,Ont.,0.0,0.0,0.0,0.0,0.0,2018,centre16,Zone116,Neighbourhood309,Dwelling1
VR_630,Ont.,0.0,0.9,0.6,0.0,0.7,2018,centre16,Zone116,Neighbourhood309,Dwelling2
VR_631,Ont.,0.0,0.0,0.0,0.0,0.0,2018,centre16,Zone116,Neighbourhood310,Dwelling1
VR_632,Ont.,0.0,1.9,2.5,0.0,2.4,2018,centre16,Zone116,Neighbourhood310,Dwelling2
VR_633,Ont.,0.0,0.0,0.0,0.0,0.0,2018,centre16,Zone116,Neighbourhood311,Dwelling1
VR_634,Ont.,0.0,0.0,0.0,0.0,0.0,2018,centre16,Zone116,Neighbourhood311,Dwelling2
VR_635,Ont.,0.0,0.0,0.0,0.0,0.0,2018,centre16,Zone116,Neighbourhood312,Dwelling1
VR_636,Ont.,0.0,0.0,0.0,0.0,0.0,2018,centre16,Zone116,Neighbourhood312,Dwelling2
VR_637,Ont.,0.0,0.0,0.0,0.0,0.0,2018,centre16,Zone116,Neighbourhood313,Dwelling1
VR_638,Ont.,4.0,0.0,0.1,0.0,0.2,2018,centre16,Zone116,Neighbourhood313,Dwelling2
VR_639,Ont.,0.0,0.0,0.0,0.0,0.0,2018,centre16,Zone3,Neighbourhood314,Dwelling1
VR_640,Ont.,0.0,0.0,0.0,0.0,0.0,2018,centre16,Zone3,Neighbourhood314,Dwelling2
VR_641,Ont.,0.0,0.0,0.0,0.0,0.0,2018,centre16,Zone3,Neighbourhood315,Dwelling1
VR_642,Ont.,0.0,1.3,0.0,0.0,1.6,2018,centre16,Zone3,Neighbourhood315,Dwelling2
VR_643,Ont.,0.0,0.0,0.0,0.0,0.0,2018,centre16,Zone3,Neighbourhood316,Dwelling1
VR_644,Ont.,0.0,0.5,0.7,0.0,0.6,2018,centre16,Zone3,Neighbourhood316,Dwelling2
VR_645,Ont.,0.0,0.0,0.0,0.0,0.0,2018,centre16,Zone3,Neighbourhood317,Dwelling1
VR_646,Ont.,0.0,0.0,0.0,0.0,0.0,2018,centre16,Zone3,Neighbourhood317,Dwelling2
VR_647,Ont.,0.0,0.0,5.4,0.0,5.1,2018,centre17,Zone117,Neighbourhood318,Dwelling1
VR_648,Ont.,0.0,0.0,0.0,0.7,0.0,2018,centre17,Zone117,Neighbourhood318,Dwelling2
VR_649,Ont.,0.0,0.0,0.0,0.0,0.0,2018,centre17,Zone117,Neighbourhood319,Dwelling1
VR_650,Ont.,0.0,1.4,1.6,1.6,1.5,2018,centre17,Zone117,Neighbourhood319,Dwelling2
VR_651,Ont.,0.0,0.0,6.2,0.6,5.7,2018,centre17,Zone117,Neighbourhood320,Dwelling1
VR_652,Ont.,1.8,2.6,3.7,1.4,3.1,2018,centre17,Zone117,Neighbourhood320,Dwelling2
VR_653,Ont.,0.0,0.0,0.0,0.0,0.0,2018,centre17,Zone118,Neighbourhood321,Dwelling1
VR_654,Ont.,0.0,1.8,1.3,0.0,1.8,2018,centre17,Zone118,Neighbourhood321,Dwelling2
VR_655,Ont.,0.0,0.0,1.4,1.2,1.6,2018,centre17,Zone119,Neighbourhood322,Dwelling1
VR_656,Ont.,0.0,3.6,5.7,0.0,4.8,2018,centre17,Zone119,Neighbourhood322,Dwelling2
VR_657,Ont.,0.0,0.0,0.0,0.0,0.0,2018,centre17,Zone119,Neighbourhood323,Dwelling1
VR_658,Ont.,0.0,0.0,0.0,0.0,0.5,2018,centre17,Zone119,Neighbourhood323,Dwelling2
VR_659,Ont.,0.0,0.0,0.0,0.0,0.0,2018,centre17,Zone120,Neighbourhood324,Dwelling1
VR_660,Ont.,0.0,2.2,8.0,0.0,5.7,2018,centre17,Zone120,Neighbourhood324,Dwelling2
VR_661,Ont.,0.0,0.0,0.0,0.0,0.0,2018,centre17,Zone120,Neighbourhood325,Dwelling1
VR_662,Ont.,0.0,0.0,1.7,0.4,1.5,2018,centre17,Zone120,Neighbourhood325,Dwelling2
VR_663,Ont.,0.0,0.0,0.0,3.0,2.7,2018,centre17,Zone120,Neighbourhood326,Dwelling1
VR_664,Ont.,0.0,0.6,1.1,0.0,1.1,2018,centre17,Zone120,Neighbourhood326,Dwelling2
VR_665,Ont.,0.0,0.0,0.0,0.0,0.6,2018,centre17,Zone120,Neighbourhood327,Dwelling1
VR_666,Ont.,0.0,0.2,0.8,0.0,0.5,2018,centre17,Zone120,Neighbourhood327,Dwelling2
VR_667,Ont.,0.0,0.0,0.0,0.0,4.5,2018,centre17,Zone121,Neighbourhood328,Dwelling1
VR_668,Ont.,0.0,0.0,0.8,0.0,1.3,2018,centre17,Zone121,Neighbourhood328,Dwelling2
VR_669,Ont.,0.0,0.0,0.0,0.0,0.0,2018,centre17,Zone121,Neighbourhood329,Dwelling1
VR_670,Ont.,0.0,2.0,0.7,0.0,1.3,2018,centre17,Zone121,Neighbourhood329,Dwelling2
VR_671,Ont.,0.0,0.0,5.9,0.0,0.0,2018,centre17,Zone121,Neighbourhood330,Dwelling1
VR_672,Ont.,0.0,0.0,1.7,0.0,1.8,2018,centre17,Zone121,Neighbourhood330,Dwelling2
VR_673,Ont.,0.0,0.0,0.0,0.0,0.0,2018,centre17,Zone121,Neighbourhood331,Dwelling1
VR_674,Ont.,0.0,0.7,1.8,0.0,1.5,2018,centre17,Zone121,Neighbourhood331,Dwelling2
VR_675,Ont.,0.0,0.0,0.0,0.0,0.0,2018,centre17,Zone121,Neighbourhood332,Dwelling1
VR_676,Ont.,0.0,0.0,0.0,0.0,0.0,2018,centre17,Zone121,Neighbourhood332,Dwelling2
VR_677,Ont.,0.0,0.0,0.0,0.0,0.0,2018,centre17,Zone122,Neighbourhood333,Dwelling1
VR_678,Ont.,0.0,0.6,0.0,2.9,1.8,2018,centre17,Zone122,Neighbourhood333,Dwelling2
VR_679,Ont.,0.0,0.0,0.0,0.0,0.0,2018,centre18,Zone123,Neighbourhood334,Dwelling1
VR_680,Ont.,0.0,1.5,2.1,0.0,1.8,2018,centre18,Zone123,Neighbourhood334,Dwelling2
VR_681,Ont.,0.0,0.0,0.0,0.0,0.0,2018,centre18,Zone124,Neighbourhood335,Dwelling1
VR_682,Ont.,0.0,4.1,3.7,0.0,3.9,2018,centre18,Zone124,Neighbourhood335,Dwelling2
VR_683,Ont.,0.0,0.0,0.0,0.0,0.0,2018,centre18,Zone124,Neighbourhood336,Dwelling1
VR_684,Ont.,0.0,3.8,4.4,0.0,4.1,2018,centre18,Zone124,Neighbourhood336,Dwelling2
VR_685,Ont.,0.0,0.0,0.0,0.0,0.0,2018,centre18,Zone21,Neighbourhood337,Dwelling1
VR_686,Ont.,0.0,2.4,1.7,0.8,1.9,2018,centre18,Zone21,Neighbourhood337,Dwelling2
VR_687,Ont.,0.0,0.0,0.0,0.0,0.0,2018,centre18,Zone21,Neighbourhood338,Dwelling1
VR_688,Ont.,0.0,1.0,1.4,0.0,1.2,2018,centre18,Zone21,Neighbourhood338,Dwelling2
VR_689,Ont.,0.0,0.0,0.0,0.0,0.0,2018,centre18,Zone125,Neighbourhood339,Dwelling1
VR_690,Ont.,1.8,1.3,0.8,0.0,1.1,2018,centre18,Zone125,Neighbourhood339,Dwelling2
VR_691,Ont.,0.0,0.0,0.0,0.0,0.0,2018,centre18,Zone125,Neighbourhood340,Dwelling1
VR_692,Ont.,0.0,1.9,1.8,0.0,1.8,2018,centre18,Zone125,Neighbourhood340,Dwelling2
VR_693,Ont.,0.0,0.0,0.0,0.0,0.0,2018,centre18,Zone125,Neighbourhood341,Dwelling1
VR_694,Ont.,0.0,1.3,0.5,0.0,0.8,2018,centre18,Zone125,Neighbourhood341,Dwelling2
VR_695,Ont.,0.0,0.0,0.0,0.0,0.0,2018,centre18,Zone125,Neighbourhood342,Dwelling1
VR_696,Ont.,0.0,0.0,0.0,0.0,0.0,2018,centre18,Zone125,Neighbourhood342,Dwelling2
VR_697,Ont.,0.0,0.0,1.0,0.0,0.5,2018,centre18,Zone126,Neighbourhood343,Dwelling1
VR_698,Ont.,0.0,0.1,0.9,0.0,0.6,2018,centre18,Zone126,Neighbourhood343,Dwelling2
VR_699,Ont.,0.0,0.0,14.6,0.0,0.0,2018,centre18,Zone126,Neighbourhood344,Dwelling1
VR_700,Ont.,0.0,0.0,0.0,0.0,0.0,2018,centre18,Zone126,Neighbourhood344,Dwelling2
VR_701,Ont.,0.0,0.0,0.0,0.4,0.3,2018,centre18,Zone126,Neighbourhood345,Dwelling1
VR_702,Ont.,0.0,1.6,1.4,1.5,1.5,2018,centre18,Zone126,Neighbourhood345,Dwelling2
VR_703,Ont.,0.0,0.0,0.0,0.0,0.0,2018,centre18,Zone127,Neighbourhood346,Dwelling1
VR_704,Ont.,0.0,3.1,1.4,3.0,2.5,2018,centre18,Zone127,Neighbourhood346,Dwelling2
VR_705,Ont.,0.0,0.0,0.0,1.1,1.1,2018,centre18,Zone19,Neighbourhood347,Dwelling1
VR_706,Ont.,0.0,1.7,1.4,4.0,1.6,2018,centre18,Zone19,Neighbourhood347,Dwelling2
VR_707,Ont.,0.0,0.0,0.0,0.0,0.0,2018,centre18,Zone19,Neighbourhood348,Dwelling1
VR_708,Ont.,0.0,2.6,4.3,0.0,4.1,2018,centre18,Zone19,Neighbourhood348,Dwelling2
VR_709,Ont.,0.0,0.0,0.0,0.0,0.0,2018,centre18,Zone19,Neighbourhood349,Dwelling1
VR_710,Ont.,0.0,0.0,0.0,0.0,0.0,2018,centre18,Zone19,Neighbourhood349,Dwelling2
VR_711,Ont.,0.0,0.0,0.0,0.0,0.0,2018,centre18,Zone22,Neighbourhood350,Dwelling1
VR_712,Ont.,0.0,2.8,5.6,0.0,4.1,2018,centre18,Zone22,Neighbourhood350,Dwelling2
VR_713,Ont.,0.0,0.0,0.0,0.0,0.0,2018,centre18,Zone22,Neighbourhood351,Dwelling1
VR_714,Ont.,0.0,0.0,0.0,0.0,0.0,2018,centre18,Zone22,Neighbourhood351,Dwelling2
VR_715,Ont.,0.0,0.0,0.0,9.9,7.4,2018,centre18,Zone22,Neighbourhood352,Dwelling1
VR_716,Ont.,0.0,0.4,0.0,0.0,1.4,2018,centre18,Zone22,Neighbourhood352,Dwelling2
VR_717,Ont.,0.0,0.0,0.0,0.0,0.0,2018,centre18,Zone128,Neighbourhood353,Dwelling1
VR_718,Ont.,0.0,0.0,0.7,0.0,1.9,2018,centre18,Zone128,Neighbourhood353,Dwelling2
VR_719,Ont.,0.0,0.0,0.0,0.0,0.0,2018,centre18,Zone128,Neighbourhood354,Dwelling1
VR_720,Ont.,0.0,0.0,0.0,0.0,0.0,2018,centre18,Zone128,Neighbourhood354,Dwelling2
VR_721,Ont.,0.0,0.0,0.0,0.0,0.0,2018,centre18,Zone128,Neighbourhood355,Dwelling1
VR_722,Ont.,0.0,0.0,3.1,0.0,2.5,2018,centre18,Zone128,Neighbourhood355,Dwelling2
VR_723,Ont.,0.0,0.0,0.0,0.0,0.0,2018,centre18,Zone128,Neighbourhood356,Dwelling1
VR_724,Ont.,0.0,5.3,0.0,0.0,2.9,2018,centre18,Zone128,Neighbourhood356,Dwelling2
VR_725,Ont.,0.0,0.0,0.0,0.0,0.0,2018,centre18,Zone129,Neighbourhood357,Dwelling1
VR_726,Ont.,0.0,0.0,0.0,0.0,3.2,2018,centre18,Zone129,Neighbourhood357,Dwelling2
VR_727,Ont.,0.0,0.0,0.0,0.0,0.0,2018,centre18,Zone3,Neighbourhood3,Dwelling1
VR_728,Ont.,0.0,0.0,0.0,0.0,1.5,2018,centre18,Zone3,Neighbourhood3,Dwelling2
VR_729,Ont.,0.0,0.0,0.0,0.0,0.0,2018,centre19,Zone130,Neighbourhood358,Dwelling1
VR_730,Ont.,0.0,0.0,0.0,0.0,0.0,2018,centre19,Zone130,Neighbourhood358,Dwelling2
VR_731,Ont.,0.0,0.0,0.0,0.0,0.0,2018,centre19,Zone130,Neighbourhood229,Dwelling1
VR_732,Ont.,0.0,2.6,1.6,0.0,2.0,2018,centre19,Zone130,Neighbourhood229,Dwelling2
VR_733,Ont.,0.0,0.0,0.0,0.0,0.0,2018,centre19,Zone130,Neighbourhood228,Dwelling1
VR_734,Ont.,0.0,0.9,2.7,0.0,2.1,2018,centre19,Zone130,Neighbourhood228,Dwelling2
VR_735,Ont.,0.0,0.0,1.6,1.1,1.3,2018,centre19,Zone131,Neighbourhood231,Dwelling1
VR_736,Ont.,5.5,1.2,1.1,2.8,1.4,2018,centre19,Zone131,Neighbourhood231,Dwelling2
VR_737,Ont.,0.0,0.0,0.0,0.0,0.0,2018,centre19,Zone132,Neighbourhood359,Dwelling1
VR_738,Ont.,0.0,0.0,0.9,0.0,0.5,2018,centre19,Zone132,Neighbourhood359,Dwelling2
VR_739,Ont.,0.0,0.0,0.0,0.0,0.0,2018,centre19,Zone132,Neighbourhood360,Dwelling1
VR_740,Ont.,0.0,1.4,1.8,2.0,1.8,2018,centre19,Zone132,Neighbourhood360,Dwelling2
VR_741,Ont.,0.0,0.0,0.0,0.0,0.0,2018,centre19,Zone132,Neighbourhood361,Dwelling1
VR_742,Ont.,0.0,0.0,0.0,0.0,2.6,2018,centre19,Zone132,Neighbourhood361,Dwelling2
VR_743,Ont.,0.0,0.0,0.0,0.0,0.0,2018,centre19,Zone133,Neighbourhood362,Dwelling1
VR_744,Ont.,0.0,0.0,0.0,0.0,0.0,2018,centre19,Zone133,Neighbourhood362,Dwelling2
VR_745,Ont.,0.0,0.0,0.0,0.0,0.0,2018,centre19,Zone133,Neighbourhood363,Dwelling1
VR_746,Ont.,0.0,0.0,0.0,0.0,0.0,2018,centre19,Zone133,Neighbourhood363,Dwelling2
VR_747,Ont.,0.0,0.0,0.0,0.0,0.0,2018,centre19,Zone133,Neighbourhood364,Dwelling1
VR_748,Ont.,0.0,0.0,0.0,0.0,0.0,2018,centre19,Zone133,Neighbourhood364,Dwelling2
VR_749,Ont.,0.0,0.0,0.0,0.0,0.0,2018,centre19,Zone133,Neighbourhood365,Dwelling1
VR_750,Ont.,0.0,0.0,2.8,0.0,2.4,2018,centre19,Zone133,Neighbourhood365,Dwelling2
VR_751,Ont.,0.0,0.0,0.0,0.0,0.0,2018,centre19,Zone134,Neighbourhood366,Dwelling1
VR_752,Ont.,0.0,0.0,5.7,0.0,5.4,2018,centre19,Zone134,Neighbourhood366,Dwelling2
VR_753,Ont.,0.0,0.0,0.0,0.0,0.0,2018,centre19,Zone134,Neighbourhood367,Dwelling1
VR_754,Ont.,0.0,0.0,0.0,0.0,0.0,2018,centre19,Zone134,Neighbourhood367,Dwelling2
VR_755,Ont.,0.0,0.0,0.0,0.0,0.0,2018,centre19,Zone134,Neighbourhood368,Dwelling1
VR_756,Ont.,0.0,0.0,0.0,0.0,0.0,2018,centre19,Zone134,Neighbourhood368,Dwelling2
VR_757,Ont.,0.0,0.0,0.0,0.0,0.0,2018,centre19,Zone134,Neighbourhood369,Dwelling1
VR_758,Ont.,0.0,0.0,0.0,0.0,2.7,2018,centre19,Zone134,Neighbourhood369,Dwelling2
VR_759,Ont.,0.0,0.0,0.0,0.0,0.0,2018,centre19,Zone134,Neighbourhood370,Dwelling1
VR_760,Ont.,0.0,0.0,0.0,0.0,0.7,2018,centre19,Zone134,Neighbourhood370,Dwelling2
VR_761,Ont.,0.0,0.0,0.0,0.0,0.0,2018,centre19,Zone135,Neighbourhood371,Dwelling1
VR_762,Ont.,0.0,0.0,0.0,0.0,0.0,2018,centre19,Zone135,Neighbourhood371,Dwelling2
VR_763,Ont.,0.0,0.0,0.0,0.0,0.0,2018,centre19,Zone135,Neighbourhood372,Dwelling1
VR_764,Ont.,0.0,0.0,0.0,0.0,0.0,2018,centre19,Zone135,Neighbourhood372,Dwelling2
VR_765,Ont.,0.0,0.0,0.0,0.0,0.0,2018,centre19,Zone135,Neighbourhood373,Dwelling1
VR_766,Ont.,0.0,2.9,1.5,0.0,2.0,2018,centre19,Zone135,Neighbourhood373,Dwelling2
VR_767,Ont.,0.0,0.0,0.0,0.0,0.0,2018,centre19,Zone135,Neighbourhood374,Dwelling1
VR_768,Ont.,0.0,0.0,0.0,0.0,0.0,2018,centre19,Zone135,Neighbourhood374,Dwelling2
VR_769,Ont.,0.0,0.0,0.0,0.0,0.0,2018,centre19,Zone135,Neighbourhood375,Dwelling1
VR_770,Ont.,0.0,1.2,2.1,0.0,1.6,2018,centre19,Zone135,Neighbourhood375,Dwelling2
VR_771,Ont.,0.0,0.0,0.0,0.0,0.0,2018,centre19,Zone3,Neighbourhood376,Dwelling1
VR_772,Ont.,0.0,0.0,0.0,0.0,0.0,2018,centre19,Zone3,Neighbourhood376,Dwelling2
VR_773,Ont.,0.0,0.0,0.0,0.0,0.0,2018,centre19,Zone3,Neighbourhood377,Dwelling1
VR_774,Ont.,0.0,0.0,0.0,0.0,0.0,2018,centre19,Zone3,Neighbourhood377,Dwelling2
VR_775,Ont.,0.0,0.0,0.0,0.0,0.0,2018,centre19,Zone3,Neighbourhood378,Dwelling1
VR_776,Ont.,0.0,0.0,0.0,0.0,0.0,2018,centre19,Zone3,Neighbourhood378,Dwelling2
VR_777,Ont.,0.0,0.0,0.0,0.0,0.0,2018,centre19,Zone3,Neighbourhood379,Dwelling1
VR_778,Ont.,0.0,0.0,0.0,0.0,0.0,2018,centre19,Zone3,Neighbourhood379,Dwelling2
VR_779,Ont.,0.0,0.0,0.0,0.0,0.0,2018,centre19,Zone3,Neighbourhood380,Dwelling1
VR_780,Ont.,0.0,0.0,0.0,0.0,0.0,2018,centre19,Zone3,Neighbourhood380,Dwelling2
VR_781,Ont.,0.0,0.0,0.0,0.0,0.0,2018,centre19,Zone3,Neighbourhood381,Dwelling1
VR_782,Ont.,0.0,0.0,0.0,0.0,0.0,2018,centre19,Zone3,Neighbourhood381,Dwelling2
VR_783,Ont.,0.0,0.0,0.0,0.0,0.0,2018,centre19,Zone3,Neighbourhood382,Dwelling1
VR_784,Ont.,0.0,0.0,0.0,0.0,0.0,2018,centre19,Zone3,Neighbourhood382,Dwelling2
VR_785,Ont.,0.0,0.0,0.0,0.0,0.0,2018,centre19,Zone136,Neighbourhood383,Dwelling1
VR_786,Ont.,0.0,4.0,0.0,0.0,1.7,2018,centre19,Zone136,Neighbourhood383,Dwelling2
VR_787,Ont.,0.0,0.0,0.0,0.0,0.0,2018,centre19,Zone136,Neighbourhood384,Dwelling1
VR_788,Ont.,0.0,0.0,0.0,0.0,0.0,2018,centre19,Zone136,Neighbourhood384,Dwelling2
VR_789,Ont.,0.0,0.0,0.0,1.4,1.4,2018,centre20,Zone137,Neighbourhood385,Dwelling1
VR_790,Ont.,0.0,1.3,1.2,0.5,1.2,2018,centre20,Zone137,Neighbourhood385,Dwelling2
VR_791,Ont.,0.0,0.0,0.0,3.5,3.1,2018,centre20,Zone138,Neighbourhood386,Dwelling1
VR_792,Ont.,0.0,0.0,3.6,2.8,4.5,2018,centre20,Zone138,Neighbourhood386,Dwelling2
VR_793,Ont.,0.0,0.0,0.0,0.0,0.0,2018,centre20,Zone139,Neighbourhood387,Dwelling1
VR_794,Ont.,0.0,2.1,1.1,1.2,1.4,2018,centre20,Zone139,Neighbourhood387,Dwelling2
VR_795,Ont.,0.0,0.0,0.0,3.4,2.2,2018,centre20,Zone140,Neighbourhood388,Dwelling1
VR_796,Ont.,0.0,1.0,1.2,0.0,1.1,2018,centre20,Zone140,Neighbourhood388,Dwelling2
VR_797,Ont.,0.0,0.0,0.0,0.0,0.0,2018,centre21,Zone93,Neighbourhood252,Dwelling1
VR_798,Ont.,1.3,1.7,1.0,0.0,1.4,2018,centre21,Zone93,Neighbourhood252,Dwelling2
VR_799,Ont.,0.0,0.0,0.0,0.0,0.0,2018,centre21,Zone141,Neighbourhood389,Dwelling1
VR_800,Ont.,2.0,2.1,0.0,0.0,2.2,2018,centre21,Zone141,Neighbourhood389,Dwelling2
VR_801,Ont.,0.0,0.0,0.0,0.0,0.0,2018,centre21,Zone141,Neighbourhood390,Dwelling1
VR_802,Ont.,1.4,0.5,0.4,0.3,0.6,2018,centre21,Zone141,Neighbourhood390,Dwelling2
VR_803,Ont.,0.0,0.0,0.0,0.0,0.0,2018,centre21,Zone142,Neighbourhood391,Dwelling1
VR_804,Ont.,0.0,0.0,0.0,0.0,1.1,2018,centre21,Zone142,Neighbourhood391,Dwelling2
VR_805,Ont.,0.0,0.0,0.0,0.0,0.0,2018,centre21,Zone142,Neighbourhood392,Dwelling1
VR_806,Ont.,0.0,0.2,0.0,0.0,0.1,2018,centre21,Zone142,Neighbourhood392,Dwelling2
VR_807,Ont.,0.0,0.0,9.4,3.5,5.4,2018,centre21,Zone143,Neighbourhood393,Dwelling1
VR_808,Ont.,2.1,1.6,1.7,2.0,1.7,2018,centre21,Zone143,Neighbourhood393,Dwelling2
VR_809,Ont.,0.0,0.0,0.0,0.0,0.0,2018,centre21,Zone144,Neighbourhood394,Dwelling1
VR_810,Ont.,0.0,0.0,0.0,0.0,0.0,2018,centre21,Zone144,Neighbourhood394,Dwelling2
VR_811,Ont.,0.0,0.0,0.0,0.0,0.0,2018,centre21,Zone144,Neighbourhood395,Dwelling1
VR_812,Ont.,0.6,1.1,2.3,1.1,1.5,2018,centre21,Zone144,Neighbourhood395,Dwelling2
VR_813,Ont.,0.0,0.0,0.0,0.0,0.0,2018,centre21,Zone144,Neighbourhood396,Dwelling1
VR_814,Ont.,1.6,0.3,1.3,0.4,0.8,2018,centre21,Zone144,Neighbourhood396,Dwelling2
VR_815,Ont.,0.0,0.0,0.0,0.0,0.0,2018,centre21,Zone145,Neighbourhood397,Dwelling1
VR_816,Ont.,0.8,0.9,2.9,0.0,1.5,2018,centre21,Zone145,Neighbourhood397,Dwelling2
VR_817,Ont.,0.0,0.0,0.0,0.0,0.0,2018,centre21,Zone145,Neighbourhood398,Dwelling1
VR_818,Ont.,1.6,0.0,0.3,0.0,1.3,2018,centre21,Zone145,Neighbourhood398,Dwelling2
VR_819,Ont.,0.0,0.0,0.0,0.0,0.0,2018,centre21,Zone145,Neighbourhood399,Dwelling1
VR_820,Ont.,0.5,1.1,2.6,0.0,1.4,2018,centre21,Zone145,Neighbourhood399,Dwelling2
VR_821,Ont.,0.0,0.0,0.2,0.0,0.2,2018,centre21,Zone146,Neighbourhood400,Dwelling1
VR_822,Ont.,0.9,4.2,0.0,2.6,4.6,2018,centre21,Zone146,Neighbourhood400,Dwelling2
VR_823,Ont.,0.0,0.0,0.0,1.0,0.9,2018,centre21,Zone146,Neighbourhood401,Dwelling1
VR_824,Ont.,0.0,2.2,0.0,0.0,4.5,2018,centre21,Zone146,Neighbourhood401,Dwelling2
VR_825,Ont.,0.0,0.0,0.0,0.0,0.0,2018,centre21,Zone147,Neighbourhood402,Dwelling1
VR_826,Ont.,0.6,0.5,0.7,0.0,0.6,2018,centre21,Zone147,Neighbourhood402,Dwelling2
VR_827,Ont.,0.0,0.0,0.0,0.0,0.0,2018,centre21,Zone147,Neighbourhood403,Dwelling1
VR_828,Ont.,2.2,1.0,0.7,0.0,1.0,2018,centre21,Zone147,Neighbourhood403,Dwelling2
VR_829,Ont.,0.0,0.0,0.0,1.8,1.5,2018,centre21,Zone148,Neighbourhood404,Dwelling1
VR_830,Ont.,0.0,0.7,0.9,0.0,0.7,2018,centre21,Zone148,Neighbourhood404,Dwelling2
VR_831,Ont.,0.0,0.0,0.0,0.0,0.0,2018,centre21,Zone149,Neighbourhood194,Dwelling1
VR_832,Ont.,0.0,0.0,2.0,0.0,0.0,2018,centre21,Zone149,Neighbourhood194,Dwelling2
VR_833,Ont.,0.0,0.0,0.0,0.2,0.2,2018,centre21,Zone150,Neighbourhood405,Dwelling1
VR_834,Ont.,0.0,0.7,1.1,2.0,1.1,2018,centre21,Zone150,Neighbourhood405,Dwelling2
VR_835,Ont.,0.0,0.0,2.3,0.0,0.2,2018,centre21,Zone150,Neighbourhood406,Dwelling1
VR_836,Ont.,0.0,2.4,0.9,0.0,1.4,2018,centre21,Zone150,Neighbourhood406,Dwelling2
VR_837,Ont.,0.0,0.0,0.0,0.0,0.0,2018,centre21,Zone151,Neighbourhood407,Dwelling1
VR_838,Ont.,0.0,0.0,0.0,0.0,1.0,2018,centre21,Zone151,Neighbourhood407,Dwelling2
VR_839,Ont.,0.0,0.0,0.0,0.0,0.0,2018,centre21,Zone151,Neighbourhood408,Dwelling1
VR_840,Ont.,0.0,0.0,0.0,0.0,0.0,2018,centre21,Zone151,Neighbourhood408,Dwelling2
VR_841,Ont.,0.0,0.0,2.7,1.7,1.8,2018,centre21,Zone152,Neighbourhood409,Dwelling1
VR_842,Ont.,0.0,2.3,2.3,5.9,2.6,2018,centre21,Zone152,Neighbourhood409,Dwelling2
VR_843,Ont.,0.0,0.0,0.0,1.6,2.2,2018,centre21,Zone152,Neighbourhood410,Dwelling1
VR_844,Ont.,4.6,2.1,2.2,2.4,2.3,2018,centre21,Zone152,Neighbourhood410,Dwelling2
VR_845,Ont.,0.0,0.0,2.3,3.9,2.8,2018,centre21,Zone152,Neighbourhood411,Dwelling1
VR_846,Ont.,0.0,0.0,0.0,0.0,0.0,2018,centre21,Zone152,Neighbourhood411,Dwelling2
VR_847,Ont.,0.0,0.0,0.0,0.0,0.0,2018,centre21,Zone153,Neighbourhood412,Dwelling1
VR_848,Ont.,0.0,0.7,0.9,0.0,0.8,2018,centre21,Zone153,Neighbourhood412,Dwelling2
VR_849,Ont.,0.0,0.0,0.0,0.0,0.0,2018,centre21,Zone153,Neighbourhood413,Dwelling1
VR_850,Ont.,0.0,0.0,0.0,0.0,0.0,2018,centre21,Zone153,Neighbourhood413,Dwelling2
VR_851,Ont.,0.0,0.0,0.0,0.0,0.0,2018,centre21,Zone154,Neighbourhood414,Dwelling1
VR_852,Ont.,0.0,0.0,0.0,0.0,0.0,2018,centre21,Zone154,Neighbourhood414,Dwelling2
VR_853,Ont.,0.0,0.0,0.0,0.0,0.0,2018,centre22,Zone93,Neighbourhood415,Dwelling1
VR_854,Ont.,0.0,1.0,1.0,0.0,1.0,2018,centre22,Zone93,Neighbourhood415,Dwelling2
VR_855,Ont.,0.0,0.0,0.0,0.0,0.0,2018,centre22,Zone93,Neighbourhood416,Dwelling1
VR_856,Ont.,0.0,0.7,1.9,0.0,1.4,2018,centre22,Zone93,Neighbourhood416,Dwelling2
VR_857,Ont.,0.0,0.0,0.0,0.0,1.3,2018,centre22,Zone3,Neighbourhood417,Dwelling1
VR_858,Ont.,0.0,1.0,1.1,3.5,1.4,2018,centre22,Zone3,Neighbourhood417,Dwelling2
VR_859,Ont.,0.0,0.0,0.0,0.0,0.0,2018,centre22,Zone3,Neighbourhood418,Dwelling1
VR_860,Ont.,0.0,0.0,0.0,0.0,0.0,2018,centre22,Zone3,Neighbourhood418,Dwelling2
VR_861,Ont.,0.0,0.0,0.0,0.0,2.3,2018,centre22,Zone3,Neighbourhood419,Dwelling1
VR_862,Ont.,0.0,0.0,3.5,0.0,4.3,2018,centre22,Zone3,Neighbourhood419,Dwelling2
VR_863,Ont.,0.0,0.0,0.0,0.0,0.0,2018,centre22,Zone3,Neighbourhood420,Dwelling1
VR_864,Ont.,0.0,0.0,0.0,0.0,0.0,2018,centre22,Zone3,Neighbourhood420,Dwelling2
VR_865,Ont.,0.0,0.0,0.0,0.0,0.0,2018,centre22,Zone3,Neighbourhood421,Dwelling1
VR_866,Ont.,0.0,0.0,0.0,0.0,0.0,2018,centre22,Zone3,Neighbourhood421,Dwelling2
VR_867,Ont.,0.0,0.0,0.0,0.0,0.0,2018,centre23,Zone155,Neighbourhood422,Dwelling1
VR_868,Ont.,0.0,1.4,1.8,2.1,1.9,2018,centre23,Zone155,Neighbourhood422,Dwelling2
VR_869,Ont.,0.0,0.0,0.0,0.0,0.0,2018,centre23,Zone156,Neighbourhood423,Dwelling1
VR_870,Ont.,0.0,2.1,3.3,0.0,2.4,2018,centre23,Zone156,Neighbourhood423,Dwelling2
VR_871,Ont.,0.0,0.0,1.9,5.3,3.1,2018,centre23,Zone156,Neighbourhood424,Dwelling1
VR_872,Ont.,0.0,2.2,2.7,0.0,2.4,2018,centre23,Zone156,Neighbourhood424,Dwelling2
VR_873,Ont.,0.0,0.0,0.0,0.0,0.0,2018,centre23,Zone157,Neighbourhood425,Dwelling1
VR_874,Ont.,0.0,0.6,0.0,0.0,1.4,2018,centre23,Zone157,Neighbourhood425,Dwelling2
VR_875,Ont.,0.0,0.0,0.0,0.0,0.0,2018,centre23,Zone157,Neighbourhood426,Dwelling1
VR_876,Ont.,0.0,0.0,0.0,0.0,0.0,2018,centre23,Zone157,Neighbourhood426,Dwelling2
VR_877,Ont.,0.0,0.0,0.0,0.0,0.0,2018,centre23,Zone157,Neighbourhood427,Dwelling1
VR_878,Ont.,0.0,0.0,5.8,0.0,4.4,2018,centre23,Zone157,Neighbourhood427,Dwelling2
VR_879,Ont.,0.0,0.0,0.0,0.0,0.0,2018,centre23,Zone3,Neighbourhood428,Dwelling1
VR_880,Ont.,0.0,0.0,0.0,0.0,0.0,2018,centre23,Zone3,Neighbourhood428,Dwelling2
VR_881,Ont.,0.0,0.0,0.0,0.0,0.0,2018,centre23,Zone3,Neighbourhood429,Dwelling1
VR_882,Ont.,0.0,0.0,0.0,0.0,0.0,2018,centre23,Zone3,Neighbourhood429,Dwelling2
VR_883,Ont.,0.0,0.0,0.0,0.0,0.0,2018,centre23,Zone3,Neighbourhood430,Dwelling1
VR_884,Ont.,0.0,0.0,0.8,0.0,1.1,2018,centre23,Zone3,Neighbourhood430,Dwelling2
VR_885,Ont.,0.0,0.0,0.0,0.0,0.0,2018,centre23,Zone3,Neighbourhood431,Dwelling1
VR_886,Ont.,0.0,1.1,0.0,0.0,0.5,2018,centre23,Zone3,Neighbourhood431,Dwelling2
VR_887,Ont.,0.0,0.0,0.0,0.0,0.0,2018,centre24,Zone158,Neighbourhood432,Dwelling1
VR_888,Ont.,0.0,3.8,4.9,0.0,4.5,2018,centre24,Zone158,Neighbourhood432,Dwelling2
VR_889,Ont.,0.0,0.0,0.0,0.0,0.0,2018,centre24,Zone158,Neighbourhood433,Dwelling1
VR_890,Ont.,12.2,4.3,4.5,11.5,5.5,2018,centre24,Zone158,Neighbourhood433,Dwelling2
VR_891,Ont.,0.0,0.0,0.0,0.0,0.0,2018,centre24,Zone158,Neighbourhood434,Dwelling1
VR_892,Ont.,0.0,2.9,4.1,0.0,3.7,2018,centre24,Zone158,Neighbourhood434,Dwelling2
VR_893,Ont.,0.0,0.0,0.0,0.0,0.0,2018,centre24,Zone158,Neighbourhood435,Dwelling1
VR_894,Ont.,0.0,1.7,2.2,0.0,2.0,2018,centre24,Zone158,Neighbourhood435,Dwelling2
VR_895,Ont.,0.0,0.0,0.0,0.0,0.0,2018,centre24,Zone158,Neighbourhood436,Dwelling1
VR_896,Ont.,0.0,0.0,0.0,4.5,0.0,2018,centre24,Zone158,Neighbourhood436,Dwelling2
VR_897,Ont.,0.0,0.0,0.0,0.0,0.0,2018,centre24,Zone159,Neighbourhood255,Dwelling1
VR_898,Ont.,0.0,8.2,5.1,0.0,6.5,2018,centre24,Zone159,Neighbourhood255,Dwelling2
VR_899,Ont.,0.0,0.0,0.0,0.0,0.0,2018,centre24,Zone159,Neighbourhood437,Dwelling1
VR_900,Ont.,0.0,3.3,6.2,0.0,4.5,2018,centre24,Zone159,Neighbourhood437,Dwelling2
VR_901,Ont.,0.0,0.0,0.0,20.0,19.4,2018,centre24,Zone159,Neighbourhood438,Dwelling1
VR_902,Ont.,0.0,5.8,4.3,0.0,5.2,2018,centre24,Zone159,Neighbourhood438,Dwelling2
VR_903,Ont.,0.0,0.0,0.0,0.0,0.0,2018,centre24,Zone159,Neighbourhood439,Dwelling1
VR_904,Ont.,0.0,0.0,0.0,0.0,0.0,2018,centre24,Zone159,Neighbourhood439,Dwelling2
VR_905,Ont.,0.0,0.0,0.0,0.0,0.0,2018,centre25,Zone160,Neighbourhood440,Dwelling1
VR_906,Ont.,0.0,1.4,0.9,0.0,1.2,2018,centre25,Zone160,Neighbourhood440,Dwelling2
VR_907,Ont.,0.0,0.0,0.0,0.0,0.0,2018,centre25,Zone160,Neighbourhood441,Dwelling1
VR_908,Ont.,0.7,3.0,0.0,0.0,2.3,2018,centre25,Zone160,Neighbourhood441,Dwelling2
VR_909,Ont.,0.0,0.0,0.0,0.0,0.0,2018,centre25,Zone160,Neighbourhood442,Dwelling1
VR_910,Ont.,0.0,2.2,1.0,0.0,2.5,2018,centre25,Zone160,Neighbourhood442,Dwelling2
VR_911,Ont.,0.0,0.0,0.0,0.0,0.0,2018,centre25,Zone160,Neighbourhood443,Dwelling1
VR_912,Ont.,0.3,0.9,0.6,0.0,0.7,2018,centre25,Zone160,Neighbourhood443,Dwelling2
VR_913,Ont.,0.0,0.0,0.0,0.0,0.0,2018,centre25,Zone160,Neighbourhood444,Dwelling1
VR_914,Ont.,0.3,1.4,0.4,0.0,1.0,2018,centre25,Zone160,Neighbourhood444,Dwelling2
VR_915,Ont.,0.0,0.0,0.0,0.0,0.0,2018,centre25,Zone160,Neighbourhood445,Dwelling1
VR_916,Ont.,1.4,1.2,1.2,0.0,1.3,2018,centre25,Zone160,Neighbourhood445,Dwelling2
VR_917,Ont.,0.0,0.0,0.0,0.0,0.0,2018,centre25,Zone160,Neighbourhood446,Dwelling1
VR_918,Ont.,1.9,0.0,0.0,0.0,0.8,2018,centre25,Zone160,Neighbourhood446,Dwelling2
VR_919,Ont.,0.0,0.0,0.0,0.0,0.0,2018,centre25,Zone160,Neighbourhood447,Dwelling1
VR_920,Ont.,0.2,0.3,0.0,0.0,0.0,2018,centre25,Zone160,Neighbourhood447,Dwelling2
VR_921,Ont.,0.0,0.0,0.0,0.0,0.0,2018,centre25,Zone160,Neighbourhood448,Dwelling1
VR_922,Ont.,0.0,0.0,0.0,0.0,0.5,2018,centre25,Zone160,Neighbourhood448,Dwelling2
VR_923,Ont.,0.0,0.0,0.0,0.0,0.0,2018,centre25,Zone161,Neighbourhood449,Dwelling1
VR_924,Ont.,0.0,0.0,0.2,0.0,0.0,2018,centre25,Zone161,Neighbourhood449,Dwelling2
VR_925,Ont.,0.0,0.0,0.0,0.0,0.0,2018,centre25,Zone161,Neighbourhood450,Dwelling1
VR_926,Ont.,2.9,0.9,0.0,0.0,2.5,2018,centre25,Zone161,Neighbourhood450,Dwelling2
VR_927,Ont.,0.0,0.0,0.0,0.0,0.0,2018,centre25,Zone161,Neighbourhood451,Dwelling1
VR_928,Ont.,5.2,6.9,5.2,0.0,6.0,2018,centre25,Zone161,Neighbourhood451,Dwelling2
VR_929,Ont.,0.0,0.0,0.0,0.0,0.0,2018,centre25,Zone161,Neighbourhood452,Dwelling1
VR_930,Ont.,0.0,0.0,0.0,0.0,0.5,2018,centre25,Zone161,Neighbourhood452,Dwelling2
VR_931,Ont.,0.0,0.0,0.0,0.0,0.0,2018,centre25,Zone161,Neighbourhood453,Dwelling1
VR_932,Ont.,0.0,0.6,0.4,0.0,0.6,2018,centre25,Zone161,Neighbourhood453,Dwelling2
VR_933,Ont.,0.0,0.0,0.0,0.0,0.0,2018,centre25,Zone162,Neighbourhood454,Dwelling1
VR_934,Ont.,0.0,1.1,0.0,0.0,0.0,2018,centre25,Zone162,Neighbourhood454,Dwelling2
VR_935,Ont.,0.0,0.0,0.0,0.0,0.0,2018,centre25,Zone162,Neighbourhood455,Dwelling1
VR_936,Ont.,0.3,0.5,0.2,0.0,0.3,2018,centre25,Zone162,Neighbourhood455,Dwelling2
VR_937,Ont.,0.0,0.0,0.0,0.0,0.0,2018,centre25,Zone162,Neighbourhood456,Dwelling1
VR_938,Ont.,0.0,2.7,1.2,0.0,1.8,2018,centre25,Zone162,Neighbourhood456,Dwelling2
VR_939,Ont.,0.0,0.0,0.0,0.0,0.0,2018,centre25,Zone162,Neighbourhood457,Dwelling1
VR_940,Ont.,0.0,1.4,0.4,0.0,0.9,2018,centre25,Zone162,Neighbourhood457,Dwelling2
VR_941,Ont.,0.0,0.0,0.0,0.0,0.0,2018,centre25,Zone162,Neighbourhood458,Dwelling1
VR_942,Ont.,1.2,1.1,0.4,0.0,1.0,2018,centre25,Zone162,Neighbourhood458,Dwelling2
VR_943,Ont.,0.0,0.0,0.0,0.0,0.0,2018,centre25,Zone162,Neighbourhood459,Dwelling1
VR_944,Ont.,1.4,1.5,1.3,0.0,1.4,2018,centre25,Zone162,Neighbourhood459,Dwelling2
VR_945,Ont.,0.0,0.0,0.0,0.0,0.0,2018,centre25,Zone162,Neighbourhood460,Dwelling1
VR_946,Ont.,0.0,1.0,1.2,0.0,1.5,2018,centre25,Zone162,Neighbourhood460,Dwelling2
VR_947,Ont.,0.0,0.0,0.0,0.0,0.0,2018,centre25,Zone162,Neighbourhood461,Dwelling1
VR_948,Ont.,1.9,1.2,0.0,0.0,1.7,2018,centre25,Zone162,Neighbourhood461,Dwelling2
VR_949,Ont.,0.0,0.0,0.0,0.0,0.0,2018,centre25,Zone162,Neighbourhood462,Dwelling1
VR_950,Ont.,0.0,0.6,0.0,0.0,0.6,2018,centre25,Zone162,Neighbourhood462,Dwelling2
VR_951,Ont.,0.0,0.0,0.0,0.0,0.0,2018,centre25,Zone162,Neighbourhood463,Dwelling1
VR_952,Ont.,1.4,0.4,0.9,0.5,0.7,2018,centre25,Zone162,Neighbourhood463,Dwelling2
VR_953,Ont.,0.0,0.0,0.0,0.0,0.0,2018,centre25,Zone163,Neighbourhood464,Dwelling1
VR_954,Ont.,2.6,1.6,0.8,0.0,1.7,2018,centre25,Zone163,Neighbourhood464,Dwelling2
VR_955,Ont.,0.0,0.0,0.0,0.0,0.0,2018,centre25,Zone163,Neighbourhood465,Dwelling1
VR_956,Ont.,0.0,0.0,0.0,0.0,0.0,2018,centre25,Zone163,Neighbourhood465,Dwelling2
VR_957,Ont.,0.0,0.0,0.0,0.0,0.0,2018,centre25,Zone163,Neighbourhood466,Dwelling1
VR_958,Ont.,0.0,0.9,0.3,0.0,0.0,2018,centre25,Zone163,Neighbourhood466,Dwelling2
VR_959,Ont.,0.0,0.0,0.0,0.0,0.0,2018,centre25,Zone163,Neighbourhood467,Dwelling1
VR_960,Ont.,3.0,2.7,1.0,0.0,2.1,2018,centre25,Zone163,Neighbourhood467,Dwelling2
VR_961,Ont.,0.0,0.0,0.0,0.0,0.0,2018,centre25,Zone163,Neighbourhood468,Dwelling1
VR_962,Ont.,0.0,0.9,0.4,0.0,0.7,2018,centre25,Zone163,Neighbourhood468,Dwelling2
VR_963,Ont.,0.0,0.0,0.0,0.0,0.0,2018,centre25,Zone163,Neighbourhood469,Dwelling1
VR_964,Ont.,0.6,2.7,3.1,0.0,2.6,2018,centre25,Zone163,Neighbourhood469,Dwelling2
VR_965,Ont.,0.0,0.0,0.0,0.0,0.0,2018,centre25,Zone163,Neighbourhood470,Dwelling1
VR_966,Ont.,0.0,0.0,0.0,0.0,0.0,2018,centre25,Zone163,Neighbourhood470,Dwelling2
VR_967,Ont.,0.0,0.0,0.0,0.0,0.0,2018,centre25,Zone163,Neighbourhood471,Dwelling1
VR_968,Ont.,0.0,0.0,0.0,0.0,0.0,2018,centre25,Zone163,Neighbourhood471,Dwelling2
VR_969,Ont.,0.0,0.0,0.0,0.0,0.0,2018,centre25,Zone164,Neighbourhood472,Dwelling1
VR_970,Ont.,4.3,2.6,0.3,0.0,2.0,2018,centre25,Zone164,Neighbourhood472,Dwelling2
VR_971,Ont.,0.0,0.0,0.0,0.0,0.0,2018,centre25,Zone164,Neighbourhood473,Dwelling1
VR_972,Ont.,0.0,0.6,0.7,0.0,0.6,2018,centre25,Zone164,Neighbourhood473,Dwelling2
VR_973,Ont.,0.0,0.0,0.0,0.0,0.0,2018,centre25,Zone164,Neighbourhood474,Dwelling1
VR_974,Ont.,0.0,0.0,0.0,0.0,0.0,2018,centre25,Zone164,Neighbourhood474,Dwelling2
VR_975,Ont.,0.0,0.0,0.0,0.0,0.0,2018,centre25,Zone164,Neighbourhood475,Dwelling1
VR_976,Ont.,0.0,0.0,2.0,0.0,2.0,2018,centre25,Zone164,Neighbourhood475,Dwelling2
VR_977,Ont.,0.0,0.0,0.0,0.0,0.0,2018,centre25,Zone164,Neighbourhood476,Dwelling1
VR_978,Ont.,0.0,0.0,1.3,0.0,1.4,2018,centre25,Zone164,Neighbourhood476,Dwelling2
VR_979,Ont.,0.0,0.0,0.0,0.0,0.0,2018,centre25,Zone164,Neighbourhood477,Dwelling1
VR_980,Ont.,0.0,0.3,0.4,0.0,0.4,2018,centre25,Zone164,Neighbourhood477,Dwelling2
VR_981,Ont.,0.0,0.0,0.0,0.0,0.0,2018,centre25,Zone165,Neighbourhood478,Dwelling1
VR_982,Ont.,0.0,0.0,0.0,0.0,0.0,2018,centre25,Zone165,Neighbourhood478,Dwelling2
VR_983,Ont.,0.0,0.0,0.0,0.0,0.0,2018,centre25,Zone165,Neighbourhood479,Dwelling1
VR_984,Ont.,1.2,1.1,0.3,0.7,0.7,2018,centre25,Zone165,Neighbourhood479,Dwelling2
VR_985,Ont.,0.0,0.0,0.0,0.0,0.0,2018,centre25,Zone165,Neighbourhood480,Dwelling1
VR_986,Ont.,0.0,0.0,0.6,0.9,0.5,2018,centre25,Zone165,Neighbourhood480,Dwelling2
VR_987,Ont.,0.0,0.0,0.0,0.0,0.0,2018,centre25,Zone165,Neighbourhood481,Dwelling1
VR_988,Ont.,0.0,0.0,0.5,0.0,0.3,2018,centre25,Zone165,Neighbourhood481,Dwelling2
VR_989,Ont.,0.0,0.0,0.0,0.0,0.0,2018,centre25,Zone165,Neighbourhood482,Dwelling1
VR_990,Ont.,0.0,2.5,0.4,1.0,1.1,2018,centre25,Zone165,Neighbourhood482,Dwelling2
VR_991,Ont.,0.0,0.0,0.0,0.0,0.0,2018,centre25,Zone165,Neighbourhood483,Dwelling1
VR_992,Ont.,0.0,0.0,0.5,0.0,0.3,2018,centre25,Zone165,Neighbourhood483,Dwelling2
VR_993,Ont.,0.0,0.0,0.0,0.0,0.0,2018,centre25,Zone165,Neighbourhood484,Dwelling1
VR_994,Ont.,0.0,0.0,0.0,0.0,0.0,2018,centre25,Zone165,Neighbourhood484,Dwelling2
VR_995,Ont.,0.0,0.0,4.9,0.0,1.3,2018,centre25,Zone165,Neighbourhood485,Dwelling1
VR_996,Ont.,0.0,0.9,0.7,0.8,0.7,2018,centre25,Zone165,Neighbourhood485,Dwelling2
VR_997,Ont.,0.0,0.0,3.8,0.0,1.5,2018,centre25,Zone165,Neighbourhood486,Dwelling1
VR_998,Ont.,0.0,1.9,1.2,0.0,1.3,2018,centre25,Zone165,Neighbourhood486,Dwelling2
VR_999,Ont.,0.0,0.0,0.0,0.0,0.0,2018,centre25,Zone166,Neighbourhood487,Dwelling1
VR_1000,Ont.,0.0,0.0,0.0,0.0,0.0,2018,centre25,Zone166,Neighbourhood487,Dwelling2
VR_1001,Ont.,0.0,0.0,0.0,0.0,0.0,2018,centre25,Zone166,Neighbourhood488,Dwelling1
VR_1002,Ont.,0.0,0.7,0.6,0.0,0.5,2018,centre25,Zone166,Neighbourhood488,Dwelling2
VR_1003,Ont.,0.0,0.0,0.0,0.0,0.0,2018,centre25,Zone166,Neighbourhood489,Dwelling1
VR_1004,Ont.,0.0,0.7,0.5,0.0,0.6,2018,centre25,Zone166,Neighbourhood489,Dwelling2
VR_1005,Ont.,0.0,0.0,0.0,0.0,0.0,2018,centre25,Zone166,Neighbourhood490,Dwelling1
VR_1006,Ont.,0.0,0.3,0.8,0.1,0.6,2018,centre25,Zone166,Neighbourhood490,Dwelling2
VR_1007,Ont.,0.0,0.0,0.0,0.0,0.0,2018,centre25,Zone167,Neighbourhood491,Dwelling1
VR_1008,Ont.,1.1,1.2,2.1,2.7,1.5,2018,centre25,Zone167,Neighbourhood491,Dwelling2
VR_1009,Ont.,0.0,0.0,0.0,0.0,0.0,2018,centre25,Zone167,Neighbourhood492,Dwelling1
VR_1010,Ont.,0.0,0.2,0.0,0.0,0.4,2018,centre25,Zone167,Neighbourhood492,Dwelling2
VR_1011,Ont.,0.0,0.0,0.0,0.0,0.0,2018,centre25,Zone167,Neighbourhood493,Dwelling1
VR_1012,Ont.,0.0,0.0,0.0,0.0,0.0,2018,centre25,Zone167,Neighbourhood493,Dwelling2
VR_1013,Ont.,0.0,0.0,0.0,0.0,0.0,2018,centre25,Zone167,Neighbourhood494,Dwelling1
VR_1014,Ont.,0.0,0.0,0.0,0.0,0.7,2018,centre25,Zone167,Neighbourhood494,Dwelling2
VR_1015,Ont.,0.0,0.0,0.0,0.0,0.0,2018,centre25,Zone167,Neighbourhood495,Dwelling1
VR_1016,Ont.,0.0,0.0,0.0,0.0,0.0,2018,centre25,Zone167,Neighbourhood495,Dwelling2
VR_1017,Ont.,0.0,0.0,0.0,0.0,0.0,2018,centre25,Zone167,Neighbourhood496,Dwelling1
VR_1018,Ont.,0.0,0.0,0.0,0.0,0.0,2018,centre25,Zone167,Neighbourhood496,Dwelling2
VR_1019,Ont.,0.0,0.0,0.0,0.0,0.0,2018,centre25,Zone167,Neighbourhood497,Dwelling1
VR_1020,Ont.,0.0,0.0,0.0,0.0,1.2,2018,centre25,Zone167,Neighbourhood497,Dwelling2
VR_1021,Ont.,0.0,0.0,0.0,0.0,0.0,2018,centre25,Zone167,Neighbourhood498,Dwelling1
VR_1022,Ont.,0.0,1.4,0.3,0.7,0.9,2018,centre25,Zone167,Neighbourhood498,Dwelling2
VR_1023,Ont.,0.0,0.0,0.0,0.0,0.0,2018,centre25,Zone167,Neighbourhood499,Dwelling1
VR_1024,Ont.,0.0,3.2,2.2,0.0,2.6,2018,centre25,Zone167,Neighbourhood499,Dwelling2
VR_1025,Ont.,0.0,0.0,0.0,0.0,0.0,2018,centre25,Zone167,Neighbourhood500,Dwelling1
VR_1026,Ont.,0.0,0.0,0.2,0.0,0.0,2018,centre25,Zone167,Neighbourhood500,Dwelling2
VR_1027,Ont.,0.0,0.0,0.0,0.0,0.0,2018,centre25,Zone168,Neighbourhood501,Dwelling1
VR_1028,Ont.,2.4,0.4,0.5,0.0,0.6,2018,centre25,Zone168,Neighbourhood501,Dwelling2
VR_1029,Ont.,0.0,0.0,0.0,0.0,0.0,2018,centre25,Zone168,Neighbourhood502,Dwelling1
VR_1030,Ont.,0.0,1.6,0.4,0.0,1.2,2018,centre25,Zone168,Neighbourhood502,Dwelling2
VR_1031,Ont.,0.0,0.0,0.0,0.0,0.0,2018,centre25,Zone168,Neighbourhood503,Dwelling1
VR_1032,Ont.,0.0,0.0,0.0,0.0,0.0,2018,centre25,Zone168,Neighbourhood503,Dwelling2
VR_1033,Ont.,0.0,0.0,0.0,2.9,2.9,2018,centre25,Zone168,Neighbourhood504,Dwelling1
VR_1034,Ont.,2.4,1.2,1.1,0.9,1.2,2018,centre25,Zone168,Neighbourhood504,Dwelling2
VR_1035,Ont.,0.0,0.0,0.0,0.0,0.0,2018,centre25,Zone168,Neighbourhood505,Dwelling1
VR_1036,Ont.,0.0,1.1,1.4,0.7,1.1,2018,centre25,Zone168,Neighbourhood505,Dwelling2
VR_1037,Ont.,0.0,0.0,0.0,0.0,0.0,2018,centre25,Zone168,Neighbourhood506,Dwelling1
VR_1038,Ont.,0.0,0.4,0.0,0.0,0.8,2018,centre25,Zone168,Neighbourhood506,Dwelling2
VR_1039,Ont.,0.0,0.0,0.0,0.0,0.0,2018,centre25,Zone168,Neighbourhood507,Dwelling1
VR_1040,Ont.,0.0,0.7,0.6,1.6,0.7,2018,centre25,Zone168,Neighbourhood507,Dwelling2
VR_1041,Ont.,0.0,0.0,0.0,0.0,0.0,2018,centre25,Zone168,Neighbourhood508,Dwelling1
VR_1042,Ont.,0.0,1.9,0.0,0.0,1.6,2018,centre25,Zone168,Neighbourhood508,Dwelling2
VR_1043,Ont.,0.0,0.0,0.0,0.0,0.0,2018,centre25,Zone169,Neighbourhood509,Dwelling1
VR_1044,Ont.,0.0,1.1,1.1,0.0,1.0,2018,centre25,Zone169,Neighbourhood509,Dwelling2
VR_1045,Ont.,0.0,0.0,0.0,0.0,0.0,2018,centre25,Zone169,Neighbourhood510,Dwelling1
VR_1046,Ont.,0.0,0.9,1.9,0.0,1.5,2018,centre25,Zone169,Neighbourhood510,Dwelling2
VR_1047,Ont.,0.0,0.0,0.0,0.0,0.0,2018,centre25,Zone169,Neighbourhood511,Dwelling1
VR_1048,Ont.,0.0,0.2,0.8,0.2,0.6,2018,centre25,Zone169,Neighbourhood511,Dwelling2
VR_1049,Ont.,0.0,0.0,0.0,0.0,0.0,2018,centre25,Zone169,Neighbourhood512,Dwelling1
VR_1050,Ont.,0.0,1.0,1.9,0.0,1.3,2018,centre25,Zone169,Neighbourhood512,Dwelling2
VR_1051,Ont.,0.0,0.0,0.0,0.0,0.0,2018,centre25,Zone169,Neighbourhood340,Dwelling1
VR_1052,Ont.,0.0,1.6,1.1,0.0,1.3,2018,centre25,Zone169,Neighbourhood340,Dwelling2
VR_1053,Ont.,0.0,0.0,0.0,0.0,0.0,2018,centre25,Zone169,Neighbourhood513,Dwelling1
VR_1054,Ont.,2.3,1.6,0.0,0.0,1.3,2018,centre25,Zone169,Neighbourhood513,Dwelling2
VR_1055,Ont.,0.0,0.0,0.0,0.0,0.0,2018,centre25,Zone169,Neighbourhood514,Dwelling1
VR_1056,Ont.,2.8,0.6,0.7,0.0,0.7,2018,centre25,Zone169,Neighbourhood514,Dwelling2
VR_1057,Ont.,0.0,0.0,0.0,0.0,0.0,2018,centre25,Zone169,Neighbourhood515,Dwelling1
VR_1058,Ont.,0.0,1.0,0.3,0.0,0.7,2018,centre25,Zone169,Neighbourhood515,Dwelling2
VR_1059,Ont.,0.0,0.0,0.0,0.0,0.0,2018,centre25,Zone169,Neighbourhood516,Dwelling1
VR_1060,Ont.,0.0,1.0,0.1,0.0,0.5,2018,centre25,Zone169,Neighbourhood516,Dwelling2
VR_1061,Ont.,0.0,0.0,0.0,0.0,0.0,2018,centre25,Zone169,Neighbourhood517,Dwelling1
VR_1062,Ont.,0.0,0.0,0.4,0.4,0.4,2018,centre25,Zone169,Neighbourhood517,Dwelling2
VR_1063,Ont.,0.0,0.0,0.0,0.0,0.0,2018,centre25,Zone170,Neighbourhood518,Dwelling1
VR_1064,Ont.,5.0,1.3,0.8,2.4,1.1,2018,centre25,Zone170,Neighbourhood518,Dwelling2
VR_1065,Ont.,0.0,0.0,0.0,0.0,0.0,2018,centre25,Zone170,Neighbourhood519,Dwelling1
VR_1066,Ont.,0.0,0.4,0.5,1.2,0.5,2018,centre25,Zone170,Neighbourhood519,Dwelling2
VR_1067,Ont.,0.0,0.0,0.0,0.0,0.0,2018,centre25,Zone170,Neighbourhood520,Dwelling1
VR_1068,Ont.,0.0,0.0,0.5,0.0,0.3,2018,centre25,Zone170,Neighbourhood520,Dwelling2
VR_1069,Ont.,0.0,0.0,0.0,0.0,0.0,2018,centre25,Zone171,Neighbourhood521,Dwelling1
VR_1070,Ont.,5.7,0.4,0.5,0.3,0.5,2018,centre25,Zone171,Neighbourhood521,Dwelling2
VR_1071,Ont.,0.0,0.0,0.0,0.0,0.0,2018,centre25,Zone171,Neighbourhood522,Dwelling1
VR_1072,Ont.,0.0,0.0,0.0,1.5,0.5,2018,centre25,Zone171,Neighbourhood522,Dwelling2
VR_1073,Ont.,0.0,0.0,0.0,0.0,0.0,2018,centre25,Zone171,Neighbourhood523,Dwelling1
VR_1074,Ont.,0.0,1.8,1.2,0.5,1.2,2018,centre25,Zone171,Neighbourhood523,Dwelling2
VR_1075,Ont.,0.0,0.0,0.0,0.0,0.0,2018,centre25,Zone171,Neighbourhood524,Dwelling1
VR_1076,Ont.,0.0,1.3,0.3,0.3,0.6,2018,centre25,Zone171,Neighbourhood524,Dwelling2
VR_1077,Ont.,0.0,0.0,0.0,0.0,0.0,2018,centre25,Zone171,Neighbourhood525,Dwelling1
VR_1078,Ont.,0.0,1.2,0.6,0.0,0.9,2018,centre25,Zone171,Neighbourhood525,Dwelling2
VR_1079,Ont.,0.0,0.0,0.0,0.0,0.0,2018,centre25,Zone171,Neighbourhood526,Dwelling1
VR_1080,Ont.,0.0,0.0,0.0,0.0,0.0,2018,centre25,Zone171,Neighbourhood526,Dwelling2
VR_1081,Ont.,0.0,0.0,0.0,0.0,0.0,2018,centre25,Zone172,Neighbourhood527,Dwelling1
VR_1082,Ont.,0.0,1.3,0.2,0.6,0.8,2018,centre25,Zone172,Neighbourhood527,Dwelling2
VR_1083,Ont.,0.0,0.0,0.0,0.0,0.0,2018,centre25,Zone172,Neighbourhood528,Dwelling1
VR_1084,Ont.,0.0,0.3,0.7,0.0,0.5,2018,centre25,Zone172,Neighbourhood528,Dwelling2
VR_1085,Ont.,0.0,0.0,0.0,0.0,0.0,2018,centre25,Zone172,Neighbourhood529,Dwelling1
VR_1086,Ont.,0.0,1.3,0.3,0.0,0.6,2018,centre25,Zone172,Neighbourhood529,Dwelling2
VR_1087,Ont.,0.0,0.0,0.0,0.5,0.4,2018,centre25,Zone172,Neighbourhood530,Dwelling1
VR_1088,Ont.,0.0,0.5,0.9,0.9,0.8,2018,centre25,Zone172,Neighbourhood530,Dwelling2
VR_1089,Ont.,0.0,0.0,0.0,0.0,0.0,2018,centre25,Zone172,Neighbourhood531,Dwelling1
VR_1090,Ont.,0.0,2.5,1.9,0.8,1.8,2018,centre25,Zone172,Neighbourhood531,Dwelling2
VR_1091,Ont.,0.0,0.0,0.0,0.0,0.0,2018,centre25,Zone173,Neighbourhood532,Dwelling1
VR_1092,Ont.,0.0,0.5,0.8,0.4,0.6,2018,centre25,Zone173,Neighbourhood532,Dwelling2
VR_1093,Ont.,0.0,0.0,0.0,0.3,0.5,2018,centre25,Zone173,Neighbourhood533,Dwelling1
VR_1094,Ont.,0.0,1.2,0.6,1.1,0.8,2018,centre25,Zone173,Neighbourhood533,Dwelling2
VR_1095,Ont.,0.0,0.0,0.0,0.0,0.0,2018,centre25,Zone173,Neighbourhood534,Dwelling1
VR_1096,Ont.,0.0,1.9,4.5,0.0,3.5,2018,centre25,Zone173,Neighbourhood534,Dwelling2
VR_1097,Ont.,0.0,0.0,0.0,0.0,0.0,2018,centre25,Zone173,Neighbourhood535,Dwelling1
VR_1098,Ont.,0.0,1.0,1.5,1.3,1.2,2018,centre25,Zone173,Neighbourhood535,Dwelling2
VR_1099,Ont.,0.0,0.0,0.0,0.0,0.0,2018,centre25,Zone173,Neighbourhood536,Dwelling1
VR_1100,Ont.,0.0,0.3,1.0,1.1,0.8,2018,centre25,Zone173,Neighbourhood536,Dwelling2
VR_1101,Ont.,0.0,0.0,0.0,0.0,0.0,2018,centre25,Zone174,Neighbourhood537,Dwelling1
VR_1102,Ont.,0.0,0.4,0.7,0.0,0.5,2018,centre25,Zone174,Neighbourhood537,Dwelling2
VR_1103,Ont.,0.0,0.0,0.0,0.0,0.0,2018,centre25,Zone174,Neighbourhood538,Dwelling1
VR_1104,Ont.,0.0,1.0,0.1,0.0,1.0,2018,centre25,Zone174,Neighbourhood538,Dwelling2
VR_1105,Ont.,0.0,0.0,0.0,0.0,0.0,2018,centre25,Zone174,Neighbourhood539,Dwelling1
VR_1106,Ont.,0.0,0.0,0.0,0.0,0.0,2018,centre25,Zone174,Neighbourhood539,Dwelling2
VR_1107,Ont.,0.0,0.0,0.0,0.0,0.0,2018,centre25,Zone174,Neighbourhood540,Dwelling1
VR_1108,Ont.,0.0,0.6,0.1,1.8,0.5,2018,centre25,Zone174,Neighbourhood540,Dwelling2
VR_1109,Ont.,0.0,0.0,0.0,0.0,0.0,2018,centre25,Zone174,Neighbourhood541,Dwelling1
VR_1110,Ont.,0.0,0.0,0.3,0.0,0.6,2018,centre25,Zone174,Neighbourhood541,Dwelling2
VR_1111,Ont.,0.0,0.0,0.0,0.0,0.0,2018,centre25,Zone174,Neighbourhood542,Dwelling1
VR_1112,Ont.,0.0,0.0,0.0,0.0,0.0,2018,centre25,Zone174,Neighbourhood542,Dwelling2
VR_1113,Ont.,0.0,0.0,0.0,0.0,0.0,2018,centre25,Zone175,Neighbourhood543,Dwelling1
VR_1114,Ont.,0.0,0.4,0.6,1.8,0.6,2018,centre25,Zone175,Neighbourhood543,Dwelling2
VR_1115,Ont.,0.0,0.0,0.0,0.0,0.0,2018,centre25,Zone175,Neighbourhood544,Dwelling1
VR_1116,Ont.,0.0,0.0,0.4,0.0,1.0,2018,centre25,Zone175,Neighbourhood544,Dwelling2
VR_1117,Ont.,0.0,0.0,0.0,0.0,0.0,2018,centre25,Zone175,Neighbourhood545,Dwelling1
VR_1118,Ont.,0.0,0.2,0.4,0.0,0.3,2018,centre25,Zone175,Neighbourhood545,Dwelling2
VR_1119,Ont.,0.0,0.0,0.0,0.0,0.0,2018,centre25,Zone175,Neighbourhood546,Dwelling1
VR_1120,Ont.,0.0,0.4,0.8,0.6,0.7,2018,centre25,Zone175,Neighbourhood546,Dwelling2
VR_1121,Ont.,0.0,0.0,0.0,0.0,0.0,2018,centre25,Zone175,Neighbourhood547,Dwelling1
VR_1122,Ont.,0.0,0.3,1.2,1.5,0.8,2018,centre25,Zone175,Neighbourhood547,Dwelling2
VR_1123,Ont.,0.0,0.0,0.0,0.0,0.0,2018,centre25,Zone176,Neighbourhood548,Dwelling1
VR_1124,Ont.,1.4,0.7,0.5,0.8,0.6,2018,centre25,Zone176,Neighbourhood548,Dwelling2
VR_1125,Ont.,0.0,0.0,0.0,0.0,0.0,2018,centre25,Zone176,Neighbourhood549,Dwelling1
VR_1126,Ont.,0.0,0.1,1.3,1.3,0.9,2018,centre25,Zone176,Neighbourhood549,Dwelling2
VR_1127,Ont.,0.0,0.0,0.0,0.0,0.0,2018,centre25,Zone177,Neighbourhood550,Dwelling1
VR_1128,Ont.,0.0,0.6,0.7,0.0,0.6,2018,centre25,Zone177,Neighbourhood550,Dwelling2
VR_1129,Ont.,0.0,0.0,0.0,0.0,0.0,2018,centre25,Zone177,Neighbourhood551,Dwelling1
VR_1130,Ont.,0.0,0.7,0.7,0.0,0.8,2018,centre25,Zone177,Neighbourhood551,Dwelling2
VR_1131,Ont.,0.0,0.0,0.0,1.0,0.5,2018,centre25,Zone177,Neighbourhood552,Dwelling1
VR_1132,Ont.,0.8,0.8,0.9,1.3,0.9,2018,centre25,Zone177,Neighbourhood552,Dwelling2
VR_1133,Ont.,0.0,0.0,0.0,0.0,0.0,2018,centre25,Zone178,Neighbourhood553,Dwelling1
VR_1134,Ont.,0.0,0.7,0.5,1.0,0.7,2018,centre25,Zone178,Neighbourhood553,Dwelling2
VR_1135,Ont.,0.0,0.0,0.0,0.0,0.0,2018,centre25,Zone178,Neighbourhood554,Dwelling1
VR_1136,Ont.,0.0,0.5,0.7,1.6,0.8,2018,centre25,Zone178,Neighbourhood554,Dwelling2
VR_1137,Ont.,0.0,0.0,0.0,0.2,0.2,2018,centre25,Zone179,Neighbourhood555,Dwelling1
VR_1138,Ont.,0.0,0.7,0.9,0.8,0.8,2018,centre25,Zone179,Neighbourhood555,Dwelling2
VR_1139,Ont.,0.0,0.0,0.0,0.0,0.0,2018,centre25,Zone179,Neighbourhood556,Dwelling1
VR_1140,Ont.,0.0,0.0,1.6,0.7,1.1,2018,centre25,Zone179,Neighbourhood556,Dwelling2
VR_1141,Ont.,0.0,0.0,0.0,1.3,1.2,2018,centre25,Zone180,Neighbourhood557,Dwelling1
VR_1142,Ont.,0.0,1.1,0.7,0.4,0.8,2018,centre25,Zone180,Neighbourhood557,Dwelling2
VR_1143,Ont.,0.0,0.0,0.0,0.0,0.0,2018,centre25,Zone181,Neighbourhood558,Dwelling1
VR_1144,Ont.,0.0,1.4,1.8,0.5,1.5,2018,centre25,Zone181,Neighbourhood558,Dwelling2
VR_1145,Ont.,0.0,0.0,0.0,0.0,0.0,2018,centre25,Zone182,Neighbourhood559,Dwelling1
VR_1146,Ont.,0.0,1.5,1.3,0.0,1.3,2018,centre25,Zone182,Neighbourhood559,Dwelling2
VR_1147,Ont.,0.0,0.0,0.0,0.0,0.0,2018,centre25,Zone182,Neighbourhood560,Dwelling1
VR_1148,Ont.,5.5,1.0,1.2,1.0,1.3,2018,centre25,Zone182,Neighbourhood560,Dwelling2
VR_1149,Ont.,0.0,0.0,0.0,0.0,0.0,2018,centre25,Zone183,Neighbourhood561,Dwelling1
VR_1150,Ont.,0.0,0.0,0.0,0.0,0.0,2018,centre25,Zone183,Neighbourhood561,Dwelling2
VR_1151,Ont.,0.0,0.0,0.0,0.0,0.0,2018,centre25,Zone184,Neighbourhood562,Dwelling1
VR_1152,Ont.,0.0,1.4,1.2,2.8,1.4,2018,centre25,Zone184,Neighbourhood562,Dwelling2
VR_1153,Ont.,0.0,0.0,0.0,0.0,0.0,2018,centre25,Zone185,Neighbourhood563,Dwelling1
VR_1154,Ont.,0.0,0.0,0.0,0.0,0.0,2018,centre25,Zone185,Neighbourhood563,Dwelling2
VR_1155,Ont.,0.0,0.0,0.0,0.0,0.0,2018,centre25,Zone185,Neighbourhood564,Dwelling1
VR_1156,Ont.,0.0,0.6,2.2,5.7,2.2,2018,centre25,Zone185,Neighbourhood564,Dwelling2
VR_1157,Ont.,0.0,0.0,0.0,0.0,0.0,2018,centre25,Zone185,Neighbourhood565,Dwelling1
VR_1158,Ont.,0.0,2.3,2.7,0.0,2.4,2018,centre25,Zone185,Neighbourhood565,Dwelling2
VR_1159,Ont.,0.0,0.0,0.0,0.0,0.0,2018,centre25,Zone185,Neighbourhood566,Dwelling1
VR_1160,Ont.,0.0,1.4,0.0,0.0,2.5,2018,centre25,Zone185,Neighbourhood566,Dwelling2
VR_1161,Ont.,0.0,0.0,0.0,0.0,0.0,2018,centre25,Zone186,Neighbourhood567,Dwelling1
VR_1162,Ont.,0.0,1.7,1.1,3.4,1.5,2018,centre25,Zone186,Neighbourhood567,Dwelling2
VR_1163,Ont.,0.0,0.0,0.0,0.0,0.0,2018,centre25,Zone187,Neighbourhood568,Dwelling1
VR_1164,Ont.,0.0,0.0,0.5,0.7,0.5,2018,centre25,Zone187,Neighbourhood568,Dwelling2
VR_1165,Ont.,0.0,0.0,0.0,0.0,0.0,2018,centre25,Zone187,Neighbourhood569,Dwelling1
VR_1166,Ont.,0.0,0.0,0.0,0.0,0.0,2018,centre25,Zone187,Neighbourhood569,Dwelling2
VR_1167,Ont.,0.0,0.0,0.0,0.0,0.0,2018,centre25,Zone188,Neighbourhood570,Dwelling1
VR_1168,Ont.,0.0,2.0,0.4,0.0,0.9,2018,centre25,Zone188,Neighbourhood570,Dwelling2
VR_1169,Ont.,0.0,0.0,0.0,0.0,0.0,2018,centre25,Zone189,Neighbourhood571,Dwelling1
VR_1170,Ont.,0.0,1.7,6.5,0.0,4.1,2018,centre25,Zone189,Neighbourhood571,Dwelling2
VR_1171,Ont.,0.0,0.0,0.0,0.0,0.0,2018,centre25,Zone190,Neighbourhood572,Dwelling1
VR_1172,Ont.,6.5,0.4,0.4,1.9,0.7,2018,centre25,Zone190,Neighbourhood572,Dwelling2
VR_1173,Ont.,0.0,0.0,0.0,0.0,0.0,2018,centre26,Zone191,Neighbourhood252,Dwelling1
VR_1174,Ont.,0.0,0.0,2.2,0.0,5.4,2018,centre26,Zone191,Neighbourhood252,Dwelling2
VR_1175,Ont.,0.0,0.0,0.0,0.0,0.0,2018,centre26,Zone191,Neighbourhood573,Dwelling1
VR_1176,Ont.,0.0,0.0,0.0,0.0,0.0,2018,centre26,Zone191,Neighbourhood573,Dwelling2
VR_1177,Ont.,0.0,0.0,0.0,0.0,0.0,2018,centre26,Zone191,Neighbourhood574,Dwelling1
VR_1178,Ont.,1.6,1.1,0.0,0.0,1.6,2018,centre26,Zone191,Neighbourhood574,Dwelling2
VR_1179,Ont.,0.0,0.0,0.0,0.0,0.0,2018,centre26,Zone192,Neighbourhood575,Dwelling1
VR_1180,Ont.,0.0,0.0,0.0,0.0,0.0,2018,centre26,Zone192,Neighbourhood575,Dwelling2
VR_1181,Ont.,0.0,0.0,0.0,0.0,0.0,2018,centre26,Zone192,Neighbourhood576,Dwelling1
VR_1182,Ont.,0.0,0.7,0.0,1.9,1.4,2018,centre26,Zone192,Neighbourhood576,Dwelling2
VR_1183,Ont.,0.0,0.0,0.0,0.0,0.0,2018,centre26,Zone193,Neighbourhood577,Dwelling1
VR_1184,Ont.,7.0,2.0,0.6,0.0,2.5,2018,centre26,Zone193,Neighbourhood577,Dwelling2
VR_1185,Ont.,0.0,0.0,0.0,0.0,0.0,2018,centre26,Zone193,Neighbourhood578,Dwelling1
VR_1186,Ont.,0.0,1.5,2.0,0.0,1.8,2018,centre26,Zone193,Neighbourhood578,Dwelling2
VR_1187,Ont.,0.0,0.0,0.0,0.0,0.0,2018,centre26,Zone193,Neighbourhood579,Dwelling1
VR_1188,Ont.,0.0,0.6,2.5,0.0,1.6,2018,centre26,Zone193,Neighbourhood579,Dwelling2
VR_1189,Ont.,0.0,0.0,0.0,0.0,0.0,2018,centre26,Zone193,Neighbourhood580,Dwelling1
VR_1190,Ont.,0.0,0.0,0.0,0.0,0.0,2018,centre26,Zone193,Neighbourhood580,Dwelling2
VR_1191,Ont.,0.0,0.0,0.0,0.0,0.0,2018,centre26,Zone193,Neighbourhood581,Dwelling1
VR_1192,Ont.,0.0,0.0,0.0,0.0,0.0,2018,centre26,Zone193,Neighbourhood581,Dwelling2
VR_1193,Ont.,0.0,0.0,0.0,0.0,0.0,2018,centre26,Zone20,Neighbourhood582,Dwelling1
VR_1194,Ont.,0.0,4.5,0.9,0.0,3.3,2018,centre26,Zone20,Neighbourhood582,Dwelling2
VR_1195,Ont.,0.0,0.0,0.0,0.0,0.0,2018,centre26,Zone20,Neighbourhood583,Dwelling1
VR_1196,Ont.,0.0,2.1,0.9,0.0,1.6,2018,centre26,Zone20,Neighbourhood583,Dwelling2
VR_1197,Ont.,0.0,0.0,0.0,0.0,0.0,2018,centre26,Zone20,Neighbourhood584,Dwelling1
VR_1198,Ont.,0.0,0.0,0.0,0.0,0.0,2018,centre26,Zone20,Neighbourhood584,Dwelling2
VR_1199,Ont.,0.0,0.0,0.0,0.0,0.0,2018,centre26,Zone194,Neighbourhood585,Dwelling1
VR_1200,Ont.,0.0,2.6,0.0,0.0,3.0,2018,centre26,Zone194,Neighbourhood585,Dwelling2
VR_1201,Ont.,0.0,0.0,0.0,0.0,0.0,2018,centre26,Zone3,Neighbourhood3,Dwelling1
VR_1202,Ont.,0.0,0.0,0.6,0.0,0.9,2018,centre26,Zone3,Neighbourhood3,Dwelling2
VR_1203,Man.,0.0,0.0,0.0,0.0,0.0,2018,centre27,Zone195,Neighbourhood586,Dwelling1
VR_1204,Man.,0.0,4.5,3.2,0.0,3.7,2018,centre27,Zone195,Neighbourhood586,Dwelling2
VR_1205,Man.,0.0,0.0,0.0,0.0,0.0,2018,centre27,Zone195,Neighbourhood587,Dwelling1
VR_1206,Man.,0.0,4.3,2.8,0.0,3.4,2018,centre27,Zone195,Neighbourhood587,Dwelling2
VR_1207,Man.,0.0,0.0,0.0,0.0,0.0,2018,centre27,Zone195,Neighbourhood588,Dwelling1
VR_1208,Man.,1.4,2.4,2.2,3.8,2.3,2018,centre27,Zone195,Neighbourhood588,Dwelling2
VR_1209,Man.,0.0,0.0,0.0,0.0,0.0,2018,centre27,Zone196,Neighbourhood252,Dwelling1
VR_1210,Man.,1.5,3.9,4.0,0.0,3.4,2018,centre27,Zone196,Neighbourhood252,Dwelling2
VR_1211,Man.,0.0,0.0,0.0,0.0,0.0,2018,centre27,Zone196,Neighbourhood589,Dwelling1
VR_1212,Man.,0.0,0.0,0.0,0.0,4.5,2018,centre27,Zone196,Neighbourhood589,Dwelling2
VR_1213,Man.,0.0,0.0,0.0,0.0,0.0,2018,centre27,Zone196,Neighbourhood590,Dwelling1
VR_1214,Man.,5.2,1.3,0.0,0.0,4.4,2018,centre27,Zone196,Neighbourhood590,Dwelling2
VR_1215,Man.,0.0,0.0,0.0,0.0,0.0,2018,centre27,Zone197,Neighbourhood591,Dwelling1
VR_1216,Man.,3.8,6.7,3.9,0.0,5.5,2018,centre27,Zone197,Neighbourhood591,Dwelling2
VR_1217,Man.,0.0,0.0,0.0,0.0,0.0,2018,centre27,Zone197,Neighbourhood592,Dwelling1
VR_1218,Man.,5.4,3.3,2.4,0.0,3.1,2018,centre27,Zone197,Neighbourhood592,Dwelling2
VR_1219,Man.,0.0,0.0,0.0,0.0,0.0,2018,centre27,Zone197,Neighbourhood253,Dwelling1
VR_1220,Man.,6.0,3.1,4.9,0.0,4.2,2018,centre27,Zone197,Neighbourhood253,Dwelling2
VR_1221,Man.,0.0,0.0,0.0,0.0,0.0,2018,centre27,Zone198,Neighbourhood593,Dwelling1
VR_1222,Man.,0.0,0.0,0.0,0.0,0.0,2018,centre27,Zone198,Neighbourhood593,Dwelling2
VR_1223,Man.,0.0,0.0,0.0,0.0,0.0,2018,centre27,Zone198,Neighbourhood594,Dwelling1
VR_1224,Man.,0.0,3.3,2.3,0.0,2.7,2018,centre27,Zone198,Neighbourhood594,Dwelling2
VR_1225,Man.,0.0,0.0,0.0,0.0,0.0,2018,centre27,Zone199,Neighbourhood595,Dwelling1
VR_1226,Man.,2.1,3.4,2.5,2.3,2.9,2018,centre27,Zone199,Neighbourhood595,Dwelling2
VR_1227,Man.,0.0,0.0,0.0,0.0,0.0,2018,centre27,Zone199,Neighbourhood596,Dwelling1
VR_1228,Man.,0.0,1.6,1.7,3.4,1.7,2018,centre27,Zone199,Neighbourhood596,Dwelling2
VR_1229,Man.,0.0,0.0,0.0,0.0,0.0,2018,centre27,Zone200,Neighbourhood597,Dwelling1
VR_1230,Man.,0.0,3.1,1.2,0.0,2.2,2018,centre27,Zone200,Neighbourhood597,Dwelling2
VR_1231,Man.,0.0,0.0,0.0,0.0,0.0,2018,centre27,Zone200,Neighbourhood598,Dwelling1
VR_1232,Man.,0.0,0.4,0.9,0.0,0.7,2018,centre27,Zone200,Neighbourhood598,Dwelling2
VR_1233,Man.,0.0,0.0,13.3,8.3,10.3,2018,centre27,Zone201,Neighbourhood599,Dwelling1
VR_1234,Man.,3.8,2.9,1.9,10.7,2.8,2018,centre27,Zone201,Neighbourhood599,Dwelling2
VR_1235,Man.,0.0,0.0,0.0,0.0,0.0,2018,centre27,Zone201,Neighbourhood600,Dwelling1
VR_1236,Man.,0.0,2.8,1.8,0.0,2.3,2018,centre27,Zone201,Neighbourhood600,Dwelling2
VR_1237,Man.,0.0,0.0,0.0,2.5,5.6,2018,centre27,Zone201,Neighbourhood601,Dwelling1
VR_1238,Man.,0.0,1.1,4.9,0.4,2.6,2018,centre27,Zone201,Neighbourhood601,Dwelling2
VR_1239,Man.,0.0,0.0,0.0,0.0,0.0,2018,centre27,Zone202,Neighbourhood602,Dwelling1
VR_1240,Man.,0.0,6.1,5.1,0.0,5.4,2018,centre27,Zone202,Neighbourhood602,Dwelling2
VR_1241,Man.,0.0,0.0,0.0,0.0,0.0,2018,centre27,Zone203,Neighbourhood603,Dwelling1
VR_1242,Man.,3.0,3.2,1.9,0.0,2.7,2018,centre27,Zone203,Neighbourhood603,Dwelling2
VR_1243,Man.,0.0,0.0,0.0,0.0,0.0,2018,centre27,Zone203,Neighbourhood604,Dwelling1
VR_1244,Man.,0.0,0.3,0.0,0.0,1.1,2018,centre27,Zone203,Neighbourhood604,Dwelling2
VR_1245,Man.,0.0,0.0,0.0,0.6,0.9,2018,centre27,Zone203,Neighbourhood605,Dwelling1
VR_1246,Man.,0.0,2.7,1.7,0.0,2.0,2018,centre27,Zone203,Neighbourhood605,Dwelling2
VR_1247,Man.,0.0,0.0,0.0,4.2,4.2,2018,centre27,Zone204,Neighbourhood606,Dwelling1
VR_1248,Man.,12.3,1.1,2.1,0.0,1.9,2018,centre27,Zone204,Neighbourhood606,Dwelling2
VR_1249,Man.,0.0,0.0,0.0,3.2,3.2,2018,centre27,Zone204,Neighbourhood607,Dwelling1
VR_1250,Man.,0.0,2.6,1.6,0.0,2.0,2018,centre27,Zone204,Neighbourhood607,Dwelling2
VR_1251,Man.,0.0,0.0,0.0,0.0,0.0,2018,centre27,Zone205,Neighbourhood608,Dwelling1
VR_1252,Man.,0.0,2.5,1.5,5.1,2.0,2018,centre27,Zone205,Neighbourhood608,Dwelling2
VR_1253,Man.,0.0,0.0,0.0,3.1,3.6,2018,centre27,Zone205,Neighbourhood609,Dwelling1
VR_1254,Man.,0.0,3.6,3.7,4.4,3.7,2018,centre27,Zone205,Neighbourhood609,Dwelling2
VR_1255,Man.,0.0,0.0,0.0,0.0,0.0,2018,centre27,Zone206,Neighbourhood610,Dwelling1
VR_1256,Man.,0.0,2.4,10.5,18.5,8.6,2018,centre27,Zone206,Neighbourhood610,Dwelling2
VR_1257,Man.,0.0,0.0,0.0,0.0,0.0,2018,centre27,Zone206,Neighbourhood611,Dwelling1
VR_1258,Man.,2.5,2.3,0.0,0.0,1.4,2018,centre27,Zone206,Neighbourhood611,Dwelling2
VR_1259,Man.,0.0,0.0,0.0,1.6,1.5,2018,centre27,Zone23,Neighbourhood612,Dwelling1
VR_1260,Man.,0.0,0.0,0.0,0.0,2.4,2018,centre27,Zone23,Neighbourhood612,Dwelling2
VR_1261,Sask.,0.0,0.0,0.0,0.0,0.0,2018,centre28,Zone108,Neighbourhood613,Dwelling1
VR_1262,Sask.,13.6,11.4,4.7,0.0,10.0,2018,centre28,Zone108,Neighbourhood613,Dwelling2
VR_1263,Sask.,0.0,0.0,0.0,0.0,0.0,2018,centre28,Zone108,Neighbourhood614,Dwelling1
VR_1264,Sask.,4.4,10.3,5.8,0.0,8.3,2018,centre28,Zone108,Neighbourhood614,Dwelling2
VR_1265,Sask.,0.0,0.0,0.0,0.0,0.0,2018,centre28,Zone108,Neighbourhood271,Dwelling1
VR_1266,Sask.,0.0,0.0,8.4,0.0,11.0,2018,centre28,Zone108,Neighbourhood271,Dwelling2
VR_1267,Sask.,0.0,0.0,0.0,0.0,0.0,2018,centre28,Zone108,Neighbourhood615,Dwelling1
VR_1268,Sask.,14.9,6.4,19.7,0.0,12.4,2018,centre28,Zone108,Neighbourhood615,Dwelling2
VR_1269,Sask.,0.0,0.0,0.0,5.3,2.2,2018,centre28,Zone108,Neighbourhood616,Dwelling1
VR_1270,Sask.,9.9,8.8,6.4,4.5,7.5,2018,centre28,Zone108,Neighbourhood616,Dwelling2
VR_1271,Sask.,0.0,0.0,0.0,0.0,0.0,2018,centre28,Zone207,Neighbourhood617,Dwelling1
VR_1272,Sask.,12.4,4.4,0.0,0.0,4.4,2018,centre28,Zone207,Neighbourhood617,Dwelling2
VR_1273,Sask.,0.0,0.0,0.0,0.0,0.0,2018,centre28,Zone207,Neighbourhood618,Dwelling1
VR_1274,Sask.,9.6,12.4,7.9,0.0,9.9,2018,centre28,Zone207,Neighbourhood618,Dwelling2
VR_1275,Sask.,0.0,0.0,0.0,0.0,0.0,2018,centre28,Zone207,Neighbourhood619,Dwelling1
VR_1276,Sask.,19.2,4.1,3.8,8.0,5.4,2018,centre28,Zone207,Neighbourhood619,Dwelling2
VR_1277,Sask.,0.0,0.0,0.0,0.0,0.0,2018,centre28,Zone207,Neighbourhood620,Dwelling1
VR_1278,Sask.,0.0,5.0,6.9,0.0,6.0,2018,centre28,Zone207,Neighbourhood620,Dwelling2
VR_1279,Sask.,0.0,0.0,0.0,0.0,0.0,2018,centre28,Zone208,Neighbourhood621,Dwelling1
VR_1280,Sask.,0.0,13.3,2.8,0.0,6.8,2018,centre28,Zone208,Neighbourhood621,Dwelling2
VR_1281,Sask.,0.0,0.0,0.0,0.0,0.0,2018,centre28,Zone208,Neighbourhood622,Dwelling1
VR_1282,Sask.,0.0,2.9,4.2,0.0,3.6,2018,centre28,Zone208,Neighbourhood622,Dwelling2
VR_1283,Sask.,0.0,0.0,0.0,0.0,0.0,2018,centre28,Zone22,Neighbourhood623,Dwelling1
VR_1284,Sask.,0.0,0.0,4.8,3.3,5.9,2018,centre28,Zone22,Neighbourhood623,Dwelling2
VR_1285,Sask.,0.0,0.0,0.0,0.0,0.0,2018,centre28,Zone22,Neighbourhood624,Dwelling1
VR_1286,Sask.,0.0,2.5,9.7,0.0,6.4,2018,centre28,Zone22,Neighbourhood624,Dwelling2
VR_1287,Sask.,0.0,0.0,0.0,4.6,4.4,2018,centre28,Zone22,Neighbourhood49,Dwelling1
VR_1288,Sask.,0.0,4.0,4.3,6.4,4.4,2018,centre28,Zone22,Neighbourhood49,Dwelling2
VR_1289,Sask.,0.0,0.0,0.0,0.0,0.0,2018,centre28,Zone20,Neighbourhood625,Dwelling1
VR_1290,Sask.,7.4,11.9,11.2,0.0,10.9,2018,centre28,Zone20,Neighbourhood625,Dwelling2
VR_1291,Sask.,0.0,0.0,0.0,0.0,0.0,2018,centre28,Zone20,Neighbourhood626,Dwelling1
VR_1292,Sask.,0.0,13.5,11.0,0.0,12.0,2018,centre28,Zone20,Neighbourhood626,Dwelling2
VR_1293,Sask.,0.0,0.0,0.0,0.0,0.0,2018,centre28,Zone20,Neighbourhood46,Dwelling1
VR_1294,Sask.,10.0,9.4,11.9,0.0,10.0,2018,centre28,Zone20,Neighbourhood46,Dwelling2
VR_1295,Sask.,0.0,0.0,0.0,0.0,0.0,2018,centre28,Zone124,Neighbourhood627,Dwelling1
VR_1296,Sask.,0.0,12.9,6.3,0.0,8.0,2018,centre28,Zone124,Neighbourhood627,Dwelling2
VR_1297,Sask.,0.0,0.0,0.0,0.0,0.0,2018,centre28,Zone124,Neighbourhood628,Dwelling1
VR_1298,Sask.,0.0,14.0,9.3,0.0,10.3,2018,centre28,Zone124,Neighbourhood628,Dwelling2
VR_1299,Sask.,0.0,0.0,0.0,0.0,0.0,2018,centre28,Zone125,Neighbourhood629,Dwelling1
VR_1300,Sask.,0.0,4.1,5.5,2.4,5.0,2018,centre28,Zone125,Neighbourhood629,Dwelling2
VR_1301,Sask.,0.0,0.0,0.0,0.0,0.0,2018,centre28,Zone23,Neighbourhood612,Dwelling1
VR_1302,Sask.,0.0,0.0,0.0,0.0,0.0,2018,centre28,Zone23,Neighbourhood612,Dwelling2
VR_1303,Sask.,0.0,0.0,0.0,0.0,2.9,2018,centre29,Zone108,Neighbourhood271,Dwelling1
VR_1304,Sask.,2.7,6.6,6.4,10.9,6.2,2018,centre29,Zone108,Neighbourhood271,Dwelling2
VR_1305,Sask.,0.0,0.0,0.0,0.0,0.0,2018,centre29,Zone108,Neighbourhood630,Dwelling1
VR_1306,Sask.,0.0,0.0,11.3,0.0,9.5,2018,centre29,Zone108,Neighbourhood630,Dwelling2
VR_1307,Sask.,0.0,0.0,0.0,0.0,0.0,2018,centre29,Zone19,Neighbourhood631,Dwelling1
VR_1308,Sask.,9.6,5.6,6.4,13.5,6.4,2018,centre29,Zone19,Neighbourhood631,Dwelling2
VR_1309,Sask.,0.0,0.0,0.0,0.0,0.0,2018,centre29,Zone19,Neighbourhood632,Dwelling1
VR_1310,Sask.,3.7,14.9,12.6,0.0,13.1,2018,centre29,Zone19,Neighbourhood632,Dwelling2
VR_1311,Sask.,0.0,0.0,0.0,0.0,0.0,2018,centre29,Zone209,Neighbourhood633,Dwelling1
VR_1312,Sask.,0.0,7.3,13.2,9.8,11.2,2018,centre29,Zone209,Neighbourhood633,Dwelling2
VR_1313,Sask.,0.0,0.0,0.0,0.0,0.0,2018,centre29,Zone209,Neighbourhood634,Dwelling1
VR_1314,Sask.,0.0,2.6,4.8,0.0,6.2,2018,centre29,Zone209,Neighbourhood634,Dwelling2
VR_1315,Sask.,0.0,0.0,0.0,0.0,0.0,2018,centre29,Zone124,Neighbourhood635,Dwelling1
VR_1316,Sask.,0.0,10.9,8.0,0.0,7.8,2018,centre29,Zone124,Neighbourhood635,Dwelling2
VR_1317,Sask.,0.0,0.0,0.0,0.0,0.0,2018,centre29,Zone124,Neighbourhood636,Dwelling1
VR_1318,Sask.,0.0,10.0,5.0,0.9,6.0,2018,centre29,Zone124,Neighbourhood636,Dwelling2
VR_1319,Sask.,0.0,0.0,0.0,0.0,0.0,2018,centre29,Zone21,Neighbourhood637,Dwelling1
VR_1320,Sask.,0.0,7.5,10.9,0.0,9.6,2018,centre29,Zone21,Neighbourhood637,Dwelling2
VR_1321,Sask.,0.0,0.0,0.0,0.0,0.0,2018,centre29,Zone21,Neighbourhood629,Dwelling1
VR_1322,Sask.,0.0,13.4,17.8,0.0,13.9,2018,centre29,Zone21,Neighbourhood629,Dwelling2
VR_1323,Sask.,0.0,0.0,0.0,0.0,0.0,2018,centre29,Zone126,Neighbourhood638,Dwelling1
VR_1324,Sask.,0.0,10.6,14.8,8.9,12.9,2018,centre29,Zone126,Neighbourhood638,Dwelling2
VR_1325,Sask.,0.0,0.0,0.0,0.0,0.0,2018,centre29,Zone126,Neighbourhood639,Dwelling1
VR_1326,Sask.,0.0,5.9,1.0,0.0,1.3,2018,centre29,Zone126,Neighbourhood639,Dwelling2
VR_1327,Sask.,0.0,0.0,0.0,0.0,0.0,2018,centre29,Zone20,Neighbourhood640,Dwelling1
VR_1328,Sask.,0.0,3.7,15.5,23.1,13.4,2018,centre29,Zone20,Neighbourhood640,Dwelling2
VR_1329,Sask.,0.0,0.0,0.0,0.0,0.0,2018,centre29,Zone20,Neighbourhood641,Dwelling1
VR_1330,Sask.,0.0,0.0,1.4,0.0,1.9,2018,centre29,Zone20,Neighbourhood641,Dwelling2
VR_1331,Sask.,0.0,0.0,0.0,0.0,0.0,2018,centre29,Zone20,Neighbourhood46,Dwelling1
VR_1332,Sask.,8.1,4.4,4.6,3.2,4.6,2018,centre29,Zone20,Neighbourhood46,Dwelling2
VR_1333,Sask.,0.0,0.0,8.9,0.0,7.6,2018,centre29,Zone23,Neighbourhood612,Dwelling1
VR_1334,Sask.,0.0,19.2,11.8,0.0,11.3,2018,centre29,Zone23,Neighbourhood612,Dwelling2
VR_1335,Alta,0.0,0.0,0.0,0.0,0.0,2018,centre30,Zone93,Neighbourhood642,Dwelling1
VR_1336,Alta,1.3,2.7,4.9,16.6,3.4,2018,centre30,Zone93,Neighbourhood642,Dwelling2
VR_1337,Alta,0.0,0.0,0.0,0.0,0.0,2018,centre30,Zone93,Neighbourhood643,Dwelling1
VR_1338,Alta,0.0,5.8,4.6,0.0,5.1,2018,centre30,Zone93,Neighbourhood643,Dwelling2
VR_1339,Alta,0.0,0.0,0.0,0.0,0.0,2018,centre30,Zone210,Neighbourhood644,Dwelling1
VR_1340,Alta,1.5,3.7,4.3,8.2,3.8,2018,centre30,Zone210,Neighbourhood644,Dwelling2
VR_1341,Alta,0.0,0.0,0.0,0.0,0.0,2018,centre30,Zone210,Neighbourhood645,Dwelling1
VR_1342,Alta,5.7,2.6,3.3,0.0,3.0,2018,centre30,Zone210,Neighbourhood645,Dwelling2
VR_1343,Alta,0.0,0.0,0.0,0.0,0.0,2018,centre30,Zone210,Neighbourhood646,Dwelling1
VR_1344,Alta,0.0,6.4,7.3,0.0,6.5,2018,centre30,Zone210,Neighbourhood646,Dwelling2
VR_1345,Alta,0.0,0.0,0.0,0.0,0.0,2018,centre30,Zone211,Neighbourhood647,Dwelling1
VR_1346,Alta,0.0,3.8,3.8,0.0,3.9,2018,centre30,Zone211,Neighbourhood647,Dwelling2
VR_1347,Alta,0.0,0.0,0.0,0.0,0.0,2018,centre30,Zone211,Neighbourhood648,Dwelling1
VR_1348,Alta,0.0,2.5,3.8,0.0,3.4,2018,centre30,Zone211,Neighbourhood648,Dwelling2
VR_1349,Alta,0.0,0.0,0.0,0.0,0.0,2018,centre30,Zone211,Neighbourhood649,Dwelling1
VR_1350,Alta,0.0,5.7,0.0,0.0,0.0,2018,centre30,Zone211,Neighbourhood649,Dwelling2
VR_1351,Alta,0.0,0.0,0.0,8.3,0.0,2018,centre30,Zone126,Neighbourhood650,Dwelling1
VR_1352,Alta,0.0,0.0,4.2,0.0,5.3,2018,centre30,Zone126,Neighbourhood650,Dwelling2
VR_1353,Alta,0.0,0.0,0.0,0.0,0.0,2018,centre30,Zone126,Neighbourhood651,Dwelling1
VR_1354,Alta,0.0,0.0,3.1,0.0,2.4,2018,centre30,Zone126,Neighbourhood651,Dwelling2
VR_1355,Alta,0.0,0.0,0.0,0.0,0.0,2018,centre30,Zone126,Neighbourhood652,Dwelling1
VR_1356,Alta,0.0,0.0,1.3,0.0,0.6,2018,centre30,Zone126,Neighbourhood652,Dwelling2
VR_1357,Alta,0.0,0.0,0.0,0.0,0.0,2018,centre30,Zone126,Neighbourhood653,Dwelling1
VR_1358,Alta,0.0,1.9,3.4,0.0,2.5,2018,centre30,Zone126,Neighbourhood653,Dwelling2
VR_1359,Alta,0.0,0.0,0.0,0.0,0.0,2018,centre30,Zone126,Neighbourhood654,Dwelling1
VR_1360,Alta,0.0,2.2,3.2,0.0,2.6,2018,centre30,Zone126,Neighbourhood654,Dwelling2
VR_1361,Alta,0.0,0.0,0.0,0.0,0.0,2018,centre30,Zone126,Neighbourhood655,Dwelling1
VR_1362,Alta,0.0,1.8,2.2,0.0,1.9,2018,centre30,Zone126,Neighbourhood655,Dwelling2
VR_1363,Alta,0.0,0.0,0.0,0.0,0.0,2018,centre30,Zone126,Neighbourhood656,Dwelling1
VR_1364,Alta,0.0,0.0,8.2,0.0,6.4,2018,centre30,Zone126,Neighbourhood656,Dwelling2
VR_1365,Alta,0.0,0.0,0.0,0.0,0.0,2018,centre30,Zone126,Neighbourhood657,Dwelling1
VR_1366,Alta,0.0,0.0,0.0,0.0,0.0,2018,centre30,Zone126,Neighbourhood657,Dwelling2
VR_1367,Alta,0.0,0.0,1.3,3.4,2.3,2018,centre30,Zone209,Neighbourhood658,Dwelling1
VR_1368,Alta,0.0,1.0,4.2,6.2,3.2,2018,centre30,Zone209,Neighbourhood658,Dwelling2
VR_1369,Alta,0.0,0.0,0.0,0.0,0.0,2018,centre30,Zone209,Neighbourhood659,Dwelling1
VR_1370,Alta,0.0,2.4,0.0,10.0,3.2,2018,centre30,Zone209,Neighbourhood659,Dwelling2
VR_1371,Alta,0.0,0.0,0.0,0.0,0.0,2018,centre30,Zone209,Neighbourhood660,Dwelling1
VR_1372,Alta,0.0,0.0,1.3,0.0,0.6,2018,centre30,Zone209,Neighbourhood660,Dwelling2
VR_1373,Alta,0.0,0.0,0.0,0.0,0.0,2018,centre30,Zone209,Neighbourhood661,Dwelling1
VR_1374,Alta,0.0,0.0,0.0,0.0,0.0,2018,centre30,Zone209,Neighbourhood661,Dwelling2
VR_1375,Alta,0.0,0.0,5.0,7.4,5.7,2018,centre30,Zone125,Neighbourhood662,Dwelling1
VR_1376,Alta,0.0,0.0,0.0,0.0,0.0,2018,centre30,Zone125,Neighbourhood662,Dwelling2
VR_1377,Alta,0.0,0.0,0.0,0.0,0.0,2018,centre30,Zone125,Neighbourhood663,Dwelling1
VR_1378,Alta,0.0,5.2,4.1,0.0,5.5,2018,centre30,Zone125,Neighbourhood663,Dwelling2
VR_1379,Alta,0.0,0.0,0.0,0.0,0.0,2018,centre30,Zone125,Neighbourhood664,Dwelling1
VR_1380,Alta,0.0,0.0,0.0,0.0,0.0,2018,centre30,Zone125,Neighbourhood664,Dwelling2
VR_1381,Alta,0.0,0.0,3.0,4.3,3.8,2018,centre30,Zone125,Neighbourhood665,Dwelling1
VR_1382,Alta,0.0,1.9,10.6,0.0,5.8,2018,centre30,Zone125,Neighbourhood665,Dwelling2
VR_1383,Alta,0.0,0.0,0.0,0.0,0.0,2018,centre30,Zone125,Neighbourhood666,Dwelling1
VR_1384,Alta,0.0,0.7,3.5,0.0,2.2,2018,centre30,Zone125,Neighbourhood666,Dwelling2
VR_1385,Alta,0.0,0.0,0.0,0.0,0.0,2018,centre30,Zone125,Neighbourhood667,Dwelling1
VR_1386,Alta,0.0,2.9,4.9,0.0,3.9,2018,centre30,Zone125,Neighbourhood667,Dwelling2
VR_1387,Alta,0.0,0.0,0.0,0.0,0.0,2018,centre30,Zone125,Neighbourhood668,Dwelling1
VR_1388,Alta,0.0,0.0,0.0,0.0,2.3,2018,centre30,Zone125,Neighbourhood668,Dwelling2
VR_1389,Alta,0.0,0.0,0.0,0.0,0.0,2018,centre30,Zone125,Neighbourhood669,Dwelling1
VR_1390,Alta,0.0,2.4,4.7,4.7,3.6,2018,centre30,Zone125,Neighbourhood669,Dwelling2
VR_1391,Alta,0.0,0.0,0.0,0.0,0.0,2018,centre30,Zone125,Neighbourhood670,Dwelling1
VR_1392,Alta,0.0,0.0,4.6,0.0,2.3,2018,centre30,Zone125,Neighbourhood670,Dwelling2
VR_1393,Alta,0.0,0.0,0.0,0.0,0.0,2018,centre30,Zone125,Neighbourhood671,Dwelling1
VR_1394,Alta,0.0,0.0,6.4,8.0,4.9,2018,centre30,Zone125,Neighbourhood671,Dwelling2
VR_1395,Alta,0.0,0.0,0.0,0.0,0.0,2018,centre30,Zone125,Neighbourhood672,Dwelling1
VR_1396,Alta,0.0,0.0,0.0,0.0,0.0,2018,centre30,Zone125,Neighbourhood672,Dwelling2
VR_1397,Alta,0.0,0.0,0.0,0.0,0.0,2018,centre30,Zone125,Neighbourhood673,Dwelling1
VR_1398,Alta,0.0,1.1,0.5,0.0,0.7,2018,centre30,Zone125,Neighbourhood673,Dwelling2
VR_1399,Alta,0.0,0.0,4.4,0.0,5.7,2018,centre30,Zone125,Neighbourhood674,Dwelling1
VR_1400,Alta,0.0,0.0,0.0,0.0,0.0,2018,centre30,Zone125,Neighbourhood674,Dwelling2
VR_1401,Alta,0.0,0.0,12.9,5.1,6.8,2018,centre30,Zone124,Neighbourhood675,Dwelling1
VR_1402,Alta,0.0,2.5,2.0,0.0,2.1,2018,centre30,Zone124,Neighbourhood675,Dwelling2
VR_1403,Alta,0.0,0.0,3.2,0.0,2.0,2018,centre30,Zone124,Neighbourhood676,Dwelling1
VR_1404,Alta,0.0,0.0,0.0,0.0,0.0,2018,centre30,Zone124,Neighbourhood676,Dwelling2
VR_1405,Alta,0.0,0.0,0.0,0.0,0.0,2018,centre30,Zone124,Neighbourhood677,Dwelling1
VR_1406,Alta,0.0,3.9,4.0,0.0,4.0,2018,centre30,Zone124,Neighbourhood677,Dwelling2
VR_1407,Alta,0.0,0.0,4.5,3.1,3.9,2018,centre30,Zone124,Neighbourhood678,Dwelling1
VR_1408,Alta,0.0,0.0,0.0,0.0,1.9,2018,centre30,Zone124,Neighbourhood678,Dwelling2
VR_1409,Alta,0.0,0.0,0.0,0.0,0.0,2018,centre30,Zone124,Neighbourhood679,Dwelling1
VR_1410,Alta,0.0,4.2,14.5,0.0,10.3,2018,centre30,Zone124,Neighbourhood679,Dwelling2
VR_1411,Alta,0.0,0.0,0.0,0.0,0.0,2018,centre30,Zone124,Neighbourhood680,Dwelling1
VR_1412,Alta,0.0,1.4,3.5,0.0,2.9,2018,centre30,Zone124,Neighbourhood680,Dwelling2
VR_1413,Alta,0.0,0.0,0.0,0.0,0.0,2018,centre30,Zone212,Neighbourhood681,Dwelling1
VR_1414,Alta,0.0,0.0,0.0,0.0,4.9,2018,centre30,Zone212,Neighbourhood681,Dwelling2
VR_1415,Alta,0.0,0.0,0.0,0.0,0.0,2018,centre30,Zone212,Neighbourhood682,Dwelling1
VR_1416,Alta,0.0,10.1,0.5,0.0,6.6,2018,centre30,Zone212,Neighbourhood682,Dwelling2
VR_1417,Alta,0.0,0.0,0.0,0.0,0.0,2018,centre30,Zone212,Neighbourhood683,Dwelling1
VR_1418,Alta,0.0,0.0,0.0,0.0,0.0,2018,centre30,Zone212,Neighbourhood683,Dwelling2
VR_1419,Alta,0.0,0.0,0.0,0.0,0.0,2018,centre30,Zone212,Neighbourhood684,Dwelling1
VR_1420,Alta,0.0,7.8,9.8,0.0,8.2,2018,centre30,Zone212,Neighbourhood684,Dwelling2
VR_1421,Alta,0.0,0.0,3.2,3.8,3.5,2018,centre30,Zone213,Neighbourhood685,Dwelling1
VR_1422,Alta,0.0,2.5,4.3,9.7,4.3,2018,centre30,Zone213,Neighbourhood685,Dwelling2
VR_1423,Alta,0.0,0.0,0.0,0.0,0.0,2018,centre30,Zone213,Neighbourhood686,Dwelling1
VR_1424,Alta,0.0,10.0,4.6,0.0,7.0,2018,centre30,Zone213,Neighbourhood686,Dwelling2
VR_1425,Alta,0.0,0.0,0.0,0.0,0.0,2018,centre30,Zone213,Neighbourhood687,Dwelling1
VR_1426,Alta,0.0,9.4,4.4,0.0,5.8,2018,centre30,Zone213,Neighbourhood687,Dwelling2
VR_1427,Alta,0.0,0.0,0.0,0.0,0.0,2018,centre30,Zone213,Neighbourhood688,Dwelling1
VR_1428,Alta,0.0,0.0,2.2,3.3,2.2,2018,centre30,Zone213,Neighbourhood688,Dwelling2
VR_1429,Alta,0.0,0.0,0.0,0.0,0.0,2018,centre30,Zone214,Neighbourhood689,Dwelling1
VR_1430,Alta,0.0,2.6,3.6,0.0,3.3,2018,centre30,Zone214,Neighbourhood689,Dwelling2
VR_1431,Alta,0.0,0.0,0.0,0.0,0.0,2018,centre30,Zone214,Neighbourhood690,Dwelling1
VR_1432,Alta,8.7,0.0,0.0,0.0,4.1,2018,centre30,Zone214,Neighbourhood690,Dwelling2
VR_1433,Alta,0.0,0.0,0.0,0.0,0.0,2018,centre30,Zone214,Neighbourhood691,Dwelling1
VR_1434,Alta,0.0,9.5,12.7,0.0,11.9,2018,centre30,Zone214,Neighbourhood691,Dwelling2
VR_1435,Alta,0.0,0.0,0.0,0.0,0.0,2018,centre31,Zone93,Neighbourhood252,Dwelling1
VR_1436,Alta,4.2,4.9,9.0,0.0,6.1,2018,centre31,Zone93,Neighbourhood252,Dwelling2
VR_1437,Alta,0.0,0.0,0.0,0.0,0.0,2018,centre31,Zone93,Neighbourhood692,Dwelling1
VR_1438,Alta,0.0,2.7,2.0,0.0,2.4,2018,centre31,Zone93,Neighbourhood692,Dwelling2
VR_1439,Alta,0.0,0.0,0.0,0.0,0.0,2018,centre31,Zone93,Neighbourhood693,Dwelling1
VR_1440,Alta,5.6,5.4,5.5,1.5,5.4,2018,centre31,Zone93,Neighbourhood693,Dwelling2
VR_1441,Alta,0.0,0.0,0.0,0.0,0.0,2018,centre31,Zone93,Neighbourhood694,Dwelling1
VR_1442,Alta,6.0,5.1,7.5,2.4,6.1,2018,centre31,Zone93,Neighbourhood694,Dwelling2
VR_1443,Alta,0.0,0.0,0.0,0.0,0.0,2018,centre31,Zone215,Neighbourhood695,Dwelling1
VR_1444,Alta,0.0,6.7,3.6,0.0,5.9,2018,centre31,Zone215,Neighbourhood695,Dwelling2
VR_1445,Alta,0.0,0.0,0.0,0.0,1.9,2018,centre31,Zone215,Neighbourhood696,Dwelling1
VR_1446,Alta,5.5,3.7,4.0,0.0,4.0,2018,centre31,Zone215,Neighbourhood696,Dwelling2
VR_1447,Alta,0.0,0.0,0.0,0.0,0.0,2018,centre31,Zone216,Neighbourhood697,Dwelling1
VR_1448,Alta,0.0,4.1,2.5,0.0,3.9,2018,centre31,Zone216,Neighbourhood697,Dwelling2
VR_1449,Alta,0.0,0.0,0.0,0.0,0.0,2018,centre31,Zone216,Neighbourhood582,Dwelling1
VR_1450,Alta,1.8,4.8,3.8,0.0,4.1,2018,centre31,Zone216,Neighbourhood582,Dwelling2
VR_1451,Alta,0.0,0.0,0.0,0.0,0.0,2018,centre31,Zone217,Neighbourhood698,Dwelling1
VR_1452,Alta,0.0,5.1,4.7,0.0,5.1,2018,centre31,Zone217,Neighbourhood698,Dwelling2
VR_1453,Alta,0.0,0.0,8.9,0.0,6.0,2018,centre31,Zone217,Neighbourhood699,Dwelling1
VR_1454,Alta,0.0,8.4,7.4,2.6,8.1,2018,centre31,Zone217,Neighbourhood699,Dwelling2
VR_1455,Alta,0.0,0.0,0.0,0.0,0.0,2018,centre31,Zone217,Neighbourhood700,Dwelling1
VR_1456,Alta,0.0,0.0,0.0,0.0,0.0,2018,centre31,Zone217,Neighbourhood700,Dwelling2
VR_1457,Alta,0.0,0.0,0.0,0.0,0.0,2018,centre31,Zone218,Neighbourhood701,Dwelling1
VR_1458,Alta,0.0,3.9,3.0,3.0,3.3,2018,centre31,Zone218,Neighbourhood701,Dwelling2
VR_1459,Alta,0.0,0.0,0.0,0.0,0.0,2018,centre31,Zone218,Neighbourhood702,Dwelling1
VR_1460,Alta,0.0,4.4,5.7,0.0,5.2,2018,centre31,Zone218,Neighbourhood702,Dwelling2
VR_1461,Alta,0.0,0.0,0.0,0.0,0.0,2018,centre31,Zone218,Neighbourhood703,Dwelling1
VR_1462,Alta,0.0,9.0,6.9,6.1,8.0,2018,centre31,Zone218,Neighbourhood703,Dwelling2
VR_1463,Alta,0.0,0.0,0.0,0.0,0.0,2018,centre31,Zone218,Neighbourhood704,Dwelling1
VR_1464,Alta,0.0,3.1,0.0,0.0,0.0,2018,centre31,Zone218,Neighbourhood704,Dwelling2
VR_1465,Alta,0.0,0.0,0.0,0.0,0.0,2018,centre31,Zone219,Neighbourhood705,Dwelling1
VR_1466,Alta,5.1,2.6,4.0,0.0,3.5,2018,centre31,Zone219,Neighbourhood705,Dwelling2
VR_1467,Alta,0.0,0.0,0.0,0.0,0.0,2018,centre31,Zone219,Neighbourhood706,Dwelling1
VR_1468,Alta,0.0,4.0,4.5,0.0,4.7,2018,centre31,Zone219,Neighbourhood706,Dwelling2
VR_1469,Alta,0.0,0.0,0.0,1.8,1.3,2018,centre31,Zone219,Neighbourhood707,Dwelling1
VR_1470,Alta,1.9,1.5,1.8,2.5,1.8,2018,centre31,Zone219,Neighbourhood707,Dwelling2
VR_1471,Alta,0.0,0.0,0.0,3.6,3.3,2018,centre31,Zone219,Neighbourhood708,Dwelling1
VR_1472,Alta,0.0,0.0,8.4,0.0,8.3,2018,centre31,Zone219,Neighbourhood708,Dwelling2
VR_1473,Alta,0.0,0.0,0.0,0.0,0.0,2018,centre31,Zone219,Neighbourhood709,Dwelling1
VR_1474,Alta,0.0,3.4,5.4,0.0,4.9,2018,centre31,Zone219,Neighbourhood709,Dwelling2
VR_1475,Alta,0.0,0.0,0.0,20.0,20.0,2018,centre31,Zone220,Neighbourhood710,Dwelling1
VR_1476,Alta,0.0,1.7,4.4,1.5,3.3,2018,centre31,Zone220,Neighbourhood710,Dwelling2
VR_1477,Alta,0.0,0.0,5.9,5.7,5.8,2018,centre31,Zone220,Neighbourhood711,Dwelling1
VR_1478,Alta,0.0,2.5,3.5,4.1,3.1,2018,centre31,Zone220,Neighbourhood711,Dwelling2
VR_1479,Alta,0.0,0.0,0.0,0.0,0.0,2018,centre31,Zone220,Neighbourhood712,Dwelling1
VR_1480,Alta,0.0,2.6,4.4,4.3,3.9,2018,centre31,Zone220,Neighbourhood712,Dwelling2
VR_1481,Alta,0.0,0.0,0.0,0.0,0.0,2018,centre31,Zone220,Neighbourhood713,Dwelling1
VR_1482,Alta,3.1,2.5,2.9,0.0,2.7,2018,centre31,Zone220,Neighbourhood713,Dwelling2
VR_1483,Alta,0.0,0.0,0.0,0.0,0.0,2018,centre31,Zone220,Neighbourhood714,Dwelling1
VR_1484,Alta,10.9,3.8,4.5,3.1,4.4,2018,centre31,Zone220,Neighbourhood714,Dwelling2
VR_1485,Alta,0.0,0.0,0.0,0.0,0.0,2018,centre31,Zone220,Neighbourhood715,Dwelling1
VR_1486,Alta,0.0,3.5,3.6,3.8,3.5,2018,centre31,Zone220,Neighbourhood715,Dwelling2
VR_1487,Alta,0.0,0.0,0.0,0.0,0.0,2018,centre31,Zone221,Neighbourhood716,Dwelling1
VR_1488,Alta,0.0,1.8,0.0,0.0,2.2,2018,centre31,Zone221,Neighbourhood716,Dwelling2
VR_1489,Alta,0.0,0.0,0.0,0.0,0.0,2018,centre31,Zone221,Neighbourhood717,Dwelling1
VR_1490,Alta,0.0,6.9,13.6,0.0,10.3,2018,centre31,Zone221,Neighbourhood717,Dwelling2
VR_1491,Alta,0.0,0.0,0.0,6.9,5.7,2018,centre31,Zone221,Neighbourhood718,Dwelling1
VR_1492,Alta,0.0,7.2,11.9,0.0,9.0,2018,centre31,Zone221,Neighbourhood718,Dwelling2
VR_1493,Alta,0.0,0.0,0.0,2.7,8.0,2018,centre31,Zone221,Neighbourhood719,Dwelling1
VR_1494,Alta,0.0,5.9,7.9,0.0,6.1,2018,centre31,Zone221,Neighbourhood719,Dwelling2
VR_1495,Alta,0.0,0.0,0.0,2.1,2.8,2018,centre31,Zone222,Neighbourhood720,Dwelling1
VR_1496,Alta,0.0,0.0,3.9,4.7,4.0,2018,centre31,Zone222,Neighbourhood720,Dwelling2
VR_1497,Alta,0.0,0.0,0.0,0.0,3.1,2018,centre31,Zone222,Neighbourhood721,Dwelling1
VR_1498,Alta,0.0,2.5,1.4,0.0,2.0,2018,centre31,Zone222,Neighbourhood721,Dwelling2
VR_1499,Alta,0.0,0.0,11.5,3.3,5.7,2018,centre31,Zone222,Neighbourhood722,Dwelling1
VR_1500,Alta,0.0,12.9,5.0,5.7,6.1,2018,centre31,Zone222,Neighbourhood722,Dwelling2
VR_1501,Alta,0.0,0.0,0.0,0.0,6.3,2018,centre31,Zone223,Neighbourhood723,Dwelling1
VR_1502,Alta,0.0,0.0,0.0,0.0,0.0,2018,centre31,Zone223,Neighbourhood723,Dwelling2
VR_1503,Alta,0.0,0.0,16.7,18.6,16.4,2018,centre31,Zone223,Neighbourhood724,Dwelling1
VR_1504,Alta,0.0,10.2,13.1,0.0,11.3,2018,centre31,Zone223,Neighbourhood724,Dwelling2
VR_1505,Alta,0.0,0.0,0.0,0.0,0.0,2018,centre31,Zone223,Neighbourhood725,Dwelling1
VR_1506,Alta,4.7,0.0,0.0,0.0,0.0,2018,centre31,Zone223,Neighbourhood725,Dwelling2
VR_1507,Alta,0.0,0.0,6.2,6.2,6.1,2018,centre31,Zone223,Neighbourhood726,Dwelling1
VR_1508,Alta,0.0,0.0,11.8,0.0,8.2,2018,centre31,Zone223,Neighbourhood726,Dwelling2
VR_1509,Alta,0.0,0.0,0.0,4.5,6.5,2018,centre31,Zone223,Neighbourhood727,Dwelling1
VR_1510,Alta,0.0,6.3,12.2,0.0,9.6,2018,centre31,Zone223,Neighbourhood727,Dwelling2
VR_1511,Alta,0.0,0.0,4.5,7.4,6.3,2018,centre31,Zone224,Neighbourhood728,Dwelling1
VR_1512,Alta,0.0,11.3,6.2,0.0,8.1,2018,centre31,Zone224,Neighbourhood728,Dwelling2
VR_1513,Alta,0.0,0.0,0.0,2.5,2.7,2018,centre31,Zone224,Neighbourhood729,Dwelling1
VR_1514,Alta,0.0,5.7,9.1,2.8,7.6,2018,centre31,Zone224,Neighbourhood729,Dwelling2
VR_1515,Alta,0.0,0.0,0.0,0.0,0.0,2018,centre31,Zone224,Neighbourhood730,Dwelling1
VR_1516,Alta,0.0,1.9,3.5,10.0,4.0,2018,centre31,Zone224,Neighbourhood730,Dwelling2
VR_1517,Alta,0.0,0.0,2.9,2.4,2.5,2018,centre31,Zone224,Neighbourhood731,Dwelling1
VR_1518,Alta,0.0,4.7,6.8,5.6,6.2,2018,centre31,Zone224,Neighbourhood731,Dwelling2
VR_1519,Alta,0.0,0.0,0.0,0.0,0.0,2018,centre31,Zone225,Neighbourhood732,Dwelling1
VR_1520,Alta,0.0,1.6,5.6,9.1,5.3,2018,centre31,Zone225,Neighbourhood732,Dwelling2
VR_1521,Alta,0.0,0.0,0.0,0.0,0.0,2018,centre31,Zone225,Neighbourhood733,Dwelling1
VR_1522,Alta,0.0,0.0,0.0,0.0,0.0,2018,centre31,Zone225,Neighbourhood733,Dwelling2
VR_1523,Alta,0.0,0.0,0.0,5.3,5.3,2018,centre31,Zone225,Neighbourhood734,Dwelling1
VR_1524,Alta,0.0,1.2,4.9,3.0,3.6,2018,centre31,Zone225,Neighbourhood734,Dwelling2
VR_1525,Alta,0.0,0.0,0.0,4.4,4.4,2018,centre31,Zone225,Neighbourhood735,Dwelling1
VR_1526,Alta,0.0,4.0,3.4,4.0,3.6,2018,centre31,Zone225,Neighbourhood735,Dwelling2
VR_1527,Alta,0.0,0.0,0.0,0.8,0.8,2018,centre31,Zone226,Neighbourhood736,Dwelling1
VR_1528,Alta,0.0,1.2,2.3,4.6,2.3,2018,centre31,Zone226,Neighbourhood736,Dwelling2
VR_1529,Alta,0.0,0.0,0.0,0.0,0.0,2018,centre31,Zone227,Neighbourhood737,Dwelling1
VR_1530,Alta,0.0,0.0,0.0,0.0,0.0,2018,centre31,Zone227,Neighbourhood737,Dwelling2
VR_1531,Alta,0.0,0.0,11.8,0.0,8.3,2018,centre31,Zone227,Neighbourhood738,Dwelling1
VR_1532,Alta,0.0,7.6,5.1,0.0,6.0,2018,centre31,Zone227,Neighbourhood738,Dwelling2
VR_1533,Alta,0.0,0.0,4.8,7.2,6.4,2018,centre31,Zone227,Neighbourhood739,Dwelling1
VR_1534,Alta,0.0,20.1,11.9,19.6,15.7,2018,centre31,Zone227,Neighbourhood739,Dwelling2
VR_1535,Alta,0.0,0.0,0.0,14.0,13.1,2018,centre31,Zone228,Neighbourhood740,Dwelling1
VR_1536,Alta,0.0,7.9,9.0,0.0,8.6,2018,centre31,Zone228,Neighbourhood740,Dwelling2
VR_1537,Alta,0.0,0.0,2.2,6.2,4.5,2018,centre31,Zone229,Neighbourhood741,Dwelling1
VR_1538,Alta,0.0,2.7,1.4,2.7,1.7,2018,centre31,Zone229,Neighbourhood741,Dwelling2
VR_1539,Alta,0.0,0.0,0.0,0.0,0.0,2018,centre31,Zone230,Neighbourhood742,Dwelling1
VR_1540,Alta,0.0,2.8,3.7,3.7,3.6,2018,centre31,Zone230,Neighbourhood742,Dwelling2
VR_1541,Alta,0.0,0.0,0.0,0.0,0.0,2018,centre31,Zone231,Neighbourhood743,Dwelling1
VR_1542,Alta,0.0,4.2,6.5,19.4,7.3,2018,centre31,Zone231,Neighbourhood743,Dwelling2
VR_1543,Alta,0.0,0.0,0.0,0.0,0.0,2018,centre31,Zone232,Neighbourhood744,Dwelling1
VR_1544,Alta,0.0,6.8,8.8,8.5,8.1,2018,centre31,Zone232,Neighbourhood744,Dwelling2
VR_1545,Alta,0.0,0.0,0.0,0.0,0.0,2018,centre31,Zone232,Neighbourhood745,Dwelling1
VR_1546,Alta,0.0,0.0,3.5,0.0,4.7,2018,centre31,Zone232,Neighbourhood745,Dwelling2
VR_1547,Alta,0.0,0.0,4.4,0.0,2.6,2018,centre32,Zone233,Neighbourhood252,Dwelling1
VR_1548,Alta,6.2,6.7,0.0,0.0,10.2,2018,centre32,Zone233,Neighbourhood252,Dwelling2
VR_1549,Alta,0.0,0.0,0.0,0.0,0.0,2018,centre32,Zone233,Neighbourhood746,Dwelling1
VR_1550,Alta,0.0,4.5,4.3,0.0,4.1,2018,centre32,Zone233,Neighbourhood746,Dwelling2
VR_1551,Alta,0.0,0.0,0.0,0.0,0.0,2018,centre32,Zone233,Neighbourhood747,Dwelling1
VR_1552,Alta,21.4,8.6,4.3,0.0,5.8,2018,centre32,Zone233,Neighbourhood747,Dwelling2
VR_1553,Alta,0.0,0.0,0.0,0.0,0.0,2018,centre32,Zone233,Neighbourhood748,Dwelling1
VR_1554,Alta,0.0,5.3,4.4,0.0,4.8,2018,centre32,Zone233,Neighbourhood748,Dwelling2
VR_1555,Alta,0.0,0.0,0.0,0.0,8.7,2018,centre32,Zone233,Neighbourhood749,Dwelling1
VR_1556,Alta,0.0,0.0,0.0,0.0,0.0,2018,centre32,Zone233,Neighbourhood749,Dwelling2
VR_1557,Alta,0.0,0.0,0.0,0.0,3.4,2018,centre32,Zone233,Neighbourhood750,Dwelling1
VR_1558,Alta,0.0,0.0,1.9,0.0,4.9,2018,centre32,Zone233,Neighbourhood750,Dwelling2
VR_1559,Alta,0.0,0.0,0.0,0.0,0.0,2018,centre32,Zone233,Neighbourhood751,Dwelling1
VR_1560,Alta,0.0,2.6,0.0,0.0,5.4,2018,centre32,Zone233,Neighbourhood751,Dwelling2
VR_1561,Alta,0.0,0.0,3.1,4.3,3.1,2018,centre32,Zone233,Neighbourhood752,Dwelling1
VR_1562,Alta,0.0,0.0,0.0,0.0,2.9,2018,centre32,Zone233,Neighbourhood752,Dwelling2
VR_1563,Alta,0.0,0.0,4.7,0.0,3.3,2018,centre32,Zone233,Neighbourhood753,Dwelling1
VR_1564,Alta,0.0,2.5,13.2,0.0,9.9,2018,centre32,Zone233,Neighbourhood753,Dwelling2
VR_1565,Alta,0.0,0.0,0.0,0.0,5.9,2018,centre32,Zone233,Neighbourhood754,Dwelling1
VR_1566,Alta,0.0,0.0,0.0,0.0,0.0,2018,centre32,Zone233,Neighbourhood754,Dwelling2
VR_1567,Alta,0.0,0.0,0.0,0.0,0.0,2018,centre32,Zone233,Neighbourhood755,Dwelling1
VR_1568,Alta,0.0,0.0,0.0,0.0,0.0,2018,centre32,Zone233,Neighbourhood755,Dwelling2
VR_1569,Alta,0.0,0.0,0.0,0.0,0.0,2018,centre32,Zone233,Neighbourhood756,Dwelling1
VR_1570,Alta,0.0,0.0,1.1,3.0,1.5,2018,centre32,Zone233,Neighbourhood756,Dwelling2
VR_1571,Alta,0.0,0.0,0.0,0.0,5.5,2018,centre32,Zone233,Neighbourhood757,Dwelling1
VR_1572,Alta,0.0,0.0,1.5,0.0,1.2,2018,centre32,Zone233,Neighbourhood757,Dwelling2
VR_1573,Alta,0.0,0.0,0.0,0.0,0.0,2018,centre32,Zone233,Neighbourhood758,Dwelling1
VR_1574,Alta,0.0,0.0,0.0,0.0,0.0,2018,centre32,Zone233,Neighbourhood758,Dwelling2
VR_1575,Alta,0.0,0.0,0.0,0.0,0.0,2018,centre32,Zone233,Neighbourhood759,Dwelling1
VR_1576,Alta,0.0,0.0,0.0,0.0,0.0,2018,centre32,Zone233,Neighbourhood759,Dwelling2
VR_1577,Alta,0.0,0.0,0.0,0.0,0.0,2018,centre32,Zone233,Neighbourhood760,Dwelling1
VR_1578,Alta,0.0,0.0,0.0,0.0,0.0,2018,centre32,Zone233,Neighbourhood760,Dwelling2
VR_1579,Alta,0.0,0.0,0.0,0.0,0.0,2018,centre32,Zone233,Neighbourhood761,Dwelling1
VR_1580,Alta,0.0,0.0,0.0,0.0,0.0,2018,centre32,Zone233,Neighbourhood761,Dwelling2
VR_1581,B.C.,0.0,0.0,0.0,0.0,0.0,2018,centre33,Zone234,Neighbourhood762,Dwelling1
VR_1582,B.C.,0.0,0.0,0.3,0.0,0.2,2018,centre33,Zone234,Neighbourhood762,Dwelling2
VR_1583,B.C.,0.0,0.0,0.0,0.0,0.0,2018,centre33,Zone234,Neighbourhood763,Dwelling1
VR_1584,B.C.,0.0,0.2,0.9,0.0,0.4,2018,centre33,Zone234,Neighbourhood763,Dwelling2
VR_1585,B.C.,0.0,0.0,0.0,0.0,0.0,2018,centre33,Zone234,Neighbourhood764,Dwelling1
VR_1586,B.C.,0.0,0.6,1.4,0.0,1.0,2018,centre33,Zone234,Neighbourhood764,Dwelling2
VR_1587,B.C.,0.0,0.0,0.0,0.0,0.0,2018,centre33,Zone234,Neighbourhood765,Dwelling1
VR_1588,B.C.,0.0,0.0,0.0,0.0,0.0,2018,centre33,Zone234,Neighbourhood765,Dwelling2
VR_1589,B.C.,0.0,0.0,0.0,0.0,0.0,2018,centre33,Zone234,Neighbourhood766,Dwelling1
VR_1590,B.C.,0.0,0.9,4.7,0.0,3.1,2018,centre33,Zone234,Neighbourhood766,Dwelling2
VR_1591,B.C.,0.0,0.0,0.0,0.0,0.0,2018,centre33,Zone235,Neighbourhood767,Dwelling1
VR_1592,B.C.,0.0,3.4,0.6,0.0,1.9,2018,centre33,Zone235,Neighbourhood767,Dwelling2
VR_1593,B.C.,0.0,0.0,2.5,0.0,0.0,2018,centre34,Zone236,Neighbourhood768,Dwelling1
VR_1594,B.C.,0.4,3.7,1.0,1.7,2.1,2018,centre34,Zone236,Neighbourhood768,Dwelling2
VR_1595,B.C.,0.0,0.0,0.0,0.0,0.0,2018,centre34,Zone237,Neighbourhood769,Dwelling1
VR_1596,B.C.,0.0,0.9,0.6,0.0,0.6,2018,centre34,Zone237,Neighbourhood769,Dwelling2
VR_1597,B.C.,0.0,0.0,0.0,0.0,0.0,2018,centre35,Zone238,Neighbourhood770,Dwelling1
VR_1598,B.C.,1.0,0.4,0.0,3.8,0.5,2018,centre35,Zone238,Neighbourhood770,Dwelling2
VR_1599,B.C.,0.0,0.0,0.0,0.0,0.0,2018,centre35,Zone238,Neighbourhood771,Dwelling1
VR_1600,B.C.,1.1,0.5,0.5,0.0,0.6,2018,centre35,Zone238,Neighbourhood771,Dwelling2
VR_1601,B.C.,0.0,0.0,0.0,0.0,0.0,2018,centre35,Zone239,Neighbourhood772,Dwelling1
VR_1602,B.C.,0.9,1.1,1.0,0.0,1.1,2018,centre35,Zone239,Neighbourhood772,Dwelling2
VR_1603,B.C.,0.0,0.0,0.0,0.0,0.0,2018,centre35,Zone93,Neighbourhood773,Dwelling1
VR_1604,B.C.,1.6,1.0,1.6,0.0,1.2,2018,centre35,Zone93,Neighbourhood773,Dwelling2
VR_1605,B.C.,0.0,0.0,0.0,0.0,0.0,2018,centre35,Zone93,Neighbourhood774,Dwelling1
VR_1606,B.C.,0.0,0.6,0.6,0.0,0.4,2018,centre35,Zone93,Neighbourhood774,Dwelling2
VR_1607,B.C.,0.0,0.0,0.0,0.0,0.0,2018,centre35,Zone93,Neighbourhood334,Dwelling1
VR_1608,B.C.,0.7,1.8,2.5,0.0,1.8,2018,centre35,Zone93,Neighbourhood334,Dwelling2
VR_1609,B.C.,0.0,0.0,0.0,0.0,0.0,2018,centre35,Zone240,Neighbourhood775,Dwelling1
VR_1610,B.C.,0.0,0.0,0.0,0.0,0.2,2018,centre35,Zone240,Neighbourhood775,Dwelling2
VR_1611,B.C.,0.0,0.0,0.0,0.0,0.0,2018,centre35,Zone240,Neighbourhood776,Dwelling1
VR_1612,B.C.,0.4,0.6,0.3,0.0,0.5,2018,centre35,Zone240,Neighbourhood776,Dwelling2
VR_1613,B.C.,0.0,0.0,0.0,0.0,0.0,2018,centre35,Zone240,Neighbourhood777,Dwelling1
VR_1614,B.C.,0.0,1.1,0.0,0.0,0.8,2018,centre35,Zone240,Neighbourhood777,Dwelling2
VR_1615,B.C.,0.0,0.0,0.0,0.0,0.0,2018,centre35,Zone241,Neighbourhood778,Dwelling1
VR_1616,B.C.,1.0,0.8,0.3,0.0,0.8,2018,centre35,Zone241,Neighbourhood778,Dwelling2
VR_1617,B.C.,0.0,0.0,0.0,0.0,0.0,2018,centre35,Zone241,Neighbourhood779,Dwelling1
VR_1618,B.C.,0.4,1.5,0.2,0.0,1.1,2018,centre35,Zone241,Neighbourhood779,Dwelling2
VR_1619,B.C.,0.0,0.0,0.0,0.0,0.0,2018,centre35,Zone241,Neighbourhood780,Dwelling1
VR_1620,B.C.,1.1,0.0,0.0,0.0,0.7,2018,centre35,Zone241,Neighbourhood780,Dwelling2
VR_1621,B.C.,0.0,0.0,0.0,0.0,0.0,2018,centre35,Zone242,Neighbourhood781,Dwelling1
VR_1622,B.C.,0.0,0.8,0.0,0.0,0.5,2018,centre35,Zone242,Neighbourhood781,Dwelling2
VR_1623,B.C.,0.0,0.0,0.0,0.0,0.0,2018,centre35,Zone242,Neighbourhood782,Dwelling1
VR_1624,B.C.,0.0,5.0,2.1,0.0,3.7,2018,centre35,Zone242,Neighbourhood782,Dwelling2
VR_1625,B.C.,0.0,0.0,0.0,0.0,0.0,2018,centre35,Zone243,Neighbourhood783,Dwelling1
VR_1626,B.C.,0.6,0.4,0.6,0.0,0.5,2018,centre35,Zone243,Neighbourhood783,Dwelling2
VR_1627,B.C.,0.0,0.0,0.0,0.0,0.0,2018,centre35,Zone243,Neighbourhood784,Dwelling1
VR_1628,B.C.,0.0,0.0,0.0,0.0,0.0,2018,centre35,Zone243,Neighbourhood784,Dwelling2
VR_1629,B.C.,0.0,0.0,0.0,0.0,0.0,2018,centre35,Zone244,Neighbourhood664,Dwelling1
VR_1630,B.C.,0.0,0.7,0.2,0.0,0.5,2018,centre35,Zone244,Neighbourhood664,Dwelling2
VR_1631,B.C.,0.0,0.0,0.0,0.0,0.0,2018,centre35,Zone244,Neighbourhood785,Dwelling1
VR_1632,B.C.,0.0,0.0,0.0,0.0,0.0,2018,centre35,Zone244,Neighbourhood785,Dwelling2
VR_1633,B.C.,0.0,0.0,0.0,0.0,0.0,2018,centre35,Zone244,Neighbourhood786,Dwelling1
VR_1634,B.C.,0.5,0.3,0.7,0.0,0.4,2018,centre35,Zone244,Neighbourhood786,Dwelling2
VR_1635,B.C.,0.0,0.0,0.0,0.0,0.0,2018,centre35,Zone244,Neighbourhood787,Dwelling1
VR_1636,B.C.,0.0,0.0,2.6,0.0,0.7,2018,centre35,Zone244,Neighbourhood787,Dwelling2
VR_1637,B.C.,0.0,0.0,0.0,0.0,0.0,2018,centre35,Zone245,Neighbourhood788,Dwelling1
VR_1638,B.C.,3.9,0.0,0.0,0.0,0.0,2018,centre35,Zone245,Neighbourhood788,Dwelling2
VR_1639,B.C.,0.0,0.0,0.0,0.0,0.0,2018,centre35,Zone245,Neighbourhood789,Dwelling1
VR_1640,B.C.,0.5,0.4,0.3,0.0,0.4,2018,centre35,Zone245,Neighbourhood789,Dwelling2
VR_1641,B.C.,0.0,0.0,0.0,0.0,0.0,2018,centre35,Zone246,Neighbourhood790,Dwelling1
VR_1642,B.C.,0.0,0.6,0.0,0.0,0.4,2018,centre35,Zone246,Neighbourhood790,Dwelling2
VR_1643,B.C.,0.0,0.0,0.0,0.0,0.0,2018,centre35,Zone246,Neighbourhood791,Dwelling1
VR_1644,B.C.,0.0,0.3,0.4,0.0,0.3,2018,centre35,Zone246,Neighbourhood791,Dwelling2
VR_1645,B.C.,0.0,0.0,0.0,0.0,0.0,2018,centre35,Zone246,Neighbourhood792,Dwelling1
VR_1646,B.C.,0.0,0.0,0.0,0.0,0.0,2018,centre35,Zone246,Neighbourhood792,Dwelling2
VR_1647,B.C.,0.0,0.0,0.0,0.0,0.0,2018,centre35,Zone247,Neighbourhood793,Dwelling1
VR_1648,B.C.,0.0,0.3,0.2,0.9,0.3,2018,centre35,Zone247,Neighbourhood793,Dwelling2
VR_1649,B.C.,0.0,0.0,0.0,0.0,0.0,2018,centre35,Zone248,Neighbourhood794,Dwelling1
VR_1650,B.C.,2.3,6.9,3.3,0.0,5.7,2018,centre35,Zone248,Neighbourhood794,Dwelling2
VR_1651,B.C.,0.0,0.0,0.0,0.0,0.0,2018,centre35,Zone248,Neighbourhood795,Dwelling1
VR_1652,B.C.,0.0,1.3,0.9,0.0,1.2,2018,centre35,Zone248,Neighbourhood795,Dwelling2
VR_1653,B.C.,0.0,0.0,0.0,0.0,0.0,2018,centre35,Zone249,Neighbourhood796,Dwelling1
VR_1654,B.C.,0.0,0.0,0.0,0.0,0.0,2018,centre35,Zone249,Neighbourhood796,Dwelling2
VR_1655,B.C.,0.0,0.0,0.0,0.0,0.0,2018,centre35,Zone249,Neighbourhood797,Dwelling1
VR_1656,B.C.,0.0,1.4,0.0,0.0,2.2,2018,centre35,Zone249,Neighbourhood797,Dwelling2
VR_1657,B.C.,0.0,0.0,0.0,0.0,0.0,2018,centre35,Zone249,Neighbourhood798,Dwelling1
VR_1658,B.C.,1.9,0.3,0.4,0.0,0.4,2018,centre35,Zone249,Neighbourhood798,Dwelling2
VR_1659,B.C.,0.0,0.0,0.0,0.0,0.0,2018,centre35,Zone250,Neighbourhood799,Dwelling1
VR_1660,B.C.,0.0,0.2,0.0,0.0,0.4,2018,centre35,Zone250,Neighbourhood799,Dwelling2
VR_1661,B.C.,0.0,0.0,0.0,0.0,0.0,2018,centre35,Zone250,Neighbourhood800,Dwelling1
VR_1662,B.C.,0.0,0.6,0.8,0.0,0.7,2018,centre35,Zone250,Neighbourhood800,Dwelling2
VR_1663,B.C.,0.0,0.0,0.0,1.4,1.6,2018,centre35,Zone250,Neighbourhood801,Dwelling1
VR_1664,B.C.,0.0,1.1,2.5,1.4,1.5,2018,centre35,Zone250,Neighbourhood801,Dwelling2
VR_1665,B.C.,0.0,0.0,0.0,0.0,0.0,2018,centre35,Zone251,Neighbourhood802,Dwelling1
VR_1666,B.C.,0.0,0.0,1.6,3.2,2.4,2018,centre35,Zone251,Neighbourhood802,Dwelling2
VR_1667,B.C.,0.0,0.0,0.0,0.0,0.0,2018,centre35,Zone251,Neighbourhood252,Dwelling1
VR_1668,B.C.,4.5,4.9,2.7,0.0,4.3,2018,centre35,Zone251,Neighbourhood252,Dwelling2
VR_1669,B.C.,0.0,0.0,0.0,0.0,0.0,2018,centre35,Zone251,Neighbourhood45,Dwelling1
VR_1670,B.C.,1.8,0.5,0.5,0.0,0.6,2018,centre35,Zone251,Neighbourhood45,Dwelling2
VR_1671,B.C.,0.0,0.0,0.0,0.0,0.0,2018,centre35,Zone251,Neighbourhood803,Dwelling1
VR_1672,B.C.,0.0,1.3,0.9,2.8,1.2,2018,centre35,Zone251,Neighbourhood803,Dwelling2
VR_1673,B.C.,0.0,0.0,0.0,0.0,0.0,2018,centre35,Zone252,Neighbourhood804,Dwelling1
VR_1674,B.C.,0.4,1.0,0.3,0.0,0.8,2018,centre35,Zone252,Neighbourhood804,Dwelling2
VR_1675,B.C.,0.0,0.0,0.0,0.0,0.0,2018,centre35,Zone252,Neighbourhood805,Dwelling1
VR_1676,B.C.,0.0,0.4,0.2,0.0,0.3,2018,centre35,Zone252,Neighbourhood805,Dwelling2
VR_1677,B.C.,0.0,0.0,0.0,0.0,0.0,2018,centre35,Zone252,Neighbourhood806,Dwelling1
VR_1678,B.C.,0.0,2.0,1.6,0.0,1.7,2018,centre35,Zone252,Neighbourhood806,Dwelling2
VR_1679,B.C.,0.0,0.0,0.0,0.0,0.0,2018,centre35,Zone252,Neighbourhood807,Dwelling1
VR_1680,B.C.,1.5,0.8,0.5,0.0,0.7,2018,centre35,Zone252,Neighbourhood807,Dwelling2
VR_1681,B.C.,0.0,0.0,0.0,5.4,4.4,2018,centre35,Zone253,Neighbourhood808,Dwelling1
VR_1682,B.C.,0.0,1.0,2.8,0.9,2.0,2018,centre35,Zone253,Neighbourhood808,Dwelling2
VR_1683,B.C.,0.0,0.0,0.0,0.8,0.5,2018,centre35,Zone253,Neighbourhood809,Dwelling1
VR_1684,B.C.,0.0,0.8,4.3,0.0,1.4,2018,centre35,Zone253,Neighbourhood809,Dwelling2
VR_1685,B.C.,0.0,0.0,0.0,0.0,0.0,2018,centre35,Zone254,Neighbourhood810,Dwelling1
VR_1686,B.C.,0.0,0.1,0.0,0.0,0.1,2018,centre35,Zone254,Neighbourhood810,Dwelling2
VR_1687,B.C.,0.0,0.0,0.0,0.0,0.0,2018,centre35,Zone254,Neighbourhood811,Dwelling1
VR_1688,B.C.,0.0,0.8,1.7,0.0,1.1,2018,centre35,Zone254,Neighbourhood811,Dwelling2
VR_1689,B.C.,0.0,0.0,0.0,0.0,0.0,2018,centre35,Zone255,Neighbourhood812,Dwelling1
VR_1690,B.C.,0.8,1.0,0.4,0.0,0.7,2018,centre35,Zone255,Neighbourhood812,Dwelling2
VR_1691,B.C.,0.0,0.0,0.0,0.0,0.0,2018,centre35,Zone255,Neighbourhood813,Dwelling1
VR_1692,B.C.,0.0,0.0,0.0,0.0,0.0,2018,centre35,Zone255,Neighbourhood813,Dwelling2
VR_1693,B.C.,0.0,0.0,0.0,0.0,0.0,2018,centre35,Zone255,Neighbourhood814,Dwelling1
VR_1694,B.C.,0.0,0.8,0.5,0.0,0.5,2018,centre35,Zone255,Neighbourhood814,Dwelling2
VR_1695,B.C.,0.0,0.0,0.0,0.0,0.0,2018,centre35,Zone255,Neighbourhood815,Dwelling1
VR_1696,B.C.,0.0,0.0,0.0,0.0,0.0,2018,centre35,Zone255,Neighbourhood815,Dwelling2
VR_1697,B.C.,0.0,0.0,0.0,0.0,0.0,2018,centre35,Zone255,Neighbourhood816,Dwelling1
VR_1698,B.C.,0.0,1.9,0.0,0.0,1.7,2018,centre35,Zone255,Neighbourhood816,Dwelling2
VR_1699,B.C.,0.0,0.0,0.0,0.0,0.0,2018,centre35,Zone256,Neighbourhood817,Dwelling1
VR_1700,B.C.,3.4,1.8,1.3,0.0,1.6,2018,centre35,Zone256,Neighbourhood817,Dwelling2
VR_1701,B.C.,0.0,0.0,0.0,0.0,0.0,2018,centre35,Zone256,Neighbourhood818,Dwelling1
VR_1702,B.C.,0.0,0.4,2.3,0.0,1.0,2018,centre35,Zone256,Neighbourhood818,Dwelling2
VR_1703,B.C.,0.0,0.0,0.0,0.0,0.0,2018,centre35,Zone256,Neighbourhood819,Dwelling1
VR_1704,B.C.,0.0,1.3,1.0,0.0,1.1,2018,centre35,Zone256,Neighbourhood819,Dwelling2
VR_1705,B.C.,0.0,0.0,0.0,0.0,0.0,2018,centre35,Zone257,Neighbourhood820,Dwelling1
VR_1706,B.C.,0.0,0.0,0.3,0.0,0.1,2018,centre35,Zone257,Neighbourhood820,Dwelling2
VR_1707,B.C.,0.0,0.0,0.0,0.0,0.0,2018,centre35,Zone257,Neighbourhood821,Dwelling1
VR_1708,B.C.,0.0,0.5,0.6,0.0,0.5,2018,centre35,Zone257,Neighbourhood821,Dwelling2
VR_1709,B.C.,0.0,0.0,0.0,0.0,0.0,2018,centre35,Zone257,Neighbourhood822,Dwelling1
VR_1710,B.C.,0.0,0.5,0.4,0.0,0.4,2018,centre35,Zone257,Neighbourhood822,Dwelling2
VR_1711,B.C.,0.0,0.0,0.0,0.0,0.0,2018,centre35,Zone257,Neighbourhood823,Dwelling1
VR_1712,B.C.,0.0,0.0,0.0,0.0,1.1,2018,centre35,Zone257,Neighbourhood823,Dwelling2
VR_1713,B.C.,0.0,0.0,0.0,0.0,0.0,2018,centre35,Zone257,Neighbourhood824,Dwelling1
VR_1714,B.C.,0.0,1.1,0.0,0.0,0.4,2018,centre35,Zone257,Neighbourhood824,Dwelling2
VR_1715,B.C.,0.0,0.0,0.0,0.0,0.0,2018,centre35,Zone257,Neighbourhood825,Dwelling1
VR_1716,B.C.,0.0,0.0,0.0,0.0,0.0,2018,centre35,Zone257,Neighbourhood825,Dwelling2
VR_1717,B.C.,0.0,0.0,0.0,0.0,0.0,2018,centre35,Zone258,Neighbourhood826,Dwelling1
VR_1718,B.C.,0.0,0.9,1.6,0.0,1.1,2018,centre35,Zone258,Neighbourhood826,Dwelling2
VR_1719,B.C.,0.0,0.0,2.1,0.8,1.1,2018,centre35,Zone259,Neighbourhood827,Dwelling1
VR_1720,B.C.,0.0,1.6,1.2,0.0,1.3,2018,centre35,Zone259,Neighbourhood827,Dwelling2
VR_1721,B.C.,0.0,0.0,0.0,0.0,0.0,2018,centre35,Zone259,Neighbourhood828,Dwelling1
VR_1722,B.C.,0.0,1.5,2.6,0.0,2.4,2018,centre35,Zone259,Neighbourhood828,Dwelling2
VR_1723,B.C.,0.0,0.0,0.0,0.0,0.0,2018,centre35,Zone260,Neighbourhood829,Dwelling1
VR_1724,B.C.,0.0,1.2,1.0,0.0,1.0,2018,centre35,Zone260,Neighbourhood829,Dwelling2
VR_1725,B.C.,0.0,0.0,0.0,0.0,0.0,2018,centre35,Zone260,Neighbourhood830,Dwelling1
VR_1726,B.C.,0.0,1.0,0.0,0.0,0.5,2018,centre35,Zone260,Neighbourhood830,Dwelling2
VR_1727,B.C.,0.0,0.0,0.0,0.0,0.0,2018,centre35,Zone260,Neighbourhood831,Dwelling1
VR_1728,B.C.,0.0,1.0,3.1,0.0,1.9,2018,centre35,Zone260,Neighbourhood831,Dwelling2
VR_1729,B.C.,0.0,0.0,0.0,0.0,0.0,2018,centre35,Zone260,Neighbourhood832,Dwelling1
VR_1730,B.C.,0.0,0.0,0.0,0.0,0.0,2018,centre35,Zone260,Neighbourhood832,Dwelling2
VR_1731,B.C.,0.0,0.0,0.0,0.0,0.0,2018,centre35,Zone260,Neighbourhood833,Dwelling1
VR_1732,B.C.,0.0,0.0,0.0,0.0,0.0,2018,centre35,Zone260,Neighbourhood833,Dwelling2
VR_1733,B.C.,0.0,0.0,0.0,0.0,0.0,2018,centre35,Zone261,Neighbourhood834,Dwelling1
VR_1734,B.C.,0.0,0.8,0.8,0.0,0.7,2018,centre35,Zone261,Neighbourhood834,Dwelling2
VR_1735,B.C.,0.0,0.0,0.0,0.0,0.0,2018,centre35,Zone261,Neighbourhood835,Dwelling1
VR_1736,B.C.,0.0,1.0,2.9,6.7,1.8,2018,centre35,Zone261,Neighbourhood835,Dwelling2
VR_1737,B.C.,0.0,0.0,0.0,0.0,0.0,2018,centre36,Zone262,Neighbourhood836,Dwelling1
VR_1738,B.C.,0.0,0.0,0.0,0.0,0.5,2018,centre36,Zone262,Neighbourhood836,Dwelling2
VR_1739,B.C.,0.0,0.0,0.0,0.0,0.0,2018,centre36,Zone262,Neighbourhood837,Dwelling1
VR_1740,B.C.,0.0,1.2,1.3,0.0,1.1,2018,centre36,Zone262,Neighbourhood837,Dwelling2
VR_1741,B.C.,0.0,0.0,0.0,0.0,0.0,2018,centre36,Zone263,Neighbourhood838,Dwelling1
VR_1742,B.C.,0.0,0.0,0.0,0.0,0.0,2018,centre36,Zone263,Neighbourhood838,Dwelling2
VR_1743,B.C.,0.0,0.0,0.0,0.0,0.0,2018,centre36,Zone263,Neighbourhood839,Dwelling1
VR_1744,B.C.,0.0,1.2,0.0,0.0,0.7,2018,centre36,Zone263,Neighbourhood839,Dwelling2
VR_1745,B.C.,0.0,0.0,0.0,0.0,0.0,2018,centre36,Zone263,Neighbourhood840,Dwelling1
VR_1746,B.C.,0.0,0.0,0.0,0.0,0.0,2018,centre36,Zone263,Neighbourhood840,Dwelling2
VR_1747,B.C.,0.0,0.0,0.0,0.0,0.0,2018,centre36,Zone263,Neighbourhood841,Dwelling1
VR_1748,B.C.,0.0,1.1,1.6,0.0,1.1,2018,centre36,Zone263,Neighbourhood841,Dwelling2
VR_1749,B.C.,0.0,0.0,0.0,0.0,0.0,2018,centre36,Zone263,Neighbourhood842,Dwelling1
VR_1750,B.C.,0.5,1.0,2.7,0.0,1.4,2018,centre36,Zone263,Neighbourhood842,Dwelling2
VR_1751,B.C.,0.0,0.0,0.0,0.0,0.0,2018,centre36,Zone264,Neighbourhood843,Dwelling1
VR_1752,B.C.,0.4,0.8,0.5,0.0,0.6,2018,centre36,Zone264,Neighbourhood843,Dwelling2
VR_1753,B.C.,0.0,0.0,0.0,0.0,0.0,2018,centre36,Zone264,Neighbourhood844,Dwelling1
VR_1754,B.C.,0.5,0.2,0.5,0.0,0.3,2018,centre36,Zone264,Neighbourhood844,Dwelling2
VR_1755,B.C.,0.0,0.0,0.0,0.0,0.0,2018,centre36,Zone265,Neighbourhood252,Dwelling1
VR_1756,B.C.,1.0,2.4,3.4,0.0,2.1,2018,centre36,Zone265,Neighbourhood252,Dwelling2
VR_1757,B.C.,0.0,0.0,0.0,0.0,0.0,2018,centre36,Zone265,Neighbourhood845,Dwelling1
VR_1758,B.C.,0.0,2.8,0.5,0.0,2.8,2018,centre36,Zone265,Neighbourhood845,Dwelling2
VR_1759,B.C.,0.0,0.0,0.0,0.0,0.0,2018,centre36,Zone265,Neighbourhood846,Dwelling1
VR_1760,B.C.,0.0,2.5,0.4,0.0,1.8,2018,centre36,Zone265,Neighbourhood846,Dwelling2
VR_1761,B.C.,0.0,0.0,0.0,0.0,0.0,2018,centre36,Zone265,Neighbourhood847,Dwelling1
VR_1762,B.C.,0.0,0.8,0.5,0.0,0.6,2018,centre36,Zone265,Neighbourhood847,Dwelling2
VR_1763,B.C.,0.0,0.0,0.0,0.0,0.0,2018,centre36,Zone265,Neighbourhood848,Dwelling1
VR_1764,B.C.,0.0,0.6,0.9,0.0,0.7,2018,centre36,Zone265,Neighbourhood848,Dwelling2
VR_1765,B.C.,0.0,0.0,0.0,1.3,1.0,2018,centre36,Zone266,Neighbourhood849,Dwelling1
VR_1766,B.C.,0.0,1.9,1.3,0.0,1.6,2018,centre36,Zone266,Neighbourhood849,Dwelling2
VR_1767,B.C.,0.0,0.0,0.0,0.0,0.0,2018,centre36,Zone266,Neighbourhood850,Dwelling1
VR_1768,B.C.,0.0,1.2,0.2,0.0,0.7,2018,centre36,Zone266,Neighbourhood850,Dwelling2
VR_1769,B.C.,0.0,0.0,0.0,0.0,0.0,2018,centre36,Zone266,Neighbourhood851,Dwelling1
VR_1770,B.C.,0.0,0.0,0.0,0.0,0.0,2018,centre36,Zone266,Neighbourhood851,Dwelling2
VR_1771,B.C.,0.0,0.0,0.0,0.0,0.0,2018,centre36,Zone266,Neighbourhood852,Dwelling1
VR_1772,B.C.,0.0,0.0,1.0,0.0,0.6,2018,centre36,Zone266,Neighbourhood852,Dwelling2
VR_1773,B.C.,0.0,0.0,4.8,0.0,4.4,2018,centre36,Zone267,Neighbourhood853,Dwelling1
VR_1774,B.C.,0.0,1.2,1.3,1.6,1.2,2018,centre36,Zone267,Neighbourhood853,Dwelling2
VR_1775,B.C.,0.0,0.0,0.0,0.0,0.0,2018,centre36,Zone268,Neighbourhood854,Dwelling1
VR_1776,B.C.,0.0,0.0,0.0,0.0,0.0,2018,centre36,Zone268,Neighbourhood854,Dwelling2
VR_1777,B.C.,0.0,0.0,0.0,0.0,0.0,2018,centre36,Zone268,Neighbourhood855,Dwelling1
VR_1778,B.C.,0.0,1.2,0.6,0.0,0.7,2018,centre36,Zone268,Neighbourhood855,Dwelling2
VR_1779,B.C.,0.0,0.0,0.0,0.0,0.0,2018,centre36,Zone268,Neighbourhood856,Dwelling1
VR_1780,B.C.,0.0,0.0,0.0,0.0,0.0,2018,centre36,Zone268,Neighbourhood856,Dwelling2
VR_1781,B.C.,0.0,0.0,0.0,0.0,0.0,2018,centre36,Zone268,Neighbourhood857,Dwelling1
VR_1782,B.C.,0.0,3.5,0.0,0.0,4.4,2018,centre36,Zone268,Neighbourhood857,Dwelling2
VR_1783,B.C.,0.0,0.0,0.0,0.0,0.0,2018,centre36,Zone269,Neighbourhood858,Dwelling1
VR_1784,B.C.,0.0,0.0,0.0,0.0,0.0,2018,centre36,Zone269,Neighbourhood858,Dwelling2
VR_1785,B.C.,0.0,0.0,0.0,0.0,0.0,2018,centre36,Zone269,Neighbourhood859,Dwelling1
VR_1786,B.C.,0.0,1.8,5.3,0.0,3.3,2018,centre36,Zone269,Neighbourhood859,Dwelling2
VR_1787,B.C.,0.0,0.0,0.0,0.0,0.0,2018,centre36,Zone270,Neighbourhood860,Dwelling1
VR_1788,B.C.,0.0,0.0,0.0,0.0,0.0,2018,centre36,Zone270,Neighbourhood860,Dwelling2
VR_1789,B.C.,0.0,0.0,0.0,0.0,0.0,2018,centre36,Zone271,Neighbourhood861,Dwelling1
VR_1790,B.C.,0.0,1.3,0.0,0.0,0.8,2018,centre36,Zone271,Neighbourhood861,Dwelling2
VR_1791,Nfld.Lab.,0.0,0.0,0.0,0.0,0.0,2019,centre1,Zone1,Neighbourhood1,Dwelling1
VR_1792,Nfld.Lab.,3.6,0.0,5.7,0.0,6.3,2019,centre1,Zone1,Neighbourhood1,Dwelling2
VR_1793,Nfld.Lab.,0.0,0.0,4.8,0.0,3.0,2019,centre1,Zone2,Neighbourhood2,Dwelling1
VR_1794,Nfld.Lab.,6.0,4.6,7.3,4.0,6.1,2019,centre1,Zone2,Neighbourhood2,Dwelling2
VR_1795,Nfld.Lab.,0.0,0.0,0.0,0.0,0.0,2019,centre1,Zone3,Neighbourhood3,Dwelling1
VR_1796,Nfld.Lab.,0.0,14.6,8.9,0.0,12.7,2019,centre1,Zone3,Neighbourhood3,Dwelling2
VR_1797,N.S.,0.0,0.0,0.0,0.0,0.0,2019,centre2,Zone4,Neighbourhood4,Dwelling1
VR_1798,N.S.,0.6,0.4,0.8,1.4,0.6,2019,centre2,Zone4,Neighbourhood4,Dwelling2
VR_1799,N.S.,0.0,0.0,0.0,0.0,0.0,2019,centre2,Zone4,Neighbourhood5,Dwelling1
VR_1800,N.S.,0.3,0.2,0.2,0.0,0.2,2019,centre2,Zone4,Neighbourhood5,Dwelling2
VR_1801,N.S.,0.0,0.0,0.0,0.0,0.0,2019,centre2,Zone4,Neighbourhood6,Dwelling1
VR_1802,N.S.,0.0,0.0,0.0,0.0,0.0,2019,centre2,Zone4,Neighbourhood6,Dwelling2
VR_1803,N.S.,0.0,0.0,0.0,0.0,0.0,2019,centre2,Zone5,Neighbourhood7,Dwelling1
VR_1804,N.S.,0.0,0.8,1.1,0.4,1.1,2019,centre2,Zone5,Neighbourhood7,Dwelling2
VR_1805,N.S.,0.0,0.0,0.0,0.0,0.0,2019,centre2,Zone5,Neighbourhood8,Dwelling1
VR_1806,N.S.,0.0,0.5,1.1,4.6,1.0,2019,centre2,Zone5,Neighbourhood8,Dwelling2
VR_1807,N.S.,0.0,0.0,0.0,0.0,0.0,2019,centre2,Zone6,Neighbourhood9,Dwelling1
VR_1808,N.S.,0.0,4.1,0.0,0.0,1.2,2019,centre2,Zone6,Neighbourhood9,Dwelling2
VR_1809,N.S.,0.0,0.0,0.0,0.0,0.0,2019,centre2,Zone6,Neighbourhood10,Dwelling1
VR_1810,N.S.,0.0,0.6,2.6,0.0,1.8,2019,centre2,Zone6,Neighbourhood10,Dwelling2
VR_1811,N.S.,0.0,0.0,0.0,0.0,0.0,2019,centre2,Zone7,Neighbourhood11,Dwelling1
VR_1812,N.S.,0.0,0.0,0.6,0.0,0.0,2019,centre2,Zone7,Neighbourhood11,Dwelling2
VR_1813,N.S.,0.0,0.0,0.0,0.0,0.0,2019,centre2,Zone7,Neighbourhood12,Dwelling1
VR_1814,N.S.,0.0,2.2,1.7,0.0,1.7,2019,centre2,Zone7,Neighbourhood12,Dwelling2
VR_1815,N.S.,0.0,0.0,0.0,0.8,1.2,2019,centre2,Zone7,Neighbourhood13,Dwelling1
VR_1816,N.S.,0.6,1.0,1.0,0.6,0.9,2019,centre2,Zone7,Neighbourhood13,Dwelling2
VR_1817,N.S.,0.0,0.0,0.0,0.0,0.0,2019,centre2,Zone7,Neighbourhood14,Dwelling1
VR_1818,N.S.,0.0,0.2,0.5,0.0,0.4,2019,centre2,Zone7,Neighbourhood14,Dwelling2
VR_1819,N.S.,0.0,0.0,0.0,0.0,0.0,2019,centre2,Zone8,Neighbourhood15,Dwelling1
VR_1820,N.S.,0.0,0.0,0.0,0.0,0.0,2019,centre2,Zone8,Neighbourhood15,Dwelling2
VR_1821,N.S.,0.0,0.0,0.0,0.0,0.0,2019,centre2,Zone8,Neighbourhood16,Dwelling1
VR_1822,N.S.,0.0,0.4,0.3,0.0,0.3,2019,centre2,Zone8,Neighbourhood16,Dwelling2
VR_1823,N.S.,0.0,0.0,0.0,0.0,0.0,2019,centre2,Zone8,Neighbourhood17,Dwelling1
VR_1824,N.S.,0.0,2.6,2.6,0.0,2.9,2019,centre2,Zone8,Neighbourhood17,Dwelling2
VR_1825,N.S.,0.0,0.0,0.0,0.0,0.0,2019,centre2,Zone9,Neighbourhood18,Dwelling1
VR_1826,N.S.,0.0,1.1,0.7,0.4,1.1,2019,centre2,Zone9,Neighbourhood18,Dwelling2
VR_1827,N.S.,0.0,0.0,0.0,0.0,0.0,2019,centre2,Zone9,Neighbourhood19,Dwelling1
VR_1828,N.S.,0.0,1.4,0.4,0.0,0.8,2019,centre2,Zone9,Neighbourhood19,Dwelling2
VR_1829,N.S.,0.0,0.0,0.0,0.0,0.0,2019,centre2,Zone10,Neighbourhood20,Dwelling1
VR_1830,N.S.,0.0,0.7,0.0,0.0,0.1,2019,centre2,Zone10,Neighbourhood20,Dwelling2
VR_1831,N.S.,0.0,0.0,0.0,0.0,0.0,2019,centre2,Zone10,Neighbourhood21,Dwelling1
VR_1832,N.S.,0.0,1.6,0.3,5.7,1.0,2019,centre2,Zone10,Neighbourhood21,Dwelling2
VR_1833,N.S.,0.0,0.0,0.0,0.0,0.0,2019,centre2,Zone10,Neighbourhood22,Dwelling1
VR_1834,N.S.,0.0,0.0,0.3,0.0,0.3,2019,centre2,Zone10,Neighbourhood22,Dwelling2
VR_1835,N.S.,0.0,0.0,0.0,0.0,0.0,2019,centre2,Zone11,Neighbourhood23,Dwelling1
VR_1836,N.S.,0.0,1.6,0.7,1.0,0.8,2019,centre2,Zone11,Neighbourhood23,Dwelling2
VR_1837,N.S.,0.0,0.0,0.0,0.0,0.0,2019,centre2,Zone12,Neighbourhood24,Dwelling1
VR_1838,N.S.,0.0,1.1,0.1,1.6,0.5,2019,centre2,Zone12,Neighbourhood24,Dwelling2
VR_1839,N.S.,0.0,0.0,0.0,0.0,0.0,2019,centre2,Zone3,Neighbourhood25,Dwelling1
VR_1840,N.S.,0.0,0.0,0.0,0.0,0.0,2019,centre2,Zone3,Neighbourhood25,Dwelling2
VR_1841,N.S.,0.0,0.0,0.0,0.0,0.0,2019,centre2,Zone3,Neighbourhood26,Dwelling1
VR_1842,N.S.,0.0,0.0,0.2,0.0,0.2,2019,centre2,Zone3,Neighbourhood26,Dwelling2
VR_1843,N.S.,0.0,0.0,0.0,0.0,0.0,2019,centre2,Zone3,Neighbourhood27,Dwelling1
VR_1844,N.S.,0.0,0.0,0.0,0.0,0.0,2019,centre2,Zone3,Neighbourhood27,Dwelling2
VR_1845,N.S.,0.0,0.0,0.0,0.0,0.0,2019,centre2,Zone3,Neighbourhood28,Dwelling1
VR_1846,N.S.,0.0,0.0,0.0,0.0,0.0,2019,centre2,Zone3,Neighbourhood28,Dwelling2
VR_1847,N.S.,0.0,0.0,0.0,0.0,0.0,2019,centre2,Zone3,Neighbourhood29,Dwelling1
VR_1848,N.S.,0.0,0.0,0.0,0.0,0.0,2019,centre2,Zone3,Neighbourhood29,Dwelling2
VR_1849,N.B.,0.0,0.0,0.0,0.0,0.0,2019,centre3,Zone13,Neighbourhood30,Dwelling1
VR_1850,N.B.,0.0,3.0,2.6,0.0,2.9,2019,centre3,Zone13,Neighbourhood30,Dwelling2
VR_1851,N.B.,0.0,0.0,0.0,0.0,0.0,2019,centre3,Zone13,Neighbourhood31,Dwelling1
VR_1852,N.B.,0.0,0.7,0.5,0.0,1.0,2019,centre3,Zone13,Neighbourhood31,Dwelling2
VR_1853,N.B.,0.0,0.0,0.0,0.0,0.0,2019,centre3,Zone14,Neighbourhood32,Dwelling1
VR_1854,N.B.,0.0,2.7,2.5,0.0,2.7,2019,centre3,Zone14,Neighbourhood32,Dwelling2
VR_1855,N.B.,0.0,0.0,0.0,0.0,0.0,2019,centre3,Zone15,Neighbourhood33,Dwelling1
VR_1856,N.B.,0.0,0.0,0.0,0.0,2.1,2019,centre3,Zone15,Neighbourhood33,Dwelling2
VR_1857,N.B.,0.0,0.0,0.0,0.0,0.0,2019,centre3,Zone15,Neighbourhood34,Dwelling1
VR_1858,N.B.,0.0,0.0,0.0,0.0,1.4,2019,centre3,Zone15,Neighbourhood34,Dwelling2
VR_1859,N.B.,0.0,0.0,0.0,0.0,0.0,2019,centre3,Zone15,Neighbourhood35,Dwelling1
VR_1860,N.B.,2.7,3.0,3.1,0.0,2.9,2019,centre3,Zone15,Neighbourhood35,Dwelling2
VR_1861,N.B.,0.0,0.0,0.0,0.0,0.0,2019,centre3,Zone15,Neighbourhood36,Dwelling1
VR_1862,N.B.,0.0,0.0,0.0,0.0,0.0,2019,centre3,Zone15,Neighbourhood36,Dwelling2
VR_1863,N.B.,0.0,0.0,0.0,0.0,0.0,2019,centre3,Zone16,Neighbourhood37,Dwelling1
VR_1864,N.B.,0.0,2.1,3.0,0.0,2.7,2019,centre3,Zone16,Neighbourhood37,Dwelling2
VR_1865,N.B.,0.0,0.0,0.0,0.0,0.0,2019,centre3,Zone16,Neighbourhood38,Dwelling1
VR_1866,N.B.,0.0,0.0,0.5,0.0,0.4,2019,centre3,Zone16,Neighbourhood38,Dwelling2
VR_1867,N.B.,0.0,0.0,0.0,0.0,0.0,2019,centre3,Zone17,Neighbourhood39,Dwelling1
VR_1868,N.B.,0.0,0.0,2.3,0.0,1.8,2019,centre3,Zone17,Neighbourhood39,Dwelling2
VR_1869,N.B.,0.0,0.0,0.0,0.0,0.0,2019,centre3,Zone18,Neighbourhood40,Dwelling1
VR_1870,N.B.,0.0,2.0,2.1,0.0,2.0,2019,centre3,Zone18,Neighbourhood40,Dwelling2
VR_1871,N.B.,0.0,0.0,0.0,0.0,0.0,2019,centre3,Zone18,Neighbourhood41,Dwelling1
VR_1872,N.B.,0.0,0.0,0.0,0.0,0.0,2019,centre3,Zone18,Neighbourhood41,Dwelling2
VR_1873,N.B.,0.0,0.0,0.0,0.0,0.0,2019,centre3,Zone18,Neighbourhood42,Dwelling1
VR_1874,N.B.,0.0,0.0,0.4,0.0,0.4,2019,centre3,Zone18,Neighbourhood42,Dwelling2
VR_1875,N.B.,0.0,0.0,0.0,0.0,0.0,2019,centre3,Zone3,Neighbourhood43,Dwelling1
VR_1876,N.B.,0.0,0.0,0.0,0.0,0.0,2019,centre3,Zone3,Neighbourhood43,Dwelling2
VR_1877,N.B.,0.0,0.0,0.0,0.0,0.0,2019,centre3,Zone3,Neighbourhood44,Dwelling1
VR_1878,N.B.,0.0,0.0,0.0,0.0,0.0,2019,centre3,Zone3,Neighbourhood44,Dwelling2
VR_1879,N.B.,0.0,0.0,0.0,0.0,0.0,2019,centre4,Zone19,Neighbourhood5,Dwelling1
VR_1880,N.B.,3.6,0.0,0.0,0.0,0.7,2019,centre4,Zone19,Neighbourhood5,Dwelling2
VR_1881,N.B.,0.0,0.0,0.0,0.0,0.0,2019,centre4,Zone19,Neighbourhood45,Dwelling1
VR_1882,N.B.,0.6,3.2,0.7,0.0,2.8,2019,centre4,Zone19,Neighbourhood45,Dwelling2
VR_1883,N.B.,0.0,0.0,0.0,0.0,0.0,2019,centre4,Zone20,Neighbourhood46,Dwelling1
VR_1884,N.B.,0.0,0.0,2.2,0.0,3.4,2019,centre4,Zone20,Neighbourhood46,Dwelling2
VR_1885,N.B.,0.0,0.0,0.0,0.0,0.0,2019,centre4,Zone21,Neighbourhood47,Dwelling1
VR_1886,N.B.,0.0,0.0,0.0,0.0,0.0,2019,centre4,Zone21,Neighbourhood47,Dwelling2
VR_1887,N.B.,0.0,0.0,0.0,0.0,0.0,2019,centre4,Zone21,Neighbourhood8,Dwelling1
VR_1888,N.B.,0.0,0.0,4.1,0.0,3.8,2019,centre4,Zone21,Neighbourhood8,Dwelling2
VR_1889,N.B.,0.0,0.0,0.0,0.0,0.0,2019,centre4,Zone21,Neighbourhood48,Dwelling1
VR_1890,N.B.,0.0,5.8,2.1,0.0,2.7,2019,centre4,Zone21,Neighbourhood48,Dwelling2
VR_1891,N.B.,0.0,0.0,0.0,0.0,0.0,2019,centre4,Zone22,Neighbourhood49,Dwelling1
VR_1892,N.B.,0.0,7.7,3.9,3.5,5.2,2019,centre4,Zone22,Neighbourhood49,Dwelling2
VR_1893,N.B.,0.0,0.0,0.0,0.0,0.0,2019,centre4,Zone23,Neighbourhood50,Dwelling1
VR_1894,N.B.,0.0,0.0,4.0,0.0,3.5,2019,centre4,Zone23,Neighbourhood50,Dwelling2
VR_1895,N.B.,0.0,0.0,0.0,0.0,0.0,2019,centre4,Zone23,Neighbourhood51,Dwelling1
VR_1896,N.B.,0.0,0.0,0.0,0.0,0.0,2019,centre4,Zone23,Neighbourhood51,Dwelling2
VR_1897,N.B.,0.0,0.0,0.0,0.0,0.0,2019,centre4,Zone23,Neighbourhood52,Dwelling1
VR_1898,N.B.,0.0,0.0,0.0,0.0,0.0,2019,centre4,Zone23,Neighbourhood52,Dwelling2
VR_1899,N.B.,0.0,0.0,0.0,0.0,0.0,2019,centre4,Zone23,Neighbourhood53,Dwelling1
VR_1900,N.B.,0.0,0.0,0.0,0.0,0.0,2019,centre4,Zone23,Neighbourhood53,Dwelling2
VR_1901,Que,0.0,0.0,0.0,0.0,0.0,2019,centre5,Zone24,Neighbourhood54,Dwelling1
VR_1902,Que,0.0,0.0,0.0,0.0,3.3,2019,centre5,Zone24,Neighbourhood54,Dwelling2
VR_1903,Que,0.0,0.0,0.0,0.0,0.0,2019,centre5,Zone24,Neighbourhood55,Dwelling1
VR_1904,Que,0.0,0.0,0.0,0.0,0.0,2019,centre5,Zone24,Neighbourhood55,Dwelling2
VR_1905,Que,0.0,0.0,0.0,0.0,0.0,2019,centre5,Zone25,Neighbourhood56,Dwelling1
VR_1906,Que,0.0,0.0,0.0,0.0,0.0,2019,centre5,Zone25,Neighbourhood56,Dwelling2
VR_1907,Que,0.0,0.0,0.0,0.0,0.0,2019,centre5,Zone25,Neighbourhood57,Dwelling1
VR_1908,Que,0.0,0.0,0.0,0.4,0.0,2019,centre5,Zone25,Neighbourhood57,Dwelling2
VR_1909,Que,0.0,0.0,0.0,0.0,0.0,2019,centre5,Zone26,Neighbourhood58,Dwelling1
VR_1910,Que,0.0,0.0,0.0,0.0,3.5,2019,centre5,Zone26,Neighbourhood58,Dwelling2
VR_1911,Que,0.0,0.0,0.0,0.0,0.0,2019,centre5,Zone26,Neighbourhood59,Dwelling1
VR_1912,Que,0.0,0.0,0.0,0.0,0.0,2019,centre5,Zone26,Neighbourhood59,Dwelling2
VR_1913,Que,0.0,0.0,0.0,0.0,0.0,2019,centre5,Zone26,Neighbourhood60,Dwelling1
VR_1914,Que,0.0,0.0,0.0,0.0,0.0,2019,centre5,Zone26,Neighbourhood60,Dwelling2
VR_1915,Que,0.0,0.0,0.0,0.0,0.0,2019,centre5,Zone27,Neighbourhood61,Dwelling1
VR_1916,Que,0.0,2.9,5.2,3.6,4.3,2019,centre5,Zone27,Neighbourhood61,Dwelling2
VR_1917,Que,0.0,0.0,0.0,0.0,0.0,2019,centre6,Zone28,Neighbourhood62,Dwelling1
VR_1918,Que,1.6,2.6,3.7,0.0,3.1,2019,centre6,Zone28,Neighbourhood62,Dwelling2
VR_1919,Que,0.0,0.0,0.0,0.0,0.0,2019,centre6,Zone28,Neighbourhood63,Dwelling1
VR_1920,Que,0.0,0.0,0.0,0.0,0.0,2019,centre6,Zone28,Neighbourhood63,Dwelling2
VR_1921,Que,0.0,0.0,0.0,0.0,0.0,2019,centre6,Zone29,Neighbourhood64,Dwelling1
VR_1922,Que,0.6,0.3,0.1,0.0,0.2,2019,centre6,Zone29,Neighbourhood64,Dwelling2
VR_1923,Que,0.0,0.0,0.0,0.0,0.0,2019,centre6,Zone29,Neighbourhood65,Dwelling1
VR_1924,Que,0.0,0.2,0.3,0.3,0.3,2019,centre6,Zone29,Neighbourhood65,Dwelling2
VR_1925,Que,0.0,0.0,0.0,0.0,0.0,2019,centre6,Zone30,Neighbourhood66,Dwelling1
VR_1926,Que,1.3,1.1,0.5,0.3,0.6,2019,centre6,Zone30,Neighbourhood66,Dwelling2
VR_1927,Que,0.0,0.0,0.0,0.0,0.0,2019,centre6,Zone31,Neighbourhood67,Dwelling1
VR_1928,Que,0.0,1.1,0.0,0.4,0.0,2019,centre6,Zone31,Neighbourhood67,Dwelling2
VR_1929,Que,0.0,0.0,0.0,0.0,0.0,2019,centre6,Zone31,Neighbourhood68,Dwelling1
VR_1930,Que,1.5,2.1,3.2,1.0,2.4,2019,centre6,Zone31,Neighbourhood68,Dwelling2
VR_1931,Que,0.0,0.0,0.0,0.0,0.0,2019,centre6,Zone31,Neighbourhood69,Dwelling1
VR_1932,Que,0.0,0.0,0.0,0.0,0.0,2019,centre6,Zone31,Neighbourhood69,Dwelling2
VR_1933,Que,0.0,0.0,0.0,0.0,0.0,2019,centre6,Zone31,Neighbourhood70,Dwelling1
VR_1934,Que,0.0,2.3,1.7,0.9,1.9,2019,centre6,Zone31,Neighbourhood70,Dwelling2
VR_1935,Que,0.0,0.0,0.0,0.0,0.0,2019,centre6,Zone32,Neighbourhood71,Dwelling1
VR_1936,Que,2.2,1.7,0.9,1.0,1.4,2019,centre6,Zone32,Neighbourhood71,Dwelling2
VR_1937,Que,0.0,0.0,0.0,0.0,0.0,2019,centre6,Zone32,Neighbourhood72,Dwelling1
VR_1938,Que,0.0,0.3,0.0,0.0,0.0,2019,centre6,Zone32,Neighbourhood72,Dwelling2
VR_1939,Que,0.0,0.0,0.0,0.0,0.0,2019,centre6,Zone32,Neighbourhood73,Dwelling1
VR_1940,Que,0.0,0.7,1.6,1.9,1.2,2019,centre6,Zone32,Neighbourhood73,Dwelling2
VR_1941,Que,0.0,0.0,0.0,0.0,0.0,2019,centre6,Zone33,Neighbourhood74,Dwelling1
VR_1942,Que,0.0,1.3,0.7,0.3,0.0,2019,centre6,Zone33,Neighbourhood74,Dwelling2
VR_1943,Que,0.0,0.0,0.0,0.0,0.0,2019,centre6,Zone34,Neighbourhood75,Dwelling1
VR_1944,Que,0.0,0.7,0.0,0.0,0.0,2019,centre6,Zone34,Neighbourhood75,Dwelling2
VR_1945,Que,0.0,0.0,0.0,0.0,0.0,2019,centre6,Zone34,Neighbourhood76,Dwelling1
VR_1946,Que,2.0,0.0,0.2,0.0,0.7,2019,centre6,Zone34,Neighbourhood76,Dwelling2
VR_1947,Que,0.0,0.0,0.0,0.0,0.0,2019,centre6,Zone34,Neighbourhood77,Dwelling1
VR_1948,Que,0.0,0.0,0.0,0.0,0.2,2019,centre6,Zone34,Neighbourhood77,Dwelling2
VR_1949,Que,0.0,0.0,0.0,0.0,0.0,2019,centre6,Zone35,Neighbourhood78,Dwelling1
VR_1950,Que,1.4,0.3,0.0,0.4,0.0,2019,centre6,Zone35,Neighbourhood78,Dwelling2
VR_1951,Que,0.0,0.0,0.0,0.0,0.0,2019,centre6,Zone35,Neighbourhood79,Dwelling1
VR_1952,Que,0.0,0.3,0.0,0.0,0.0,2019,centre6,Zone35,Neighbourhood79,Dwelling2
VR_1953,Que,0.0,0.0,0.0,0.0,0.0,2019,centre6,Zone36,Neighbourhood80,Dwelling1
VR_1954,Que,0.0,0.6,0.0,0.1,1.3,2019,centre6,Zone36,Neighbourhood80,Dwelling2
VR_1955,Que,0.0,0.0,0.0,0.0,0.0,2019,centre6,Zone37,Neighbourhood81,Dwelling1
VR_1956,Que,0.0,0.0,0.2,0.0,0.0,2019,centre6,Zone37,Neighbourhood81,Dwelling2
VR_1957,Que,0.0,0.0,0.0,0.0,0.0,2019,centre6,Zone37,Neighbourhood82,Dwelling1
VR_1958,Que,0.0,0.4,0.2,0.0,0.2,2019,centre6,Zone37,Neighbourhood82,Dwelling2
VR_1959,Que,0.0,0.0,0.0,0.0,0.0,2019,centre6,Zone38,Neighbourhood83,Dwelling1
VR_1960,Que,0.4,0.0,0.0,0.2,0.0,2019,centre6,Zone38,Neighbourhood83,Dwelling2
VR_1961,Que,0.0,0.0,0.0,0.0,0.0,2019,centre6,Zone39,Neighbourhood84,Dwelling1
VR_1962,Que,1.1,0.6,0.2,0.0,0.4,2019,centre6,Zone39,Neighbourhood84,Dwelling2
VR_1963,Que,0.0,0.0,0.0,0.0,0.0,2019,centre6,Zone39,Neighbourhood85,Dwelling1
VR_1964,Que,0.7,0.0,0.4,0.0,0.0,2019,centre6,Zone39,Neighbourhood85,Dwelling2
VR_1965,Que,0.0,0.0,0.0,0.0,0.0,2019,centre6,Zone40,Neighbourhood86,Dwelling1
VR_1966,Que,2.6,3.6,1.6,0.0,3.1,2019,centre6,Zone40,Neighbourhood86,Dwelling2
VR_1967,Que,0.0,0.0,0.0,0.0,0.0,2019,centre6,Zone41,Neighbourhood87,Dwelling1
VR_1968,Que,3.4,0.0,1.9,0.0,3.3,2019,centre6,Zone41,Neighbourhood87,Dwelling2
VR_1969,Que,0.0,0.0,0.0,0.0,0.0,2019,centre6,Zone41,Neighbourhood88,Dwelling1
VR_1970,Que,0.0,0.6,1.5,0.0,1.2,2019,centre6,Zone41,Neighbourhood88,Dwelling2
VR_1971,Que,0.0,0.0,0.0,0.0,0.0,2019,centre6,Zone42,Neighbourhood89,Dwelling1
VR_1972,Que,0.0,0.0,1.1,1.8,1.4,2019,centre6,Zone42,Neighbourhood89,Dwelling2
VR_1973,Que,0.0,0.0,0.0,0.0,0.0,2019,centre6,Zone42,Neighbourhood90,Dwelling1
VR_1974,Que,0.0,0.0,0.7,0.0,0.8,2019,centre6,Zone42,Neighbourhood90,Dwelling2
VR_1975,Que,0.0,0.0,0.0,0.0,0.0,2019,centre6,Zone42,Neighbourhood91,Dwelling1
VR_1976,Que,0.0,0.7,0.4,0.0,1.1,2019,centre6,Zone42,Neighbourhood91,Dwelling2
VR_1977,Que,0.0,0.0,0.0,8.3,0.0,2019,centre6,Zone43,Neighbourhood92,Dwelling1
VR_1978,Que,2.9,2.1,2.3,1.1,2.2,2019,centre6,Zone43,Neighbourhood92,Dwelling2
VR_1979,Que,0.0,0.0,0.0,0.0,0.0,2019,centre6,Zone43,Neighbourhood93,Dwelling1
VR_1980,Que,2.2,2.1,2.6,0.3,2.2,2019,centre6,Zone43,Neighbourhood93,Dwelling2
VR_1981,Que,0.0,0.0,0.0,0.0,0.0,2019,centre6,Zone43,Neighbourhood94,Dwelling1
VR_1982,Que,0.0,0.7,0.9,0.0,0.9,2019,centre6,Zone43,Neighbourhood94,Dwelling2
VR_1983,Que,0.0,0.0,0.0,0.0,0.0,2019,centre6,Zone44,Neighbourhood95,Dwelling1
VR_1984,Que,0.0,1.2,0.0,0.0,0.0,2019,centre6,Zone44,Neighbourhood95,Dwelling2
VR_1985,Que,0.0,0.0,0.0,0.0,0.0,2019,centre6,Zone45,Neighbourhood96,Dwelling1
VR_1986,Que,0.0,0.4,0.0,0.0,0.1,2019,centre6,Zone45,Neighbourhood96,Dwelling2
VR_1987,Que,0.0,0.0,0.0,0.0,0.0,2019,centre6,Zone45,Neighbourhood97,Dwelling1
VR_1988,Que,0.4,0.8,2.5,2.6,2.2,2019,centre6,Zone45,Neighbourhood97,Dwelling2
VR_1989,Que,0.0,0.0,0.0,0.0,0.0,2019,centre6,Zone45,Neighbourhood98,Dwelling1
VR_1990,Que,0.0,0.4,0.0,0.2,0.0,2019,centre6,Zone45,Neighbourhood98,Dwelling2
VR_1991,Que,0.0,0.0,0.0,0.0,0.0,2019,centre6,Zone46,Neighbourhood99,Dwelling1
VR_1992,Que,0.0,0.0,0.0,0.0,0.6,2019,centre6,Zone46,Neighbourhood99,Dwelling2
VR_1993,Que,0.0,0.0,0.0,0.0,0.0,2019,centre6,Zone46,Neighbourhood100,Dwelling1
VR_1994,Que,0.0,5.8,0.0,1.5,2.7,2019,centre6,Zone46,Neighbourhood100,Dwelling2
VR_1995,Que,0.0,0.0,0.0,0.0,0.0,2019,centre6,Zone47,Neighbourhood101,Dwelling1
VR_1996,Que,0.0,0.0,0.2,0.2,0.6,2019,centre6,Zone47,Neighbourhood101,Dwelling2
VR_1997,Que,0.0,0.0,0.0,0.0,0.0,2019,centre6,Zone48,Neighbourhood102,Dwelling1
VR_1998,Que,0.0,1.9,0.5,0.7,0.8,2019,centre6,Zone48,Neighbourhood102,Dwelling2
VR_1999,Que,0.0,0.0,0.0,0.0,0.0,2019,centre6,Zone49,Neighbourhood103,Dwelling1
VR_2000,Que,0.0,0.0,0.0,0.0,0.0,2019,centre6,Zone49,Neighbourhood103,Dwelling2
VR_2001,Que,0.0,0.0,0.0,0.0,0.0,2019,centre6,Zone49,Neighbourhood104,Dwelling1
VR_2002,Que,1.7,1.7,0.6,0.0,0.9,2019,centre6,Zone49,Neighbourhood104,Dwelling2
VR_2003,Que,0.0,0.0,0.0,0.0,0.0,2019,centre6,Zone49,Neighbourhood105,Dwelling1
VR_2004,Que,0.0,0.0,0.0,0.0,0.0,2019,centre6,Zone49,Neighbourhood105,Dwelling2
VR_2005,Que,0.0,0.0,0.0,0.0,0.0,2019,centre6,Zone50,Neighbourhood106,Dwelling1
VR_2006,Que,0.0,0.0,0.5,0.0,0.7,2019,centre6,Zone50,Neighbourhood106,Dwelling2
VR_2007,Que,0.0,0.0,0.0,0.0,0.0,2019,centre6,Zone50,Neighbourhood107,Dwelling1
VR_2008,Que,37.1,0.0,0.0,0.0,0.0,2019,centre6,Zone50,Neighbourhood107,Dwelling2
VR_2009,Que,0.0,0.0,0.0,0.0,0.0,2019,centre6,Zone51,Neighbourhood108,Dwelling1
VR_2010,Que,3.0,0.0,0.3,0.0,0.3,2019,centre6,Zone51,Neighbourhood108,Dwelling2
VR_2011,Que,0.0,0.0,0.0,0.0,0.0,2019,centre6,Zone51,Neighbourhood109,Dwelling1
VR_2012,Que,0.0,0.0,0.9,0.0,1.0,2019,centre6,Zone51,Neighbourhood109,Dwelling2
VR_2013,Que,0.0,0.0,0.0,0.0,0.0,2019,centre6,Zone51,Neighbourhood110,Dwelling1
VR_2014,Que,0.0,0.0,0.0,0.0,0.0,2019,centre6,Zone51,Neighbourhood110,Dwelling2
VR_2015,Que,0.0,0.0,0.0,0.0,0.0,2019,centre6,Zone52,Neighbourhood111,Dwelling1
VR_2016,Que,0.0,0.0,0.0,0.0,0.0,2019,centre6,Zone52,Neighbourhood111,Dwelling2
VR_2017,Que,0.0,0.0,0.0,0.0,0.0,2019,centre6,Zone52,Neighbourhood112,Dwelling1
VR_2018,Que,0.0,0.0,0.0,0.0,0.0,2019,centre6,Zone52,Neighbourhood112,Dwelling2
VR_2019,Que,0.0,0.0,0.0,0.0,0.0,2019,centre6,Zone52,Neighbourhood113,Dwelling1
VR_2020,Que,0.0,0.0,0.0,0.2,0.0,2019,centre6,Zone52,Neighbourhood113,Dwelling2
VR_2021,Que,0.0,0.0,0.0,0.0,0.0,2019,centre6,Zone52,Neighbourhood114,Dwelling1
VR_2022,Que,0.0,0.0,0.0,0.0,0.0,2019,centre6,Zone52,Neighbourhood114,Dwelling2
VR_2023,Que,0.0,0.0,0.0,0.0,0.0,2019,centre6,Zone52,Neighbourhood115,Dwelling1
VR_2024,Que,0.0,1.3,0.4,0.0,0.4,2019,centre6,Zone52,Neighbourhood115,Dwelling2
VR_2025,Que,0.0,0.0,0.0,0.0,0.0,2019,centre6,Zone53,Neighbourhood116,Dwelling1
VR_2026,Que,0.0,0.0,0.0,0.0,0.0,2019,centre6,Zone53,Neighbourhood116,Dwelling2
VR_2027,Que,0.0,0.0,0.0,0.0,0.0,2019,centre6,Zone53,Neighbourhood117,Dwelling1
VR_2028,Que,0.0,0.0,0.0,0.0,0.5,2019,centre6,Zone53,Neighbourhood117,Dwelling2
VR_2029,Que,0.0,0.0,0.0,0.0,0.0,2019,centre6,Zone53,Neighbourhood118,Dwelling1
VR_2030,Que,0.0,0.0,0.7,0.0,0.5,2019,centre6,Zone53,Neighbourhood118,Dwelling2
VR_2031,Que,0.0,0.0,0.0,0.0,0.0,2019,centre6,Zone53,Neighbourhood119,Dwelling1
VR_2032,Que,0.0,0.0,0.0,0.0,0.0,2019,centre6,Zone53,Neighbourhood119,Dwelling2
VR_2033,Que,0.0,0.0,0.0,0.0,0.0,2019,centre6,Zone53,Neighbourhood120,Dwelling1
VR_2034,Que,0.0,0.0,0.0,0.0,0.0,2019,centre6,Zone53,Neighbourhood120,Dwelling2
VR_2035,Que,0.0,0.0,0.0,0.0,0.0,2019,centre6,Zone54,Neighbourhood121,Dwelling1
VR_2036,Que,0.0,0.0,0.0,0.0,0.7,2019,centre6,Zone54,Neighbourhood121,Dwelling2
VR_2037,Que,0.0,0.0,0.0,0.0,0.0,2019,centre6,Zone54,Neighbourhood122,Dwelling1
VR_2038,Que,0.0,0.0,0.3,0.0,0.3,2019,centre6,Zone54,Neighbourhood122,Dwelling2
VR_2039,Que,0.0,0.0,0.0,0.0,0.0,2019,centre6,Zone54,Neighbourhood123,Dwelling1
VR_2040,Que,0.0,0.0,0.1,0.0,0.1,2019,centre6,Zone54,Neighbourhood123,Dwelling2
VR_2041,Que,0.0,0.0,0.0,0.0,0.0,2019,centre6,Zone54,Neighbourhood124,Dwelling1
VR_2042,Que,0.0,0.0,0.0,0.0,0.0,2019,centre6,Zone54,Neighbourhood124,Dwelling2
VR_2043,Que,0.0,0.0,0.0,0.0,0.0,2019,centre6,Zone55,Neighbourhood125,Dwelling1
VR_2044,Que,0.0,0.0,0.0,0.0,0.0,2019,centre6,Zone55,Neighbourhood125,Dwelling2
VR_2045,Que,0.0,0.0,0.0,0.0,0.0,2019,centre6,Zone55,Neighbourhood126,Dwelling1
VR_2046,Que,1.8,0.0,0.0,0.5,0.0,2019,centre6,Zone55,Neighbourhood126,Dwelling2
VR_2047,Que,0.0,0.0,0.0,0.0,0.0,2019,centre6,Zone55,Neighbourhood127,Dwelling1
VR_2048,Que,0.0,0.0,0.0,0.0,0.0,2019,centre6,Zone55,Neighbourhood127,Dwelling2
VR_2049,Que,0.0,0.0,0.0,0.0,0.0,2019,centre6,Zone55,Neighbourhood128,Dwelling1
VR_2050,Que,0.0,0.0,0.0,0.0,0.0,2019,centre6,Zone55,Neighbourhood128,Dwelling2
VR_2051,Que,0.0,0.0,0.0,0.0,0.0,2019,centre6,Zone55,Neighbourhood129,Dwelling1
VR_2052,Que,0.0,0.0,0.6,0.0,0.3,2019,centre6,Zone55,Neighbourhood129,Dwelling2
VR_2053,Que,0.0,0.0,0.0,0.0,0.0,2019,centre6,Zone55,Neighbourhood130,Dwelling1
VR_2054,Que,0.0,0.0,0.0,0.0,0.0,2019,centre6,Zone55,Neighbourhood130,Dwelling2
VR_2055,Que,0.0,0.0,0.0,0.0,0.0,2019,centre6,Zone56,Neighbourhood131,Dwelling1
VR_2056,Que,0.0,0.0,0.0,0.0,0.0,2019,centre6,Zone56,Neighbourhood131,Dwelling2
VR_2057,Que,0.0,0.0,0.0,0.0,0.0,2019,centre6,Zone56,Neighbourhood132,Dwelling1
VR_2058,Que,0.0,0.0,0.4,0.1,1.3,2019,centre6,Zone56,Neighbourhood132,Dwelling2
VR_2059,Que,0.0,0.0,0.0,0.0,0.0,2019,centre6,Zone56,Neighbourhood133,Dwelling1
VR_2060,Que,0.0,0.4,0.0,0.0,0.0,2019,centre6,Zone56,Neighbourhood133,Dwelling2
VR_2061,Que,0.0,0.0,0.0,0.0,0.0,2019,centre6,Zone56,Neighbourhood134,Dwelling1
VR_2062,Que,0.0,0.0,0.0,0.0,0.0,2019,centre6,Zone56,Neighbourhood134,Dwelling2
VR_2063,Que,0.0,0.0,0.0,0.0,0.0,2019,centre6,Zone57,Neighbourhood135,Dwelling1
VR_2064,Que,0.0,1.9,0.0,0.3,1.5,2019,centre6,Zone57,Neighbourhood135,Dwelling2
VR_2065,Que,0.0,0.0,0.0,0.0,0.0,2019,centre6,Zone58,Neighbourhood136,Dwelling1
VR_2066,Que,2.5,1.7,1.8,0.0,1.6,2019,centre6,Zone58,Neighbourhood136,Dwelling2
VR_2067,Que,0.0,0.0,0.0,0.0,0.0,2019,centre6,Zone58,Neighbourhood137,Dwelling1
VR_2068,Que,0.0,0.0,0.0,0.0,0.0,2019,centre6,Zone58,Neighbourhood137,Dwelling2
VR_2069,Que,0.0,0.0,0.0,0.0,0.0,2019,centre6,Zone58,Neighbourhood138,Dwelling1
VR_2070,Que,0.0,0.8,0.6,0.0,0.6,2019,centre6,Zone58,Neighbourhood138,Dwelling2
VR_2071,Que,0.0,0.0,0.0,0.0,0.0,2019,centre6,Zone58,Neighbourhood139,Dwelling1
VR_2072,Que,0.0,2.3,3.9,0.0,2.9,2019,centre6,Zone58,Neighbourhood139,Dwelling2
VR_2073,Que,0.0,0.0,0.0,0.0,0.0,2019,centre6,Zone58,Neighbourhood140,Dwelling1
VR_2074,Que,0.0,0.8,2.5,1.4,1.9,2019,centre6,Zone58,Neighbourhood140,Dwelling2
VR_2075,Que,0.0,0.0,0.0,0.0,0.0,2019,centre6,Zone58,Neighbourhood141,Dwelling1
VR_2076,Que,0.0,0.0,0.5,0.0,0.4,2019,centre6,Zone58,Neighbourhood141,Dwelling2
VR_2077,Que,0.0,0.0,0.0,0.0,0.0,2019,centre6,Zone59,Neighbourhood142,Dwelling1
VR_2078,Que,0.0,0.0,0.0,0.0,3.2,2019,centre6,Zone59,Neighbourhood142,Dwelling2
VR_2079,Que,0.0,0.0,0.0,0.0,0.0,2019,centre6,Zone59,Neighbourhood143,Dwelling1
VR_2080,Que,0.0,0.0,0.0,0.0,0.0,2019,centre6,Zone59,Neighbourhood143,Dwelling2
VR_2081,Que,0.0,0.0,0.0,0.0,0.0,2019,centre6,Zone59,Neighbourhood144,Dwelling1
VR_2082,Que,0.0,1.4,0.0,0.0,1.7,2019,centre6,Zone59,Neighbourhood144,Dwelling2
VR_2083,Que,0.0,0.0,0.0,0.0,0.0,2019,centre6,Zone59,Neighbourhood145,Dwelling1
VR_2084,Que,0.0,1.1,0.0,0.0,0.1,2019,centre6,Zone59,Neighbourhood145,Dwelling2
VR_2085,Que,0.0,0.0,0.0,0.0,0.0,2019,centre6,Zone59,Neighbourhood146,Dwelling1
VR_2086,Que,0.0,0.0,0.6,0.0,0.4,2019,centre6,Zone59,Neighbourhood146,Dwelling2
VR_2087,Que,0.0,0.0,0.0,0.0,0.0,2019,centre6,Zone59,Neighbourhood147,Dwelling1
VR_2088,Que,0.0,0.5,1.1,0.5,1.0,2019,centre6,Zone59,Neighbourhood147,Dwelling2
VR_2089,Que,0.0,0.0,0.0,0.0,0.0,2019,centre6,Zone59,Neighbourhood148,Dwelling1
VR_2090,Que,0.0,0.0,0.0,0.0,0.0,2019,centre6,Zone59,Neighbourhood148,Dwelling2
VR_2091,Que,0.0,0.0,0.0,0.0,0.0,2019,centre6,Zone59,Neighbourhood149,Dwelling1
VR_2092,Que,0.0,0.0,0.0,0.0,0.0,2019,centre6,Zone59,Neighbourhood149,Dwelling2
VR_2093,Que,0.0,0.0,0.0,0.0,0.0,2019,centre6,Zone60,Neighbourhood150,Dwelling1
VR_2094,Que,0.0,1.9,0.0,2.2,0.6,2019,centre6,Zone60,Neighbourhood150,Dwelling2
VR_2095,Que,0.0,0.0,0.0,0.0,0.0,2019,centre6,Zone60,Neighbourhood151,Dwelling1
VR_2096,Que,0.0,0.0,0.0,0.0,0.0,2019,centre6,Zone60,Neighbourhood151,Dwelling2
VR_2097,Que,0.0,0.0,0.0,0.0,0.0,2019,centre6,Zone60,Neighbourhood152,Dwelling1
VR_2098,Que,0.0,0.0,0.0,0.0,0.0,2019,centre6,Zone60,Neighbourhood152,Dwelling2
VR_2099,Que,0.0,0.0,0.0,0.0,0.0,2019,centre6,Zone60,Neighbourhood153,Dwelling1
VR_2100,Que,0.0,0.4,0.0,0.0,0.0,2019,centre6,Zone60,Neighbourhood153,Dwelling2
VR_2101,Que,0.0,0.0,0.0,0.0,0.0,2019,centre6,Zone60,Neighbourhood154,Dwelling1
VR_2102,Que,0.0,0.5,0.0,0.0,1.0,2019,centre6,Zone60,Neighbourhood154,Dwelling2
VR_2103,Que,0.0,0.0,0.0,0.0,0.0,2019,centre6,Zone60,Neighbourhood155,Dwelling1
VR_2104,Que,0.0,0.0,0.0,0.0,0.0,2019,centre6,Zone60,Neighbourhood155,Dwelling2
VR_2105,Que,0.0,0.0,0.0,0.0,0.0,2019,centre6,Zone60,Neighbourhood156,Dwelling1
VR_2106,Que,0.0,0.0,0.0,0.0,0.0,2019,centre6,Zone60,Neighbourhood156,Dwelling2
VR_2107,Que,0.0,0.0,0.0,0.0,0.0,2019,centre6,Zone60,Neighbourhood157,Dwelling1
VR_2108,Que,0.0,0.0,0.0,0.0,0.0,2019,centre6,Zone60,Neighbourhood157,Dwelling2
VR_2109,Que,0.0,0.0,0.0,0.0,0.0,2019,centre6,Zone61,Neighbourhood158,Dwelling1
VR_2110,Que,0.0,0.0,0.0,0.0,0.0,2019,centre6,Zone61,Neighbourhood158,Dwelling2
VR_2111,Que,0.0,0.0,0.0,0.0,0.0,2019,centre6,Zone61,Neighbourhood159,Dwelling1
VR_2112,Que,0.0,0.0,0.0,0.0,0.0,2019,centre6,Zone61,Neighbourhood159,Dwelling2
VR_2113,Que,0.0,0.0,0.0,0.0,0.0,2019,centre6,Zone61,Neighbourhood160,Dwelling1
VR_2114,Que,0.0,0.0,0.0,0.0,0.0,2019,centre6,Zone61,Neighbourhood160,Dwelling2
VR_2115,Que,0.0,0.0,0.0,0.0,0.0,2019,centre6,Zone61,Neighbourhood161,Dwelling1
VR_2116,Que,0.0,0.0,0.0,0.0,0.2,2019,centre6,Zone61,Neighbourhood161,Dwelling2
VR_2117,Que,0.0,0.0,0.0,0.0,0.0,2019,centre6,Zone61,Neighbourhood162,Dwelling1
VR_2118,Que,0.0,0.0,0.0,0.0,0.0,2019,centre6,Zone61,Neighbourhood162,Dwelling2
VR_2119,Que,0.0,0.0,0.0,0.0,0.0,2019,centre6,Zone62,Neighbourhood163,Dwelling1
VR_2120,Que,0.0,0.0,2.4,0.0,1.8,2019,centre6,Zone62,Neighbourhood163,Dwelling2
VR_2121,Que,0.0,0.0,0.0,0.0,0.0,2019,centre6,Zone62,Neighbourhood164,Dwelling1
VR_2122,Que,11.3,10.3,2.0,0.0,3.4,2019,centre6,Zone62,Neighbourhood164,Dwelling2
VR_2123,Que,0.0,0.0,0.0,0.0,0.0,2019,centre6,Zone62,Neighbourhood165,Dwelling1
VR_2124,Que,0.0,0.0,0.0,0.0,0.0,2019,centre6,Zone62,Neighbourhood165,Dwelling2
VR_2125,Que,0.0,0.0,0.0,0.0,0.0,2019,centre6,Zone62,Neighbourhood166,Dwelling1
VR_2126,Que,0.0,0.0,0.0,0.0,0.0,2019,centre6,Zone62,Neighbourhood166,Dwelling2
VR_2127,Que,0.0,0.0,0.0,0.0,0.0,2019,centre6,Zone63,Neighbourhood167,Dwelling1
VR_2128,Que,0.0,0.1,1.1,0.0,1.2,2019,centre6,Zone63,Neighbourhood167,Dwelling2
VR_2129,Que,0.0,0.0,0.0,0.0,0.0,2019,centre6,Zone64,Neighbourhood168,Dwelling1
VR_2130,Que,0.0,0.0,0.2,0.0,0.4,2019,centre6,Zone64,Neighbourhood168,Dwelling2
VR_2131,Que,0.0,0.0,0.0,0.0,0.0,2019,centre6,Zone65,Neighbourhood169,Dwelling1
VR_2132,Que,0.0,0.0,0.0,0.0,0.0,2019,centre6,Zone65,Neighbourhood169,Dwelling2
VR_2133,Que,0.0,0.0,0.0,0.0,0.0,2019,centre6,Zone65,Neighbourhood170,Dwelling1
VR_2134,Que,0.0,0.0,0.0,0.0,0.0,2019,centre6,Zone65,Neighbourhood170,Dwelling2
VR_2135,Que,0.0,0.0,0.0,0.0,0.0,2019,centre6,Zone66,Neighbourhood171,Dwelling1
VR_2136,Que,0.0,0.0,0.0,0.0,0.0,2019,centre6,Zone66,Neighbourhood171,Dwelling2
VR_2137,Que,0.0,0.0,0.0,0.0,0.0,2019,centre7,Zone67,Neighbourhood172,Dwelling1
VR_2138,Que,0.0,0.7,0.9,0.7,0.9,2019,centre7,Zone67,Neighbourhood172,Dwelling2
VR_2139,Que,0.0,0.0,0.0,0.0,0.0,2019,centre7,Zone67,Neighbourhood173,Dwelling1
VR_2140,Que,0.0,1.7,1.5,0.6,1.7,2019,centre7,Zone67,Neighbourhood173,Dwelling2
VR_2141,Que,0.0,0.0,0.0,0.0,0.0,2019,centre7,Zone68,Neighbourhood174,Dwelling1
VR_2142,Que,0.0,0.6,0.0,1.5,0.9,2019,centre7,Zone68,Neighbourhood174,Dwelling2
VR_2143,Que,0.0,0.0,0.0,0.0,0.0,2019,centre7,Zone68,Neighbourhood175,Dwelling1
VR_2144,Que,7.5,1.4,1.9,0.0,1.9,2019,centre7,Zone68,Neighbourhood175,Dwelling2
VR_2145,Que,0.0,0.0,0.0,0.0,0.0,2019,centre7,Zone68,Neighbourhood176,Dwelling1
VR_2146,Que,0.0,0.0,0.0,0.0,0.0,2019,centre7,Zone68,Neighbourhood176,Dwelling2
VR_2147,Que,0.0,0.0,0.0,0.0,0.0,2019,centre7,Zone69,Neighbourhood177,Dwelling1
VR_2148,Que,0.0,0.0,0.0,0.0,0.0,2019,centre7,Zone69,Neighbourhood177,Dwelling2
VR_2149,Que,0.0,0.0,0.0,0.0,0.0,2019,centre7,Zone69,Neighbourhood178,Dwelling1
VR_2150,Que,0.0,0.0,0.6,0.6,0.5,2019,centre7,Zone69,Neighbourhood178,Dwelling2
VR_2151,Que,0.0,0.0,0.0,0.0,0.0,2019,centre7,Zone69,Neighbourhood179,Dwelling1
VR_2152,Que,0.0,0.0,0.0,0.0,0.0,2019,centre7,Zone69,Neighbourhood179,Dwelling2
VR_2153,Que,0.0,0.0,0.0,0.0,0.0,2019,centre7,Zone69,Neighbourhood180,Dwelling1
VR_2154,Que,0.0,0.0,0.0,0.0,0.0,2019,centre7,Zone69,Neighbourhood180,Dwelling2
VR_2155,Que,0.0,0.0,0.0,0.0,0.0,2019,centre7,Zone69,Neighbourhood181,Dwelling1
VR_2156,Que,0.0,0.0,0.0,0.0,0.0,2019,centre7,Zone69,Neighbourhood181,Dwelling2
VR_2157,Que,0.0,0.0,0.0,0.0,0.0,2019,centre7,Zone70,Neighbourhood182,Dwelling1
VR_2158,Que,0.0,0.0,0.0,0.0,0.0,2019,centre7,Zone70,Neighbourhood182,Dwelling2
VR_2159,Que,0.0,0.0,0.0,0.0,0.0,2019,centre7,Zone70,Neighbourhood183,Dwelling1
VR_2160,Que,0.0,0.0,0.0,0.0,0.0,2019,centre7,Zone70,Neighbourhood183,Dwelling2
VR_2161,Que,0.0,0.0,0.0,0.0,0.0,2019,centre8,Zone71,Neighbourhood184,Dwelling1
VR_2162,Que,0.0,0.0,0.0,0.0,0.0,2019,centre8,Zone71,Neighbourhood184,Dwelling2
VR_2163,Que,0.0,0.0,0.0,0.0,0.0,2019,centre8,Zone71,Neighbourhood185,Dwelling1
VR_2164,Que,0.0,0.0,0.4,0.0,1.4,2019,centre8,Zone71,Neighbourhood185,Dwelling2
VR_2165,Que,0.0,0.0,0.0,0.0,0.0,2019,centre8,Zone71,Neighbourhood186,Dwelling1
VR_2166,Que,0.0,0.8,0.5,0.0,1.6,2019,centre8,Zone71,Neighbourhood186,Dwelling2
VR_2167,Que,0.0,0.0,0.0,0.0,0.0,2019,centre8,Zone71,Neighbourhood187,Dwelling1
VR_2168,Que,1.1,3.2,0.7,0.0,1.9,2019,centre8,Zone71,Neighbourhood187,Dwelling2
VR_2169,Que,0.0,0.0,0.0,0.0,0.0,2019,centre8,Zone72,Neighbourhood188,Dwelling1
VR_2170,Que,0.0,0.0,0.0,0.0,0.0,2019,centre8,Zone72,Neighbourhood188,Dwelling2
VR_2171,Que,0.0,0.0,0.0,0.0,0.0,2019,centre8,Zone72,Neighbourhood189,Dwelling1
VR_2172,Que,0.0,0.0,0.0,0.0,0.7,2019,centre8,Zone72,Neighbourhood189,Dwelling2
VR_2173,Que,0.0,0.0,0.0,0.0,0.0,2019,centre8,Zone72,Neighbourhood190,Dwelling1
VR_2174,Que,0.0,2.2,2.0,0.2,1.8,2019,centre8,Zone72,Neighbourhood190,Dwelling2
VR_2175,Que,0.0,0.0,0.0,0.0,0.0,2019,centre8,Zone73,Neighbourhood191,Dwelling1
VR_2176,Que,0.8,0.3,0.0,0.0,0.5,2019,centre8,Zone73,Neighbourhood191,Dwelling2
VR_2177,Que,0.0,0.0,0.0,0.0,0.0,2019,centre8,Zone73,Neighbourhood192,Dwelling1
VR_2178,Que,0.8,1.7,1.6,3.2,1.8,2019,centre8,Zone73,Neighbourhood192,Dwelling2
VR_2179,Que,0.0,0.0,0.0,0.0,0.0,2019,centre8,Zone73,Neighbourhood193,Dwelling1
VR_2180,Que,0.0,2.6,3.3,1.0,2.7,2019,centre8,Zone73,Neighbourhood193,Dwelling2
VR_2181,Que,0.0,0.0,0.0,0.0,0.0,2019,centre8,Zone74,Neighbourhood194,Dwelling1
VR_2182,Que,0.7,3.2,4.1,0.0,3.7,2019,centre8,Zone74,Neighbourhood194,Dwelling2
VR_2183,Que,0.0,0.0,0.0,0.0,0.0,2019,centre8,Zone74,Neighbourhood195,Dwelling1
VR_2184,Que,3.7,0.0,0.0,0.0,0.0,2019,centre8,Zone74,Neighbourhood195,Dwelling2
VR_2185,Que,0.0,0.0,0.0,0.0,0.0,2019,centre8,Zone74,Neighbourhood196,Dwelling1
VR_2186,Que,0.0,0.9,0.0,0.0,1.3,2019,centre8,Zone74,Neighbourhood196,Dwelling2
VR_2187,Que,0.0,0.0,0.0,0.0,0.0,2019,centre8,Zone74,Neighbourhood197,Dwelling1
VR_2188,Que,0.0,6.6,4.6,3.9,4.8,2019,centre8,Zone74,Neighbourhood197,Dwelling2
VR_2189,Que,0.0,0.0,0.0,0.0,0.0,2019,centre8,Zone75,Neighbourhood198,Dwelling1
VR_2190,Que,0.0,0.0,0.0,0.0,0.0,2019,centre8,Zone75,Neighbourhood198,Dwelling2
VR_2191,Que,0.0,0.0,0.0,0.0,0.0,2019,centre8,Zone75,Neighbourhood199,Dwelling1
VR_2192,Que,4.0,0.0,3.5,0.0,3.5,2019,centre8,Zone75,Neighbourhood199,Dwelling2
VR_2193,Que,0.0,0.0,0.0,0.0,0.0,2019,centre8,Zone75,Neighbourhood200,Dwelling1
VR_2194,Que,0.0,0.0,2.3,0.0,3.2,2019,centre8,Zone75,Neighbourhood200,Dwelling2
VR_2195,Que,0.0,0.0,0.0,0.0,0.0,2019,centre8,Zone75,Neighbourhood201,Dwelling1
VR_2196,Que,0.0,0.0,0.0,0.0,0.0,2019,centre8,Zone75,Neighbourhood201,Dwelling2
VR_2197,Que,0.0,0.0,0.0,0.0,0.0,2019,centre8,Zone76,Neighbourhood202,Dwelling1
VR_2198,Que,1.6,0.9,1.7,0.7,1.4,2019,centre8,Zone76,Neighbourhood202,Dwelling2
VR_2199,Que,0.0,0.0,0.0,0.0,0.0,2019,centre8,Zone76,Neighbourhood203,Dwelling1
VR_2200,Que,0.0,1.3,2.0,0.0,1.6,2019,centre8,Zone76,Neighbourhood203,Dwelling2
VR_2201,Que,0.0,0.0,0.0,0.0,0.0,2019,centre8,Zone76,Neighbourhood204,Dwelling1
VR_2202,Que,0.0,0.0,0.0,0.0,0.3,2019,centre8,Zone76,Neighbourhood204,Dwelling2
VR_2203,Que,0.0,0.0,0.0,0.0,0.0,2019,centre8,Zone77,Neighbourhood205,Dwelling1
VR_2204,Que,0.0,0.0,1.9,0.0,1.6,2019,centre8,Zone77,Neighbourhood205,Dwelling2
VR_2205,Que,0.0,0.0,0.0,0.0,0.0,2019,centre8,Zone77,Neighbourhood206,Dwelling1
VR_2206,Que,0.0,3.9,2.5,0.0,2.7,2019,centre8,Zone77,Neighbourhood206,Dwelling2
VR_2207,Que,0.0,0.0,0.0,0.0,0.0,2019,centre8,Zone77,Neighbourhood207,Dwelling1
VR_2208,Que,0.0,0.0,0.0,0.0,0.0,2019,centre8,Zone77,Neighbourhood207,Dwelling2
VR_2209,Que,0.0,0.0,0.0,0.0,0.0,2019,centre8,Zone78,Neighbourhood208,Dwelling1
VR_2210,Que,0.0,0.7,0.0,0.0,0.0,2019,centre8,Zone78,Neighbourhood208,Dwelling2
VR_2211,Que,0.0,0.0,0.0,0.0,0.0,2019,centre8,Zone78,Neighbourhood209,Dwelling1
VR_2212,Que,0.0,0.0,0.0,0.0,0.7,2019,centre8,Zone78,Neighbourhood209,Dwelling2
VR_2213,Que,0.0,0.0,0.0,0.0,0.0,2019,centre8,Zone78,Neighbourhood210,Dwelling1
VR_2214,Que,0.0,0.0,0.8,0.5,0.6,2019,centre8,Zone78,Neighbourhood210,Dwelling2
VR_2215,Que,0.0,0.0,0.0,0.0,0.0,2019,centre8,Zone79,Neighbourhood211,Dwelling1
VR_2216,Que,0.0,3.1,1.1,0.0,1.3,2019,centre8,Zone79,Neighbourhood211,Dwelling2
VR_2217,Que,0.0,0.0,0.0,0.0,0.0,2019,centre8,Zone79,Neighbourhood212,Dwelling1
VR_2218,Que,0.0,30.4,7.2,0.9,12.6,2019,centre8,Zone79,Neighbourhood212,Dwelling2
VR_2219,Que,0.0,0.0,0.0,0.0,0.0,2019,centre8,Zone80,Neighbourhood213,Dwelling1
VR_2220,Que,0.0,0.0,0.0,0.0,0.0,2019,centre8,Zone80,Neighbourhood213,Dwelling2
VR_2221,Que,0.0,0.0,0.0,0.0,0.0,2019,centre8,Zone80,Neighbourhood214,Dwelling1
VR_2222,Que,0.0,0.0,0.0,0.0,0.0,2019,centre8,Zone80,Neighbourhood214,Dwelling2
VR_2223,Que,0.0,0.0,0.0,0.0,0.0,2019,centre8,Zone80,Neighbourhood215,Dwelling1
VR_2224,Que,0.0,0.0,0.0,0.0,0.0,2019,centre8,Zone80,Neighbourhood215,Dwelling2
VR_2225,Que,0.0,0.0,0.0,0.0,0.0,2019,centre8,Zone81,Neighbourhood216,Dwelling1
VR_2226,Que,0.0,0.0,2.3,0.0,3.7,2019,centre8,Zone81,Neighbourhood216,Dwelling2
VR_2227,Que,0.0,0.0,0.0,0.0,0.0,2019,centre8,Zone81,Neighbourhood217,Dwelling1
VR_2228,Que,0.0,0.0,0.0,0.0,0.0,2019,centre8,Zone81,Neighbourhood217,Dwelling2
VR_2229,Que,0.0,0.0,0.0,0.0,0.0,2019,centre8,Zone81,Neighbourhood218,Dwelling1
VR_2230,Que,0.0,0.0,0.0,0.0,0.0,2019,centre8,Zone81,Neighbourhood218,Dwelling2
VR_2231,Que,0.0,0.0,0.0,0.0,0.0,2019,centre8,Zone82,Neighbourhood219,Dwelling1
VR_2232,Que,0.0,0.0,0.0,0.0,0.0,2019,centre8,Zone82,Neighbourhood219,Dwelling2
VR_2233,Que,0.0,0.0,0.0,0.0,0.0,2019,centre8,Zone82,Neighbourhood220,Dwelling1
VR_2234,Que,0.0,3.4,1.2,0.0,1.8,2019,centre8,Zone82,Neighbourhood220,Dwelling2
VR_2235,Que,0.0,0.0,0.0,0.0,0.0,2019,centre8,Zone82,Neighbourhood221,Dwelling1
VR_2236,Que,0.0,0.0,0.5,0.0,0.7,2019,centre8,Zone82,Neighbourhood221,Dwelling2
VR_2237,Que,0.0,0.0,0.0,0.0,0.0,2019,centre8,Zone82,Neighbourhood222,Dwelling1
VR_2238,Que,0.0,0.0,0.0,0.0,0.0,2019,centre8,Zone82,Neighbourhood222,Dwelling2
VR_2239,Que,0.0,0.0,0.0,0.0,0.0,2019,centre8,Zone83,Neighbourhood223,Dwelling1
VR_2240,Que,0.0,5.3,1.7,0.0,2.5,2019,centre8,Zone83,Neighbourhood223,Dwelling2
VR_2241,Que,0.0,0.0,0.0,0.0,0.0,2019,centre8,Zone83,Neighbourhood224,Dwelling1
VR_2242,Que,0.0,4.0,2.2,0.0,2.7,2019,centre8,Zone83,Neighbourhood224,Dwelling2
VR_2243,Que,0.0,0.0,0.0,0.0,0.0,2019,centre8,Zone83,Neighbourhood225,Dwelling1
VR_2244,Que,0.0,0.0,0.0,0.0,0.0,2019,centre8,Zone83,Neighbourhood225,Dwelling2
VR_2245,Que,0.0,0.0,0.0,0.0,0.0,2019,centre8,Zone83,Neighbourhood226,Dwelling1
VR_2246,Que,0.0,0.0,0.0,0.0,4.7,2019,centre8,Zone83,Neighbourhood226,Dwelling2
VR_2247,Que,0.0,0.0,0.0,0.0,0.0,2019,centre8,Zone83,Neighbourhood227,Dwelling1
VR_2248,Que,0.0,0.0,0.0,0.0,0.0,2019,centre8,Zone83,Neighbourhood227,Dwelling2
VR_2249,Que,0.0,0.0,0.0,0.0,0.0,2019,centre9,Zone84,Neighbourhood228,Dwelling1
VR_2250,Que,4.1,3.7,1.5,0.0,2.6,2019,centre9,Zone84,Neighbourhood228,Dwelling2
VR_2251,Que,0.0,0.0,0.0,0.0,0.0,2019,centre9,Zone85,Neighbourhood229,Dwelling1
VR_2252,Que,2.4,2.1,2.3,1.4,2.1,2019,centre9,Zone85,Neighbourhood229,Dwelling2
VR_2253,Que,0.0,0.0,0.0,0.0,0.0,2019,centre9,Zone86,Neighbourhood230,Dwelling1
VR_2254,Que,4.9,4.1,2.9,0.0,3.5,2019,centre9,Zone86,Neighbourhood230,Dwelling2
VR_2255,Que,0.0,0.0,0.0,0.0,0.0,2019,centre9,Zone87,Neighbourhood231,Dwelling1
VR_2256,Que,1.2,1.5,2.0,1.9,1.9,2019,centre9,Zone87,Neighbourhood231,Dwelling2
VR_2257,Que,0.0,0.0,0.0,0.0,0.0,2019,centre9,Zone88,Neighbourhood232,Dwelling1
VR_2258,Que,0.0,0.0,1.6,0.0,1.7,2019,centre9,Zone88,Neighbourhood232,Dwelling2
VR_2259,Que,0.0,0.0,0.0,0.0,0.0,2019,centre9,Zone89,Neighbourhood233,Dwelling1
VR_2260,Que,0.0,0.0,0.0,0.0,0.4,2019,centre9,Zone89,Neighbourhood233,Dwelling2
VR_2261,Que,0.0,0.0,0.0,0.0,0.0,2019,centre9,Zone90,Neighbourhood234,Dwelling1
VR_2262,Que,12.4,4.9,1.6,0.8,2.5,2019,centre9,Zone90,Neighbourhood234,Dwelling2
VR_2263,Que,0.0,0.0,0.0,0.0,0.0,2019,centre9,Zone91,Neighbourhood235,Dwelling1
VR_2264,Que,0.0,1.3,0.8,0.0,1.5,2019,centre9,Zone91,Neighbourhood235,Dwelling2
VR_2265,Que,0.0,0.0,0.0,0.0,0.0,2019,centre9,Zone92,Neighbourhood236,Dwelling1
VR_2266,Que,0.0,0.8,2.2,3.4,2.0,2019,centre9,Zone92,Neighbourhood236,Dwelling2
VR_2267,Que,0.0,0.0,0.0,0.0,0.0,2019,centre9,Zone3,Neighbourhood3,Dwelling1
VR_2268,Que,0.0,0.0,2.2,0.0,1.1,2019,centre9,Zone3,Neighbourhood3,Dwelling2
VR_2269,Que,0.0,0.0,0.0,0.0,0.0,2019,centre10,Zone93,Neighbourhood237,Dwelling1
VR_2270,Que,0.0,0.0,0.0,0.0,6.0,2019,centre10,Zone93,Neighbourhood237,Dwelling2
VR_2271,Que,0.0,0.0,0.0,0.0,0.0,2019,centre10,Zone93,Neighbourhood238,Dwelling1
VR_2272,Que,0.0,0.0,0.0,0.0,0.0,2019,centre10,Zone93,Neighbourhood238,Dwelling2
VR_2273,Que,0.0,0.0,0.0,0.0,0.0,2019,centre10,Zone93,Neighbourhood239,Dwelling1
VR_2274,Que,0.0,0.0,0.0,0.0,0.0,2019,centre10,Zone93,Neighbourhood239,Dwelling2
VR_2275,Que,0.0,0.0,0.0,0.0,0.0,2019,centre10,Zone94,Neighbourhood240,Dwelling1
VR_2276,Que,4.6,3.9,1.4,3.4,2.8,2019,centre10,Zone94,Neighbourhood240,Dwelling2
VR_2277,Que,0.0,0.0,0.0,0.0,0.0,2019,centre10,Zone24,Neighbourhood241,Dwelling1
VR_2278,Que,0.0,1.4,0.9,1.9,1.5,2019,centre10,Zone24,Neighbourhood241,Dwelling2
VR_2279,Que,0.0,0.0,0.0,0.0,0.0,2019,centre10,Zone95,Neighbourhood242,Dwelling1
VR_2280,Que,0.0,1.6,0.0,0.0,0.9,2019,centre10,Zone95,Neighbourhood242,Dwelling2
VR_2281,Que,0.0,0.0,0.0,0.0,0.0,2019,centre10,Zone95,Neighbourhood243,Dwelling1
VR_2282,Que,0.0,0.0,0.0,0.0,0.0,2019,centre10,Zone95,Neighbourhood243,Dwelling2
VR_2283,Que,0.0,0.0,0.0,0.0,0.0,2019,centre10,Zone96,Neighbourhood244,Dwelling1
VR_2284,Que,0.0,0.0,0.7,0.0,0.4,2019,centre10,Zone96,Neighbourhood244,Dwelling2
VR_2285,Que,0.0,0.0,0.0,0.0,0.0,2019,centre10,Zone97,Neighbourhood245,Dwelling1
VR_2286,Que,0.0,0.0,0.0,0.0,0.0,2019,centre10,Zone97,Neighbourhood245,Dwelling2
VR_2287,Que,0.0,0.0,0.0,0.0,0.0,2019,centre10,Zone97,Neighbourhood246,Dwelling1
VR_2288,Que,0.0,0.0,0.0,0.0,0.0,2019,centre10,Zone97,Neighbourhood246,Dwelling2
VR_2289,Que,0.0,0.0,0.0,0.0,0.0,2019,centre10,Zone98,Neighbourhood247,Dwelling1
VR_2290,Que,0.0,0.0,0.0,0.0,0.0,2019,centre10,Zone98,Neighbourhood247,Dwelling2
VR_2291,Que,0.0,0.0,0.0,0.0,0.0,2019,centre10,Zone98,Neighbourhood248,Dwelling1
VR_2292,Que,0.0,0.0,0.0,0.0,0.0,2019,centre10,Zone98,Neighbourhood248,Dwelling2
VR_2293,Que,0.0,0.0,0.0,0.0,0.0,2019,centre10,Zone98,Neighbourhood249,Dwelling1
VR_2294,Que,0.0,0.0,0.0,0.0,0.0,2019,centre10,Zone98,Neighbourhood249,Dwelling2
VR_2295,Que,0.0,0.0,0.0,0.0,0.0,2019,centre10,Zone99,Neighbourhood250,Dwelling1
VR_2296,Que,0.0,0.0,0.0,0.0,0.0,2019,centre10,Zone99,Neighbourhood250,Dwelling2
VR_2297,Que,0.0,0.0,0.0,0.0,0.0,2019,centre10,Zone99,Neighbourhood251,Dwelling1
VR_2298,Que,0.0,1.7,0.5,1.9,1.1,2019,centre10,Zone99,Neighbourhood251,Dwelling2
VR_2299,Ont.,0.0,0.0,0.0,0.0,0.0,2019,centre11,Zone100,Neighbourhood252,Dwelling1
VR_2300,Ont.,0.0,3.9,4.0,0.0,4.2,2019,centre11,Zone100,Neighbourhood252,Dwelling2
VR_2301,Ont.,0.0,0.0,0.0,0.0,0.0,2019,centre11,Zone100,Neighbourhood253,Dwelling1
VR_2302,Ont.,0.0,0.0,3.3,0.0,2.9,2019,centre11,Zone100,Neighbourhood253,Dwelling2
VR_2303,Ont.,0.0,0.0,0.0,0.0,0.0,2019,centre11,Zone100,Neighbourhood254,Dwelling1
VR_2304,Ont.,0.0,1.2,2.7,1.3,1.9,2019,centre11,Zone100,Neighbourhood254,Dwelling2
VR_2305,Ont.,0.0,0.0,0.0,0.0,0.0,2019,centre11,Zone100,Neighbourhood255,Dwelling1
VR_2306,Ont.,0.0,4.3,3.2,0.0,3.5,2019,centre11,Zone100,Neighbourhood255,Dwelling2
VR_2307,Ont.,0.0,0.0,0.0,0.0,2.4,2019,centre11,Zone100,Neighbourhood256,Dwelling1
VR_2308,Ont.,0.0,0.0,0.0,0.0,1.3,2019,centre11,Zone100,Neighbourhood256,Dwelling2
VR_2309,Ont.,0.0,0.0,0.0,0.0,0.0,2019,centre11,Zone100,Neighbourhood257,Dwelling1
VR_2310,Ont.,0.0,0.0,0.0,0.0,0.0,2019,centre11,Zone100,Neighbourhood257,Dwelling2
VR_2311,Ont.,0.0,0.0,0.0,0.0,0.0,2019,centre11,Zone100,Neighbourhood258,Dwelling1
VR_2312,Ont.,0.0,0.0,0.0,0.0,0.0,2019,centre11,Zone100,Neighbourhood258,Dwelling2
VR_2313,Ont.,0.0,0.0,0.0,0.0,0.0,2019,centre12,Zone101,Neighbourhood259,Dwelling1
VR_2314,Ont.,0.0,3.4,2.3,0.9,2.6,2019,centre12,Zone101,Neighbourhood259,Dwelling2
VR_2315,Ont.,0.0,0.0,0.0,0.0,0.0,2019,centre12,Zone101,Neighbourhood252,Dwelling1
VR_2316,Ont.,0.0,0.0,0.0,0.0,0.0,2019,centre12,Zone101,Neighbourhood252,Dwelling2
VR_2317,Ont.,0.0,0.0,0.0,0.0,0.0,2019,centre12,Zone101,Neighbourhood260,Dwelling1
VR_2318,Ont.,0.0,3.7,3.1,0.0,3.1,2019,centre12,Zone101,Neighbourhood260,Dwelling2
VR_2319,Ont.,0.0,0.0,0.0,0.0,0.0,2019,centre12,Zone101,Neighbourhood261,Dwelling1
VR_2320,Ont.,0.0,3.0,0.0,0.0,5.2,2019,centre12,Zone101,Neighbourhood261,Dwelling2
VR_2321,Ont.,0.0,0.0,0.0,0.0,0.0,2019,centre12,Zone101,Neighbourhood262,Dwelling1
VR_2322,Ont.,0.0,0.0,0.0,0.0,0.0,2019,centre12,Zone101,Neighbourhood262,Dwelling2
VR_2323,Ont.,0.0,0.0,0.0,0.0,0.0,2019,centre12,Zone102,Neighbourhood263,Dwelling1
VR_2324,Ont.,0.0,5.8,6.2,0.0,6.0,2019,centre12,Zone102,Neighbourhood263,Dwelling2
VR_2325,Ont.,0.0,0.0,0.0,0.0,0.0,2019,centre12,Zone102,Neighbourhood264,Dwelling1
VR_2326,Ont.,0.0,4.1,3.1,0.0,3.5,2019,centre12,Zone102,Neighbourhood264,Dwelling2
VR_2327,Ont.,0.0,0.0,0.0,0.0,0.0,2019,centre13,Zone103,Neighbourhood265,Dwelling1
VR_2328,Ont.,0.0,0.0,0.0,0.0,2.7,2019,centre13,Zone103,Neighbourhood265,Dwelling2
VR_2329,Ont.,0.0,0.0,0.0,0.0,0.0,2019,centre13,Zone103,Neighbourhood266,Dwelling1
VR_2330,Ont.,0.0,5.9,1.8,0.0,3.2,2019,centre13,Zone103,Neighbourhood266,Dwelling2
VR_2331,Ont.,0.0,0.0,0.0,0.0,0.0,2019,centre13,Zone103,Neighbourhood267,Dwelling1
VR_2332,Ont.,0.0,0.0,0.0,0.0,0.9,2019,centre13,Zone103,Neighbourhood267,Dwelling2
VR_2333,Ont.,0.0,0.0,2.2,2.6,2.5,2019,centre13,Zone103,Neighbourhood268,Dwelling1
VR_2334,Ont.,0.0,2.5,1.1,0.0,1.7,2019,centre13,Zone103,Neighbourhood268,Dwelling2
VR_2335,Ont.,0.0,0.0,0.0,0.0,0.0,2019,centre13,Zone103,Neighbourhood269,Dwelling1
VR_2336,Ont.,0.0,4.1,0.0,2.5,3.3,2019,centre13,Zone103,Neighbourhood269,Dwelling2
VR_2337,Ont.,0.0,0.0,0.0,0.0,0.0,2019,centre13,Zone103,Neighbourhood270,Dwelling1
VR_2338,Ont.,0.0,0.0,0.0,0.0,0.0,2019,centre13,Zone103,Neighbourhood270,Dwelling2
VR_2339,Ont.,0.0,0.0,0.0,0.0,0.0,2019,centre14,Zone20,Neighbourhood46,Dwelling1
VR_2340,Ont.,0.0,1.8,2.1,0.0,1.9,2019,centre14,Zone20,Neighbourhood46,Dwelling2
VR_2341,Ont.,0.0,0.0,0.0,0.0,0.0,2019,centre14,Zone19,Neighbourhood271,Dwelling1
VR_2342,Ont.,0.0,1.6,0.6,0.0,1.1,2019,centre14,Zone19,Neighbourhood271,Dwelling2
VR_2343,Ont.,0.0,0.0,0.9,0.8,0.8,2019,centre14,Zone19,Neighbourhood272,Dwelling1
VR_2344,Ont.,0.0,2.2,1.7,0.0,2.0,2019,centre14,Zone19,Neighbourhood272,Dwelling2
VR_2345,Ont.,0.0,0.0,0.0,0.0,0.0,2019,centre14,Zone22,Neighbourhood49,Dwelling1
VR_2346,Ont.,0.0,3.8,3.5,0.0,3.4,2019,centre14,Zone22,Neighbourhood49,Dwelling2
VR_2347,Ont.,0.0,0.0,0.0,0.0,0.0,2019,centre14,Zone104,Neighbourhood273,Dwelling1
VR_2348,Ont.,0.0,0.0,0.0,0.0,0.0,2019,centre14,Zone104,Neighbourhood273,Dwelling2
VR_2349,Ont.,0.0,0.0,0.0,0.0,0.0,2019,centre15,Zone105,Neighbourhood274,Dwelling1
VR_2350,Ont.,0.0,4.0,5.5,0.0,4.6,2019,centre15,Zone105,Neighbourhood274,Dwelling2
VR_2351,Ont.,0.0,0.0,0.0,0.0,0.0,2019,centre15,Zone105,Neighbourhood275,Dwelling1
VR_2352,Ont.,11.1,3.3,2.4,0.0,3.5,2019,centre15,Zone105,Neighbourhood275,Dwelling2
VR_2353,Ont.,0.0,0.0,0.0,0.0,0.0,2019,centre15,Zone105,Neighbourhood276,Dwelling1
VR_2354,Ont.,0.0,5.0,5.0,0.0,5.7,2019,centre15,Zone105,Neighbourhood276,Dwelling2
VR_2355,Ont.,0.0,0.0,0.0,0.0,0.0,2019,centre15,Zone106,Neighbourhood277,Dwelling1
VR_2356,Ont.,0.0,1.4,4.8,0.0,3.1,2019,centre15,Zone106,Neighbourhood277,Dwelling2
VR_2357,Ont.,0.0,0.0,0.0,0.0,0.0,2019,centre15,Zone106,Neighbourhood278,Dwelling1
VR_2358,Ont.,0.0,0.0,0.0,0.0,5.4,2019,centre15,Zone106,Neighbourhood278,Dwelling2
VR_2359,Ont.,0.0,0.0,0.0,2.0,1.9,2019,centre15,Zone107,Neighbourhood279,Dwelling1
VR_2360,Ont.,0.0,6.9,4.1,3.1,4.9,2019,centre15,Zone107,Neighbourhood279,Dwelling2
VR_2361,Ont.,0.0,0.0,0.0,0.0,4.1,2019,centre15,Zone107,Neighbourhood280,Dwelling1
VR_2362,Ont.,0.0,6.6,3.3,9.3,4.8,2019,centre15,Zone107,Neighbourhood280,Dwelling2
VR_2363,Ont.,0.0,0.0,0.0,0.0,0.0,2019,centre15,Zone108,Neighbourhood281,Dwelling1
VR_2364,Ont.,0.0,0.0,0.0,0.0,0.0,2019,centre15,Zone108,Neighbourhood281,Dwelling2
VR_2365,Ont.,0.0,0.0,0.0,0.0,0.0,2019,centre15,Zone108,Neighbourhood282,Dwelling1
VR_2366,Ont.,0.0,0.0,0.0,0.0,2.3,2019,centre15,Zone108,Neighbourhood282,Dwelling2
VR_2367,Ont.,0.0,0.0,0.0,0.0,0.0,2019,centre15,Zone108,Neighbourhood283,Dwelling1
VR_2368,Ont.,0.0,4.9,4.4,0.0,4.5,2019,centre15,Zone108,Neighbourhood283,Dwelling2
VR_2369,Ont.,0.0,0.0,0.0,0.0,0.0,2019,centre15,Zone109,Neighbourhood284,Dwelling1
VR_2370,Ont.,0.0,2.9,3.3,0.0,3.1,2019,centre15,Zone109,Neighbourhood284,Dwelling2
VR_2371,Ont.,0.0,0.0,0.0,0.0,0.0,2019,centre15,Zone109,Neighbourhood285,Dwelling1
VR_2372,Ont.,0.0,4.8,3.2,9.5,4.2,2019,centre15,Zone109,Neighbourhood285,Dwelling2
VR_2373,Ont.,0.0,0.0,0.0,0.0,0.0,2019,centre15,Zone110,Neighbourhood286,Dwelling1
VR_2374,Ont.,8.4,4.9,4.6,10.3,5.1,2019,centre15,Zone110,Neighbourhood286,Dwelling2
VR_2375,Ont.,0.0,0.0,0.0,0.0,0.0,2019,centre15,Zone110,Neighbourhood287,Dwelling1
VR_2376,Ont.,0.0,4.0,2.8,5.0,3.4,2019,centre15,Zone110,Neighbourhood287,Dwelling2
VR_2377,Ont.,0.0,0.0,0.0,0.4,0.7,2019,centre15,Zone110,Neighbourhood288,Dwelling1
VR_2378,Ont.,0.0,0.0,12.8,0.0,0.0,2019,centre15,Zone110,Neighbourhood288,Dwelling2
VR_2379,Ont.,0.0,0.0,0.0,0.0,0.0,2019,centre15,Zone110,Neighbourhood289,Dwelling1
VR_2380,Ont.,0.0,0.0,0.0,0.0,0.0,2019,centre15,Zone110,Neighbourhood289,Dwelling2
VR_2381,Ont.,0.0,0.0,0.0,0.0,0.0,2019,centre15,Zone111,Neighbourhood290,Dwelling1
VR_2382,Ont.,17.3,6.4,5.0,0.0,6.0,2019,centre15,Zone111,Neighbourhood290,Dwelling2
VR_2383,Ont.,0.0,0.0,0.0,0.0,0.0,2019,centre15,Zone111,Neighbourhood291,Dwelling1
VR_2384,Ont.,0.0,0.0,0.0,0.0,1.8,2019,centre15,Zone111,Neighbourhood291,Dwelling2
VR_2385,Ont.,0.0,0.0,0.0,0.0,0.0,2019,centre15,Zone112,Neighbourhood292,Dwelling1
VR_2386,Ont.,0.0,0.2,0.5,0.8,0.5,2019,centre15,Zone112,Neighbourhood292,Dwelling2
VR_2387,Ont.,0.0,0.0,0.0,0.0,1.7,2019,centre15,Zone112,Neighbourhood293,Dwelling1
VR_2388,Ont.,0.0,1.4,2.1,0.0,1.9,2019,centre15,Zone112,Neighbourhood293,Dwelling2
VR_2389,Ont.,0.0,0.0,0.0,0.0,0.0,2019,centre15,Zone112,Neighbourhood294,Dwelling1
VR_2390,Ont.,0.0,4.3,3.5,2.2,3.6,2019,centre15,Zone112,Neighbourhood294,Dwelling2
VR_2391,Ont.,0.0,0.0,1.5,0.0,0.5,2019,centre15,Zone112,Neighbourhood295,Dwelling1
VR_2392,Ont.,0.0,0.0,4.7,1.9,3.4,2019,centre15,Zone112,Neighbourhood295,Dwelling2
VR_2393,Ont.,0.0,0.0,0.0,0.0,0.0,2019,centre15,Zone112,Neighbourhood296,Dwelling1
VR_2394,Ont.,0.0,0.0,0.0,0.0,0.0,2019,centre15,Zone112,Neighbourhood296,Dwelling2
VR_2395,Ont.,0.0,0.0,0.0,0.0,0.0,2019,centre15,Zone113,Neighbourhood297,Dwelling1
VR_2396,Ont.,15.5,3.4,3.2,0.0,3.3,2019,centre15,Zone113,Neighbourhood297,Dwelling2
VR_2397,Ont.,0.0,0.0,0.0,0.0,0.0,2019,centre15,Zone113,Neighbourhood298,Dwelling1
VR_2398,Ont.,0.0,0.0,0.0,0.0,0.0,2019,centre15,Zone113,Neighbourhood298,Dwelling2
VR_2399,Ont.,0.0,0.0,0.0,0.0,0.0,2019,centre15,Zone113,Neighbourhood299,Dwelling1
VR_2400,Ont.,0.0,0.0,0.0,0.0,0.0,2019,centre15,Zone113,Neighbourhood299,Dwelling2
VR_2401,Ont.,0.0,0.0,0.0,0.0,0.0,2019,centre15,Zone113,Neighbourhood300,Dwelling1
VR_2402,Ont.,0.0,0.0,0.0,0.0,0.0,2019,centre15,Zone113,Neighbourhood300,Dwelling2
VR_2403,Ont.,0.0,0.0,0.0,0.0,0.0,2019,centre16,Zone114,Neighbourhood301,Dwelling1
VR_2404,Ont.,0.0,0.0,0.0,0.0,0.0,2019,centre16,Zone114,Neighbourhood301,Dwelling2
VR_2405,Ont.,0.0,0.0,0.0,0.0,0.0,2019,centre16,Zone114,Neighbourhood302,Dwelling1
VR_2406,Ont.,0.0,0.0,2.3,0.0,1.8,2019,centre16,Zone114,Neighbourhood302,Dwelling2
VR_2407,Ont.,0.0,0.0,0.0,0.0,0.0,2019,centre16,Zone114,Neighbourhood303,Dwelling1
VR_2408,Ont.,0.0,0.0,0.0,0.0,0.5,2019,centre16,Zone114,Neighbourhood303,Dwelling2
VR_2409,Ont.,0.0,0.0,0.0,0.0,10.5,2019,centre16,Zone114,Neighbourhood304,Dwelling1
VR_2410,Ont.,0.0,0.0,0.0,0.0,4.1,2019,centre16,Zone114,Neighbourhood304,Dwelling2
VR_2411,Ont.,0.0,0.0,0.0,0.0,0.0,2019,centre16,Zone115,Neighbourhood305,Dwelling1
VR_2412,Ont.,0.0,0.0,0.0,0.0,0.0,2019,centre16,Zone115,Neighbourhood305,Dwelling2
VR_2413,Ont.,0.0,0.0,0.0,0.0,0.0,2019,centre16,Zone115,Neighbourhood306,Dwelling1
VR_2414,Ont.,0.0,0.0,0.0,0.0,2.5,2019,centre16,Zone115,Neighbourhood306,Dwelling2
VR_2415,Ont.,0.0,0.0,0.0,0.0,0.0,2019,centre16,Zone115,Neighbourhood307,Dwelling1
VR_2416,Ont.,2.0,2.2,1.2,0.0,1.5,2019,centre16,Zone115,Neighbourhood307,Dwelling2
VR_2417,Ont.,0.0,0.0,0.0,0.0,0.0,2019,centre16,Zone116,Neighbourhood308,Dwelling1
VR_2418,Ont.,0.0,1.3,0.0,0.0,0.4,2019,centre16,Zone116,Neighbourhood308,Dwelling2
VR_2419,Ont.,0.0,0.0,0.0,0.0,0.0,2019,centre16,Zone116,Neighbourhood309,Dwelling1
VR_2420,Ont.,0.0,2.8,3.9,0.0,3.9,2019,centre16,Zone116,Neighbourhood309,Dwelling2
VR_2421,Ont.,0.0,0.0,0.0,0.0,0.0,2019,centre16,Zone116,Neighbourhood310,Dwelling1
VR_2422,Ont.,0.0,0.0,0.0,0.0,0.0,2019,centre16,Zone116,Neighbourhood310,Dwelling2
VR_2423,Ont.,0.0,0.0,0.0,0.0,0.0,2019,centre16,Zone116,Neighbourhood311,Dwelling1
VR_2424,Ont.,0.0,0.0,0.0,0.0,0.0,2019,centre16,Zone116,Neighbourhood311,Dwelling2
VR_2425,Ont.,0.0,0.0,0.0,0.0,0.0,2019,centre16,Zone116,Neighbourhood312,Dwelling1
VR_2426,Ont.,0.0,0.0,0.0,0.0,0.0,2019,centre16,Zone116,Neighbourhood312,Dwelling2
VR_2427,Ont.,0.0,0.0,0.0,0.0,0.0,2019,centre16,Zone116,Neighbourhood313,Dwelling1
VR_2428,Ont.,0.0,0.4,0.6,1.2,0.6,2019,centre16,Zone116,Neighbourhood313,Dwelling2
VR_2429,Ont.,0.0,0.0,0.0,0.0,0.0,2019,centre16,Zone3,Neighbourhood314,Dwelling1
VR_2430,Ont.,0.0,0.0,0.0,0.0,0.0,2019,centre16,Zone3,Neighbourhood314,Dwelling2
VR_2431,Ont.,0.0,0.0,0.0,0.0,0.0,2019,centre16,Zone3,Neighbourhood315,Dwelling1
VR_2432,Ont.,0.0,2.0,0.0,0.0,1.4,2019,centre16,Zone3,Neighbourhood315,Dwelling2
VR_2433,Ont.,0.0,0.0,0.0,0.0,0.0,2019,centre16,Zone3,Neighbourhood316,Dwelling1
VR_2434,Ont.,0.0,1.0,1.0,0.0,1.0,2019,centre16,Zone3,Neighbourhood316,Dwelling2
VR_2435,Ont.,0.0,0.0,0.0,0.0,0.0,2019,centre16,Zone3,Neighbourhood317,Dwelling1
VR_2436,Ont.,0.0,0.0,0.0,0.0,0.0,2019,centre16,Zone3,Neighbourhood317,Dwelling2
VR_2437,Ont.,0.0,0.0,0.0,0.0,0.0,2019,centre17,Zone117,Neighbourhood318,Dwelling1
VR_2438,Ont.,0.0,0.2,0.3,0.0,0.2,2019,centre17,Zone117,Neighbourhood318,Dwelling2
VR_2439,Ont.,0.0,0.0,0.0,0.0,0.0,2019,centre17,Zone117,Neighbourhood319,Dwelling1
VR_2440,Ont.,0.0,2.6,1.4,1.7,1.8,2019,centre17,Zone117,Neighbourhood319,Dwelling2
VR_2441,Ont.,0.0,0.0,0.0,0.0,0.0,2019,centre17,Zone117,Neighbourhood320,Dwelling1
VR_2442,Ont.,0.0,4.3,3.4,2.0,3.5,2019,centre17,Zone117,Neighbourhood320,Dwelling2
VR_2443,Ont.,0.0,0.0,0.0,0.0,0.0,2019,centre17,Zone118,Neighbourhood321,Dwelling1
VR_2444,Ont.,0.0,2.9,1.8,0.0,2.5,2019,centre17,Zone118,Neighbourhood321,Dwelling2
VR_2445,Ont.,0.0,0.0,0.0,1.4,1.3,2019,centre17,Zone119,Neighbourhood322,Dwelling1
VR_2446,Ont.,0.0,1.5,2.0,0.0,1.8,2019,centre17,Zone119,Neighbourhood322,Dwelling2
VR_2447,Ont.,0.0,0.0,0.0,0.0,0.0,2019,centre17,Zone119,Neighbourhood323,Dwelling1
VR_2448,Ont.,0.0,0.0,1.7,0.0,0.9,2019,centre17,Zone119,Neighbourhood323,Dwelling2
VR_2449,Ont.,0.0,0.0,0.0,0.0,0.0,2019,centre17,Zone120,Neighbourhood324,Dwelling1
VR_2450,Ont.,0.0,1.3,1.9,0.0,1.8,2019,centre17,Zone120,Neighbourhood324,Dwelling2
VR_2451,Ont.,0.0,0.0,0.0,0.0,0.0,2019,centre17,Zone120,Neighbourhood325,Dwelling1
VR_2452,Ont.,0.0,0.2,0.0,0.0,1.8,2019,centre17,Zone120,Neighbourhood325,Dwelling2
VR_2453,Ont.,0.0,0.0,0.0,0.0,0.0,2019,centre17,Zone120,Neighbourhood326,Dwelling1
VR_2454,Ont.,0.0,0.0,1.7,0.0,1.7,2019,centre17,Zone120,Neighbourhood326,Dwelling2
VR_2455,Ont.,0.0,0.0,0.0,0.0,0.0,2019,centre17,Zone120,Neighbourhood327,Dwelling1
VR_2456,Ont.,0.0,1.8,1.2,0.0,1.4,2019,centre17,Zone120,Neighbourhood327,Dwelling2
VR_2457,Ont.,0.0,0.0,0.0,0.0,0.0,2019,centre17,Zone121,Neighbourhood328,Dwelling1
VR_2458,Ont.,0.0,0.0,3.3,0.0,3.2,2019,centre17,Zone121,Neighbourhood328,Dwelling2
VR_2459,Ont.,0.0,0.0,0.0,0.0,0.0,2019,centre17,Zone121,Neighbourhood329,Dwelling1
VR_2460,Ont.,0.0,3.0,1.6,0.0,2.3,2019,centre17,Zone121,Neighbourhood329,Dwelling2
VR_2461,Ont.,0.0,0.0,0.0,0.0,0.0,2019,centre17,Zone121,Neighbourhood330,Dwelling1
VR_2462,Ont.,0.0,1.3,2.0,0.0,1.9,2019,centre17,Zone121,Neighbourhood330,Dwelling2
VR_2463,Ont.,0.0,0.0,0.0,0.0,0.0,2019,centre17,Zone121,Neighbourhood331,Dwelling1
VR_2464,Ont.,0.0,1.4,2.0,0.0,1.8,2019,centre17,Zone121,Neighbourhood331,Dwelling2
VR_2465,Ont.,0.0,0.0,0.0,0.0,0.0,2019,centre17,Zone121,Neighbourhood332,Dwelling1
VR_2466,Ont.,0.0,0.0,0.0,0.0,0.0,2019,centre17,Zone121,Neighbourhood332,Dwelling2
VR_2467,Ont.,0.0,0.0,0.0,0.0,0.0,2019,centre17,Zone122,Neighbourhood333,Dwelling1
VR_2468,Ont.,0.0,1.5,0.0,0.0,1.4,2019,centre17,Zone122,Neighbourhood333,Dwelling2
VR_2469,Ont.,0.0,0.0,0.0,0.0,0.0,2019,centre18,Zone123,Neighbourhood334,Dwelling1
VR_2470,Ont.,0.0,2.2,1.3,0.0,1.9,2019,centre18,Zone123,Neighbourhood334,Dwelling2
VR_2471,Ont.,0.0,0.0,0.0,0.0,0.0,2019,centre18,Zone124,Neighbourhood335,Dwelling1
VR_2472,Ont.,0.0,5.1,3.6,0.0,4.1,2019,centre18,Zone124,Neighbourhood335,Dwelling2
VR_2473,Ont.,0.0,0.0,0.0,0.0,0.0,2019,centre18,Zone124,Neighbourhood336,Dwelling1
VR_2474,Ont.,0.0,3.3,2.9,0.0,3.1,2019,centre18,Zone124,Neighbourhood336,Dwelling2
VR_2475,Ont.,0.0,0.0,0.0,0.0,0.0,2019,centre18,Zone21,Neighbourhood337,Dwelling1
VR_2476,Ont.,0.0,0.2,0.5,1.2,0.6,2019,centre18,Zone21,Neighbourhood337,Dwelling2
VR_2477,Ont.,0.0,0.0,0.0,0.0,0.0,2019,centre18,Zone21,Neighbourhood338,Dwelling1
VR_2478,Ont.,0.0,2.1,2.6,0.0,2.5,2019,centre18,Zone21,Neighbourhood338,Dwelling2
VR_2479,Ont.,0.0,0.0,0.0,0.0,0.0,2019,centre18,Zone125,Neighbourhood339,Dwelling1
VR_2480,Ont.,3.6,1.2,1.0,0.6,1.2,2019,centre18,Zone125,Neighbourhood339,Dwelling2
VR_2481,Ont.,0.0,0.0,0.0,0.0,0.0,2019,centre18,Zone125,Neighbourhood340,Dwelling1
VR_2482,Ont.,0.0,2.1,1.1,0.0,1.4,2019,centre18,Zone125,Neighbourhood340,Dwelling2
VR_2483,Ont.,0.0,0.0,0.0,0.0,0.0,2019,centre18,Zone125,Neighbourhood341,Dwelling1
VR_2484,Ont.,0.0,1.4,1.6,0.0,1.4,2019,centre18,Zone125,Neighbourhood341,Dwelling2
VR_2485,Ont.,0.0,0.0,0.0,0.0,0.0,2019,centre18,Zone125,Neighbourhood342,Dwelling1
VR_2486,Ont.,0.0,0.0,0.0,0.0,0.0,2019,centre18,Zone125,Neighbourhood342,Dwelling2
VR_2487,Ont.,0.0,0.0,2.7,2.0,2.4,2019,centre18,Zone126,Neighbourhood343,Dwelling1
VR_2488,Ont.,1.1,1.3,1.7,0.0,1.5,2019,centre18,Zone126,Neighbourhood343,Dwelling2
VR_2489,Ont.,0.0,0.0,0.0,0.0,2.1,2019,centre18,Zone126,Neighbourhood344,Dwelling1
VR_2490,Ont.,0.0,0.9,0.0,0.0,2.1,2019,centre18,Zone126,Neighbourhood344,Dwelling2
VR_2491,Ont.,0.0,0.0,2.3,1.1,1.3,2019,centre18,Zone126,Neighbourhood345,Dwelling1
VR_2492,Ont.,0.0,0.5,0.7,2.0,0.8,2019,centre18,Zone126,Neighbourhood345,Dwelling2
VR_2493,Ont.,0.0,0.0,0.0,0.0,0.0,2019,centre18,Zone127,Neighbourhood346,Dwelling1
VR_2494,Ont.,0.0,2.6,1.6,1.4,2.0,2019,centre18,Zone127,Neighbourhood346,Dwelling2
VR_2495,Ont.,0.0,0.0,0.0,0.0,0.0,2019,centre18,Zone19,Neighbourhood347,Dwelling1
VR_2496,Ont.,5.6,1.0,0.8,1.0,0.9,2019,centre18,Zone19,Neighbourhood347,Dwelling2
VR_2497,Ont.,0.0,0.0,0.0,0.0,0.0,2019,centre18,Zone19,Neighbourhood348,Dwelling1
VR_2498,Ont.,0.0,2.2,1.8,0.0,2.4,2019,centre18,Zone19,Neighbourhood348,Dwelling2
VR_2499,Ont.,0.0,0.0,0.0,0.0,0.0,2019,centre18,Zone19,Neighbourhood349,Dwelling1
VR_2500,Ont.,0.0,0.0,0.0,0.0,0.0,2019,centre18,Zone19,Neighbourhood349,Dwelling2
VR_2501,Ont.,0.0,0.0,0.0,0.0,0.0,2019,centre18,Zone22,Neighbourhood350,Dwelling1
VR_2502,Ont.,0.0,1.7,2.6,0.0,2.2,2019,centre18,Zone22,Neighbourhood350,Dwelling2
VR_2503,Ont.,0.0,0.0,0.0,0.0,0.0,2019,centre18,Zone22,Neighbourhood351,Dwelling1
VR_2504,Ont.,0.0,0.0,3.0,0.0,2.5,2019,centre18,Zone22,Neighbourhood351,Dwelling2
VR_2505,Ont.,0.0,0.0,0.0,0.0,0.0,2019,centre18,Zone22,Neighbourhood352,Dwelling1
VR_2506,Ont.,0.0,0.0,0.0,0.0,0.0,2019,centre18,Zone22,Neighbourhood352,Dwelling2
VR_2507,Ont.,0.0,0.0,0.0,0.0,0.0,2019,centre18,Zone128,Neighbourhood353,Dwelling1
VR_2508,Ont.,0.0,0.0,0.5,0.0,0.0,2019,centre18,Zone128,Neighbourhood353,Dwelling2
VR_2509,Ont.,0.0,0.0,0.0,0.0,3.8,2019,centre18,Zone128,Neighbourhood354,Dwelling1
VR_2510,Ont.,0.0,0.0,0.5,0.0,0.4,2019,centre18,Zone128,Neighbourhood354,Dwelling2
VR_2511,Ont.,0.0,0.0,0.0,0.0,0.0,2019,centre18,Zone128,Neighbourhood355,Dwelling1
VR_2512,Ont.,0.0,0.0,1.5,0.0,1.2,2019,centre18,Zone128,Neighbourhood355,Dwelling2
VR_2513,Ont.,0.0,0.0,0.0,0.0,0.0,2019,centre18,Zone128,Neighbourhood356,Dwelling1
VR_2514,Ont.,0.0,3.0,0.0,0.0,0.9,2019,centre18,Zone128,Neighbourhood356,Dwelling2
VR_2515,Ont.,0.0,0.0,1.3,0.0,2.8,2019,centre18,Zone129,Neighbourhood357,Dwelling1
VR_2516,Ont.,0.0,0.0,1.3,0.0,1.8,2019,centre18,Zone129,Neighbourhood357,Dwelling2
VR_2517,Ont.,0.0,0.0,0.0,0.0,0.0,2019,centre18,Zone3,Neighbourhood3,Dwelling1
VR_2518,Ont.,0.0,0.0,0.0,0.0,0.0,2019,centre18,Zone3,Neighbourhood3,Dwelling2
VR_2519,Ont.,0.0,0.0,0.0,0.0,0.0,2019,centre19,Zone130,Neighbourhood358,Dwelling1
VR_2520,Ont.,0.0,0.0,0.0,0.0,0.0,2019,centre19,Zone130,Neighbourhood358,Dwelling2
VR_2521,Ont.,0.0,0.0,0.0,0.0,0.0,2019,centre19,Zone130,Neighbourhood229,Dwelling1
VR_2522,Ont.,0.0,0.0,0.0,0.0,2.4,2019,centre19,Zone130,Neighbourhood229,Dwelling2
VR_2523,Ont.,0.0,0.0,0.0,0.0,0.0,2019,centre19,Zone130,Neighbourhood228,Dwelling1
VR_2524,Ont.,0.0,5.4,4.3,0.0,4.7,2019,centre19,Zone130,Neighbourhood228,Dwelling2
VR_2525,Ont.,0.0,0.0,0.0,0.0,1.5,2019,centre19,Zone131,Neighbourhood231,Dwelling1
VR_2526,Ont.,0.0,1.5,1.7,1.0,1.5,2019,centre19,Zone131,Neighbourhood231,Dwelling2
VR_2527,Ont.,0.0,0.0,0.0,0.0,0.0,2019,centre19,Zone132,Neighbourhood359,Dwelling1
VR_2528,Ont.,0.0,0.0,5.0,0.0,3.6,2019,centre19,Zone132,Neighbourhood359,Dwelling2
VR_2529,Ont.,0.0,0.0,0.0,0.0,0.0,2019,centre19,Zone132,Neighbourhood360,Dwelling1
VR_2530,Ont.,0.0,1.4,1.1,0.0,1.2,2019,centre19,Zone132,Neighbourhood360,Dwelling2
VR_2531,Ont.,0.0,0.0,0.0,0.0,0.0,2019,centre19,Zone132,Neighbourhood361,Dwelling1
VR_2532,Ont.,0.0,0.0,0.0,0.0,0.0,2019,centre19,Zone132,Neighbourhood361,Dwelling2
VR_2533,Ont.,0.0,0.0,0.0,0.0,0.0,2019,centre19,Zone133,Neighbourhood362,Dwelling1
VR_2534,Ont.,0.0,0.0,0.0,0.0,0.0,2019,centre19,Zone133,Neighbourhood362,Dwelling2
VR_2535,Ont.,0.0,0.0,0.0,0.0,0.0,2019,centre19,Zone133,Neighbourhood363,Dwelling1
VR_2536,Ont.,0.0,0.0,0.0,0.0,0.0,2019,centre19,Zone133,Neighbourhood363,Dwelling2
VR_2537,Ont.,0.0,0.0,0.0,0.0,0.0,2019,centre19,Zone133,Neighbourhood364,Dwelling1
VR_2538,Ont.,0.0,0.0,0.0,0.0,1.0,2019,centre19,Zone133,Neighbourhood364,Dwelling2
VR_2539,Ont.,0.0,0.0,0.0,0.0,0.0,2019,centre19,Zone133,Neighbourhood365,Dwelling1
VR_2540,Ont.,0.0,0.0,0.5,0.0,0.3,2019,centre19,Zone133,Neighbourhood365,Dwelling2
VR_2541,Ont.,0.0,0.0,0.0,0.0,0.0,2019,centre19,Zone134,Neighbourhood366,Dwelling1
VR_2542,Ont.,0.0,0.0,0.0,0.0,0.0,2019,centre19,Zone134,Neighbourhood366,Dwelling2
VR_2543,Ont.,0.0,0.0,0.0,0.0,0.0,2019,centre19,Zone134,Neighbourhood367,Dwelling1
VR_2544,Ont.,0.0,0.0,0.0,0.0,0.0,2019,centre19,Zone134,Neighbourhood367,Dwelling2
VR_2545,Ont.,0.0,0.0,0.0,0.0,0.0,2019,centre19,Zone134,Neighbourhood368,Dwelling1
VR_2546,Ont.,0.0,0.0,0.0,0.0,0.4,2019,centre19,Zone134,Neighbourhood368,Dwelling2
VR_2547,Ont.,0.0,0.0,0.0,0.0,0.0,2019,centre19,Zone134,Neighbourhood369,Dwelling1
VR_2548,Ont.,0.0,0.9,0.5,0.0,1.1,2019,centre19,Zone134,Neighbourhood369,Dwelling2
VR_2549,Ont.,0.0,0.0,0.0,0.0,0.0,2019,centre19,Zone134,Neighbourhood370,Dwelling1
VR_2550,Ont.,0.0,0.0,0.0,0.0,0.0,2019,centre19,Zone134,Neighbourhood370,Dwelling2
VR_2551,Ont.,0.0,0.0,0.0,0.0,0.0,2019,centre19,Zone135,Neighbourhood371,Dwelling1
VR_2552,Ont.,0.0,0.0,0.0,0.0,0.0,2019,centre19,Zone135,Neighbourhood371,Dwelling2
VR_2553,Ont.,0.0,0.0,0.0,0.0,0.0,2019,centre19,Zone135,Neighbourhood372,Dwelling1
VR_2554,Ont.,0.0,0.0,0.0,0.0,0.0,2019,centre19,Zone135,Neighbourhood372,Dwelling2
VR_2555,Ont.,0.0,0.0,0.0,0.0,0.0,2019,centre19,Zone135,Neighbourhood373,Dwelling1
VR_2556,Ont.,0.0,1.2,2.8,0.0,2.8,2019,centre19,Zone135,Neighbourhood373,Dwelling2
VR_2557,Ont.,0.0,0.0,0.0,0.0,0.0,2019,centre19,Zone135,Neighbourhood374,Dwelling1
VR_2558,Ont.,0.0,0.0,0.0,0.0,0.0,2019,centre19,Zone135,Neighbourhood374,Dwelling2
VR_2559,Ont.,0.0,0.0,0.0,0.0,0.0,2019,centre19,Zone135,Neighbourhood375,Dwelling1
VR_2560,Ont.,0.0,0.0,0.0,0.0,0.0,2019,centre19,Zone135,Neighbourhood375,Dwelling2
VR_2561,Ont.,0.0,0.0,0.0,0.0,0.0,2019,centre19,Zone3,Neighbourhood376,Dwelling1
VR_2562,Ont.,0.0,0.0,0.0,0.0,0.0,2019,centre19,Zone3,Neighbourhood376,Dwelling2
VR_2563,Ont.,0.0,0.0,0.0,0.0,0.0,2019,centre19,Zone3,Neighbourhood377,Dwelling1
VR_2564,Ont.,0.0,0.0,0.0,0.0,1.4,2019,centre19,Zone3,Neighbourhood377,Dwelling2
VR_2565,Ont.,0.0,0.0,0.0,0.0,0.0,2019,centre19,Zone3,Neighbourhood378,Dwelling1
VR_2566,Ont.,0.0,0.0,0.0,0.0,0.0,2019,centre19,Zone3,Neighbourhood378,Dwelling2
VR_2567,Ont.,0.0,0.0,0.0,0.0,0.0,2019,centre19,Zone3,Neighbourhood379,Dwelling1
VR_2568,Ont.,0.0,0.0,0.0,0.0,0.0,2019,centre19,Zone3,Neighbourhood379,Dwelling2
VR_2569,Ont.,0.0,0.0,0.0,0.0,0.0,2019,centre19,Zone3,Neighbourhood380,Dwelling1
VR_2570,Ont.,0.0,0.0,0.0,0.0,0.0,2019,centre19,Zone3,Neighbourhood380,Dwelling2
VR_2571,Ont.,0.0,0.0,0.0,0.0,0.0,2019,centre19,Zone3,Neighbourhood381,Dwelling1
VR_2572,Ont.,0.0,0.0,0.0,0.0,0.0,2019,centre19,Zone3,Neighbourhood381,Dwelling2
VR_2573,Ont.,0.0,0.0,0.0,0.0,0.0,2019,centre19,Zone3,Neighbourhood382,Dwelling1
VR_2574,Ont.,0.0,0.0,0.0,0.0,0.0,2019,centre19,Zone3,Neighbourhood382,Dwelling2
VR_2575,Ont.,0.0,0.0,0.0,0.0,0.0,2019,centre19,Zone136,Neighbourhood383,Dwelling1
VR_2576,Ont.,0.0,5.8,1.9,0.0,3.0,2019,centre19,Zone136,Neighbourhood383,Dwelling2
VR_2577,Ont.,0.0,0.0,0.0,0.0,0.0,2019,centre19,Zone136,Neighbourhood384,Dwelling1
VR_2578,Ont.,0.0,0.0,0.0,0.0,0.0,2019,centre19,Zone136,Neighbourhood384,Dwelling2
VR_2579,Ont.,0.0,0.0,0.0,0.6,0.6,2019,centre20,Zone137,Neighbourhood385,Dwelling1
VR_2580,Ont.,0.0,1.7,1.8,0.0,1.8,2019,centre20,Zone137,Neighbourhood385,Dwelling2
VR_2581,Ont.,0.0,0.0,0.0,0.0,0.0,2019,centre20,Zone138,Neighbourhood386,Dwelling1
VR_2582,Ont.,0.0,4.3,2.8,4.3,3.5,2019,centre20,Zone138,Neighbourhood386,Dwelling2
VR_2583,Ont.,0.0,0.0,0.0,0.0,0.0,2019,centre20,Zone139,Neighbourhood387,Dwelling1
VR_2584,Ont.,0.0,2.4,1.0,0.4,1.4,2019,centre20,Zone139,Neighbourhood387,Dwelling2
VR_2585,Ont.,0.0,0.0,0.0,1.7,2.2,2019,centre20,Zone140,Neighbourhood388,Dwelling1
VR_2586,Ont.,0.0,0.0,0.7,0.0,0.5,2019,centre20,Zone140,Neighbourhood388,Dwelling2
VR_2587,Ont.,0.0,0.0,0.0,0.0,0.0,2019,centre21,Zone93,Neighbourhood252,Dwelling1
VR_2588,Ont.,2.6,2.3,3.3,0.0,2.6,2019,centre21,Zone93,Neighbourhood252,Dwelling2
VR_2589,Ont.,0.0,0.0,0.0,0.0,0.0,2019,centre21,Zone141,Neighbourhood389,Dwelling1
VR_2590,Ont.,4.4,3.6,5.6,0.0,4.1,2019,centre21,Zone141,Neighbourhood389,Dwelling2
VR_2591,Ont.,0.0,0.0,0.0,0.0,0.0,2019,centre21,Zone141,Neighbourhood390,Dwelling1
VR_2592,Ont.,3.3,1.3,0.8,0.0,1.7,2019,centre21,Zone141,Neighbourhood390,Dwelling2
VR_2593,Ont.,0.0,0.0,0.0,0.0,0.0,2019,centre21,Zone142,Neighbourhood391,Dwelling1
VR_2594,Ont.,0.0,0.2,0.0,0.0,1.3,2019,centre21,Zone142,Neighbourhood391,Dwelling2
VR_2595,Ont.,0.0,0.0,0.0,0.0,0.0,2019,centre21,Zone142,Neighbourhood392,Dwelling1
VR_2596,Ont.,0.0,1.2,0.0,0.0,0.6,2019,centre21,Zone142,Neighbourhood392,Dwelling2
VR_2597,Ont.,0.0,0.0,0.0,4.1,4.9,2019,centre21,Zone143,Neighbourhood393,Dwelling1
VR_2598,Ont.,1.1,1.5,1.8,0.0,1.7,2019,centre21,Zone143,Neighbourhood393,Dwelling2
VR_2599,Ont.,0.0,0.0,0.0,0.0,0.0,2019,centre21,Zone144,Neighbourhood394,Dwelling1
VR_2600,Ont.,0.0,0.0,0.0,0.0,0.0,2019,centre21,Zone144,Neighbourhood394,Dwelling2
VR_2601,Ont.,0.0,0.0,0.0,0.0,0.0,2019,centre21,Zone144,Neighbourhood395,Dwelling1
VR_2602,Ont.,0.3,1.4,1.4,0.0,1.3,2019,centre21,Zone144,Neighbourhood395,Dwelling2
VR_2603,Ont.,0.0,0.0,0.0,0.0,0.0,2019,centre21,Zone144,Neighbourhood396,Dwelling1
VR_2604,Ont.,0.8,0.7,0.8,1.1,0.8,2019,centre21,Zone144,Neighbourhood396,Dwelling2
VR_2605,Ont.,0.0,0.0,0.0,0.0,0.0,2019,centre21,Zone145,Neighbourhood397,Dwelling1
VR_2606,Ont.,0.0,1.1,3.3,0.0,2.1,2019,centre21,Zone145,Neighbourhood397,Dwelling2
VR_2607,Ont.,0.0,0.0,0.0,0.0,0.0,2019,centre21,Zone145,Neighbourhood398,Dwelling1
VR_2608,Ont.,0.0,1.0,0.0,0.0,1.7,2019,centre21,Zone145,Neighbourhood398,Dwelling2
VR_2609,Ont.,0.0,0.0,0.0,0.0,0.0,2019,centre21,Zone145,Neighbourhood399,Dwelling1
VR_2610,Ont.,2.7,2.7,4.5,0.0,3.1,2019,centre21,Zone145,Neighbourhood399,Dwelling2
VR_2611,Ont.,0.0,0.0,0.2,0.0,0.2,2019,centre21,Zone146,Neighbourhood400,Dwelling1
VR_2612,Ont.,0.0,0.5,0.6,0.0,0.4,2019,centre21,Zone146,Neighbourhood400,Dwelling2
VR_2613,Ont.,0.0,0.0,0.0,0.5,0.5,2019,centre21,Zone146,Neighbourhood401,Dwelling1
VR_2614,Ont.,1.3,3.1,2.1,0.0,2.4,2019,centre21,Zone146,Neighbourhood401,Dwelling2
VR_2615,Ont.,0.0,0.0,0.0,0.0,0.0,2019,centre21,Zone147,Neighbourhood402,Dwelling1
VR_2616,Ont.,0.0,0.3,0.1,0.0,0.2,2019,centre21,Zone147,Neighbourhood402,Dwelling2
VR_2617,Ont.,0.0,0.0,0.0,0.0,0.0,2019,centre21,Zone147,Neighbourhood403,Dwelling1
VR_2618,Ont.,0.9,1.6,0.7,0.0,1.2,2019,centre21,Zone147,Neighbourhood403,Dwelling2
VR_2619,Ont.,0.0,0.0,0.0,2.6,2.2,2019,centre21,Zone148,Neighbourhood404,Dwelling1
VR_2620,Ont.,0.0,1.4,1.6,0.0,1.5,2019,centre21,Zone148,Neighbourhood404,Dwelling2
VR_2621,Ont.,0.0,0.0,0.0,0.0,0.0,2019,centre21,Zone149,Neighbourhood194,Dwelling1
VR_2622,Ont.,0.0,0.8,1.7,0.0,1.4,2019,centre21,Zone149,Neighbourhood194,Dwelling2
VR_2623,Ont.,0.0,0.0,0.0,1.6,1.6,2019,centre21,Zone150,Neighbourhood405,Dwelling1
VR_2624,Ont.,0.0,1.6,1.5,2.0,1.6,2019,centre21,Zone150,Neighbourhood405,Dwelling2
VR_2625,Ont.,0.0,0.0,3.7,0.8,1.0,2019,centre21,Zone150,Neighbourhood406,Dwelling1
VR_2626,Ont.,0.0,1.1,3.6,0.0,2.3,2019,centre21,Zone150,Neighbourhood406,Dwelling2
VR_2627,Ont.,0.0,0.0,0.0,0.0,0.0,2019,centre21,Zone151,Neighbourhood407,Dwelling1
VR_2628,Ont.,0.0,0.0,0.0,0.0,0.0,2019,centre21,Zone151,Neighbourhood407,Dwelling2
VR_2629,Ont.,0.0,0.0,0.0,0.0,0.0,2019,centre21,Zone151,Neighbourhood408,Dwelling1
VR_2630,Ont.,0.0,0.0,2.0,0.0,1.7,2019,centre21,Zone151,Neighbourhood408,Dwelling2
VR_2631,Ont.,0.0,0.0,1.4,1.3,1.3,2019,centre21,Zone152,Neighbourhood409,Dwelling1
VR_2632,Ont.,2.3,0.4,2.5,3.6,1.9,2019,centre21,Zone152,Neighbourhood409,Dwelling2
VR_2633,Ont.,0.0,0.0,0.0,1.4,1.9,2019,centre21,Zone152,Neighbourhood410,Dwelling1
VR_2634,Ont.,6.1,5.0,2.2,0.0,3.3,2019,centre21,Zone152,Neighbourhood410,Dwelling2
VR_2635,Ont.,0.0,0.0,0.8,0.0,0.6,2019,centre21,Zone152,Neighbourhood411,Dwelling1
VR_2636,Ont.,0.0,0.0,0.0,0.0,0.0,2019,centre21,Zone152,Neighbourhood411,Dwelling2
VR_2637,Ont.,0.0,0.0,0.0,0.0,0.0,2019,centre21,Zone153,Neighbourhood412,Dwelling1
VR_2638,Ont.,0.0,2.1,1.8,0.0,1.9,2019,centre21,Zone153,Neighbourhood412,Dwelling2
VR_2639,Ont.,0.0,0.0,0.0,0.0,0.0,2019,centre21,Zone153,Neighbourhood413,Dwelling1
VR_2640,Ont.,0.0,0.0,5.8,0.0,5.1,2019,centre21,Zone153,Neighbourhood413,Dwelling2
VR_2641,Ont.,0.0,0.0,0.0,0.0,0.0,2019,centre21,Zone154,Neighbourhood414,Dwelling1
VR_2642,Ont.,0.0,0.0,0.0,0.0,0.0,2019,centre21,Zone154,Neighbourhood414,Dwelling2
VR_2643,Ont.,0.0,0.0,0.0,0.0,0.0,2019,centre22,Zone93,Neighbourhood415,Dwelling1
VR_2644,Ont.,0.0,2.2,0.9,3.4,1.8,2019,centre22,Zone93,Neighbourhood415,Dwelling2
VR_2645,Ont.,0.0,0.0,0.0,0.0,0.0,2019,centre22,Zone93,Neighbourhood416,Dwelling1
VR_2646,Ont.,0.0,2.6,3.0,0.0,2.9,2019,centre22,Zone93,Neighbourhood416,Dwelling2
VR_2647,Ont.,0.0,0.0,0.0,0.0,0.0,2019,centre22,Zone3,Neighbourhood417,Dwelling1
VR_2648,Ont.,0.0,1.8,1.7,2.1,1.9,2019,centre22,Zone3,Neighbourhood417,Dwelling2
VR_2649,Ont.,0.0,0.0,0.0,0.0,0.0,2019,centre22,Zone3,Neighbourhood418,Dwelling1
VR_2650,Ont.,0.0,0.0,3.1,0.0,4.2,2019,centre22,Zone3,Neighbourhood418,Dwelling2
VR_2651,Ont.,0.0,0.0,0.0,0.0,0.0,2019,centre22,Zone3,Neighbourhood419,Dwelling1
VR_2652,Ont.,0.0,0.0,0.6,0.0,0.4,2019,centre22,Zone3,Neighbourhood419,Dwelling2
VR_2653,Ont.,0.0,0.0,0.0,0.0,0.0,2019,centre22,Zone3,Neighbourhood420,Dwelling1
VR_2654,Ont.,0.0,0.0,0.0,0.0,0.0,2019,centre22,Zone3,Neighbourhood420,Dwelling2
VR_2655,Ont.,0.0,0.0,0.0,0.0,0.0,2019,centre22,Zone3,Neighbourhood421,Dwelling1
VR_2656,Ont.,0.0,0.0,0.0,0.0,0.0,2019,centre22,Zone3,Neighbourhood421,Dwelling2
VR_2657,Ont.,0.0,0.0,2.1,0.0,5.5,2019,centre23,Zone155,Neighbourhood422,Dwelling1
VR_2658,Ont.,0.0,1.5,1.1,1.4,1.2,2019,centre23,Zone155,Neighbourhood422,Dwelling2
VR_2659,Ont.,0.0,0.0,0.0,0.0,0.0,2019,centre23,Zone156,Neighbourhood423,Dwelling1
VR_2660,Ont.,1.5,0.0,0.3,0.0,1.0,2019,centre23,Zone156,Neighbourhood423,Dwelling2
VR_2661,Ont.,0.0,0.0,0.7,0.0,0.6,2019,centre23,Zone156,Neighbourhood424,Dwelling1
VR_2662,Ont.,0.0,1.3,1.7,0.0,1.6,2019,centre23,Zone156,Neighbourhood424,Dwelling2
VR_2663,Ont.,0.0,0.0,0.0,0.0,0.0,2019,centre23,Zone157,Neighbourhood425,Dwelling1
VR_2664,Ont.,0.0,0.0,0.0,0.0,0.0,2019,centre23,Zone157,Neighbourhood425,Dwelling2
VR_2665,Ont.,0.0,0.0,0.0,0.0,3.5,2019,centre23,Zone157,Neighbourhood426,Dwelling1
VR_2666,Ont.,0.0,0.0,0.0,0.0,5.3,2019,centre23,Zone157,Neighbourhood426,Dwelling2
VR_2667,Ont.,0.0,0.0,0.0,0.0,0.0,2019,centre23,Zone157,Neighbourhood427,Dwelling1
VR_2668,Ont.,0.0,4.5,0.0,0.0,3.4,2019,centre23,Zone157,Neighbourhood427,Dwelling2
VR_2669,Ont.,0.0,0.0,0.0,0.0,0.0,2019,centre23,Zone3,Neighbourhood428,Dwelling1
VR_2670,Ont.,0.0,0.0,0.0,0.0,0.3,2019,centre23,Zone3,Neighbourhood428,Dwelling2
VR_2671,Ont.,0.0,0.0,0.0,0.0,0.0,2019,centre23,Zone3,Neighbourhood429,Dwelling1
VR_2672,Ont.,0.0,0.0,0.0,0.0,0.0,2019,centre23,Zone3,Neighbourhood429,Dwelling2
VR_2673,Ont.,0.0,0.0,0.0,0.0,0.0,2019,centre23,Zone3,Neighbourhood430,Dwelling1
VR_2674,Ont.,0.0,0.0,0.0,0.0,0.0,2019,centre23,Zone3,Neighbourhood430,Dwelling2
VR_2675,Ont.,0.0,0.0,0.0,0.0,0.0,2019,centre23,Zone3,Neighbourhood431,Dwelling1
VR_2676,Ont.,0.0,1.0,0.0,0.0,1.4,2019,centre23,Zone3,Neighbourhood431,Dwelling2
VR_2677,Ont.,0.0,0.0,0.0,0.0,0.0,2019,centre24,Zone158,Neighbourhood432,Dwelling1
VR_2678,Ont.,0.0,2.7,1.3,0.0,1.7,2019,centre24,Zone158,Neighbourhood432,Dwelling2
VR_2679,Ont.,0.0,0.0,0.0,0.0,0.0,2019,centre24,Zone158,Neighbourhood433,Dwelling1
VR_2680,Ont.,0.0,5.4,1.4,0.0,3.4,2019,centre24,Zone158,Neighbourhood433,Dwelling2
VR_2681,Ont.,0.0,0.0,0.0,0.0,0.0,2019,centre24,Zone158,Neighbourhood434,Dwelling1
VR_2682,Ont.,0.0,5.4,0.0,0.0,4.2,2019,centre24,Zone158,Neighbourhood434,Dwelling2
VR_2683,Ont.,0.0,0.0,0.0,0.0,0.0,2019,centre24,Zone158,Neighbourhood435,Dwelling1
VR_2684,Ont.,0.0,2.7,2.8,0.0,2.7,2019,centre24,Zone158,Neighbourhood435,Dwelling2
VR_2685,Ont.,0.0,0.0,0.0,0.0,0.0,2019,centre24,Zone158,Neighbourhood436,Dwelling1
VR_2686,Ont.,0.0,0.0,0.0,0.0,0.0,2019,centre24,Zone158,Neighbourhood436,Dwelling2
VR_2687,Ont.,0.0,0.0,0.0,0.0,0.0,2019,centre24,Zone159,Neighbourhood255,Dwelling1
VR_2688,Ont.,0.0,0.0,3.4,0.0,5.4,2019,centre24,Zone159,Neighbourhood255,Dwelling2
VR_2689,Ont.,0.0,0.0,0.0,0.0,0.0,2019,centre24,Zone159,Neighbourhood437,Dwelling1
VR_2690,Ont.,4.2,1.1,0.7,0.0,1.2,2019,centre24,Zone159,Neighbourhood437,Dwelling2
VR_2691,Ont.,0.0,0.0,0.0,0.0,0.0,2019,centre24,Zone159,Neighbourhood438,Dwelling1
VR_2692,Ont.,0.0,4.6,3.6,0.0,4.1,2019,centre24,Zone159,Neighbourhood438,Dwelling2
VR_2693,Ont.,0.0,0.0,0.0,0.0,0.0,2019,centre24,Zone159,Neighbourhood439,Dwelling1
VR_2694,Ont.,0.0,0.0,0.0,0.0,0.0,2019,centre24,Zone159,Neighbourhood439,Dwelling2
VR_2695,Ont.,0.0,0.0,0.0,0.0,0.0,2019,centre25,Zone160,Neighbourhood440,Dwelling1
VR_2696,Ont.,0.0,4.4,0.4,0.0,2.6,2019,centre25,Zone160,Neighbourhood440,Dwelling2
VR_2697,Ont.,0.0,0.0,0.0,0.0,0.0,2019,centre25,Zone160,Neighbourhood441,Dwelling1
VR_2698,Ont.,1.0,2.1,2.0,0.0,1.8,2019,centre25,Zone160,Neighbourhood441,Dwelling2
VR_2699,Ont.,0.0,0.0,0.0,0.0,0.0,2019,centre25,Zone160,Neighbourhood442,Dwelling1
VR_2700,Ont.,0.0,0.9,0.0,0.0,0.0,2019,centre25,Zone160,Neighbourhood442,Dwelling2
VR_2701,Ont.,0.0,0.0,0.0,0.0,0.0,2019,centre25,Zone160,Neighbourhood443,Dwelling1
VR_2702,Ont.,0.0,0.0,0.0,0.0,0.0,2019,centre25,Zone160,Neighbourhood443,Dwelling2
VR_2703,Ont.,0.0,0.0,0.0,0.0,0.0,2019,centre25,Zone160,Neighbourhood444,Dwelling1
VR_2704,Ont.,1.5,1.4,0.6,0.0,1.3,2019,centre25,Zone160,Neighbourhood444,Dwelling2
VR_2705,Ont.,0.0,0.0,0.0,0.0,0.0,2019,centre25,Zone160,Neighbourhood445,Dwelling1
VR_2706,Ont.,3.5,4.8,0.0,9.9,5.4,2019,centre25,Zone160,Neighbourhood445,Dwelling2
VR_2707,Ont.,0.0,0.0,0.0,0.0,0.0,2019,centre25,Zone160,Neighbourhood446,Dwelling1
VR_2708,Ont.,2.3,2.7,2.7,0.0,2.7,2019,centre25,Zone160,Neighbourhood446,Dwelling2
VR_2709,Ont.,0.0,0.0,0.0,0.0,0.0,2019,centre25,Zone160,Neighbourhood447,Dwelling1
VR_2710,Ont.,1.9,1.7,0.0,0.0,2.4,2019,centre25,Zone160,Neighbourhood447,Dwelling2
VR_2711,Ont.,0.0,0.0,0.0,0.0,0.0,2019,centre25,Zone160,Neighbourhood448,Dwelling1
VR_2712,Ont.,0.0,0.0,0.0,0.0,0.0,2019,centre25,Zone160,Neighbourhood448,Dwelling2
VR_2713,Ont.,0.0,0.0,0.0,0.0,0.0,2019,centre25,Zone161,Neighbourhood449,Dwelling1
VR_2714,Ont.,0.0,1.4,0.5,0.0,0.8,2019,centre25,Zone161,Neighbourhood449,Dwelling2
VR_2715,Ont.,0.0,0.0,0.0,0.0,0.0,2019,centre25,Zone161,Neighbourhood450,Dwelling1
VR_2716,Ont.,0.7,0.0,0.2,0.0,1.5,2019,centre25,Zone161,Neighbourhood450,Dwelling2
VR_2717,Ont.,0.0,0.0,0.0,0.0,0.0,2019,centre25,Zone161,Neighbourhood451,Dwelling1
VR_2718,Ont.,3.2,5.4,2.6,0.0,3.8,2019,centre25,Zone161,Neighbourhood451,Dwelling2
VR_2719,Ont.,0.0,0.0,0.0,0.0,0.0,2019,centre25,Zone161,Neighbourhood452,Dwelling1
VR_2720,Ont.,4.0,0.5,0.0,0.0,0.0,2019,centre25,Zone161,Neighbourhood452,Dwelling2
VR_2721,Ont.,0.0,0.0,0.0,0.0,0.0,2019,centre25,Zone161,Neighbourhood453,Dwelling1
VR_2722,Ont.,0.0,1.3,0.5,0.0,0.9,2019,centre25,Zone161,Neighbourhood453,Dwelling2
VR_2723,Ont.,0.0,0.0,0.0,0.0,0.0,2019,centre25,Zone162,Neighbourhood454,Dwelling1
VR_2724,Ont.,0.0,0.8,0.0,0.0,1.1,2019,centre25,Zone162,Neighbourhood454,Dwelling2
VR_2725,Ont.,0.0,0.0,0.0,0.0,0.0,2019,centre25,Zone162,Neighbourhood455,Dwelling1
VR_2726,Ont.,1.5,0.0,0.0,0.0,0.0,2019,centre25,Zone162,Neighbourhood455,Dwelling2
VR_2727,Ont.,0.0,0.0,0.0,0.0,0.0,2019,centre25,Zone162,Neighbourhood456,Dwelling1
VR_2728,Ont.,2.1,1.5,1.3,2.9,1.7,2019,centre25,Zone162,Neighbourhood456,Dwelling2
VR_2729,Ont.,0.0,0.0,0.0,0.0,0.0,2019,centre25,Zone162,Neighbourhood457,Dwelling1
VR_2730,Ont.,0.0,3.0,0.0,0.0,0.0,2019,centre25,Zone162,Neighbourhood457,Dwelling2
VR_2731,Ont.,0.0,0.0,0.0,0.0,0.0,2019,centre25,Zone162,Neighbourhood458,Dwelling1
VR_2732,Ont.,1.5,0.0,0.0,0.0,1.5,2019,centre25,Zone162,Neighbourhood458,Dwelling2
VR_2733,Ont.,0.0,0.0,0.0,0.0,0.0,2019,centre25,Zone162,Neighbourhood459,Dwelling1
VR_2734,Ont.,1.5,1.5,1.6,0.0,1.5,2019,centre25,Zone162,Neighbourhood459,Dwelling2
VR_2735,Ont.,0.0,0.0,0.0,0.0,0.0,2019,centre25,Zone162,Neighbourhood460,Dwelling1
VR_2736,Ont.,0.0,0.9,0.0,0.0,1.8,2019,centre25,Zone162,Neighbourhood460,Dwelling2
VR_2737,Ont.,0.0,0.0,0.0,0.0,0.0,2019,centre25,Zone162,Neighbourhood461,Dwelling1
VR_2738,Ont.,0.0,0.6,0.0,0.0,0.5,2019,centre25,Zone162,Neighbourhood461,Dwelling2
VR_2739,Ont.,0.0,0.0,0.0,0.0,0.0,2019,centre25,Zone162,Neighbourhood462,Dwelling1
VR_2740,Ont.,0.0,0.3,0.0,0.0,0.0,2019,centre25,Zone162,Neighbourhood462,Dwelling2
VR_2741,Ont.,0.0,0.0,0.0,0.0,0.0,2019,centre25,Zone162,Neighbourhood463,Dwelling1
VR_2742,Ont.,2.5,1.4,1.4,3.2,1.7,2019,centre25,Zone162,Neighbourhood463,Dwelling2
VR_2743,Ont.,0.0,0.0,0.0,0.0,0.0,2019,centre25,Zone163,Neighbourhood464,Dwelling1
VR_2744,Ont.,2.7,4.2,1.9,0.0,3.2,2019,centre25,Zone163,Neighbourhood464,Dwelling2
VR_2745,Ont.,0.0,0.0,0.0,0.0,0.0,2019,centre25,Zone163,Neighbourhood465,Dwelling1
VR_2746,Ont.,0.0,0.0,0.0,0.0,0.0,2019,centre25,Zone163,Neighbourhood465,Dwelling2
VR_2747,Ont.,0.0,0.0,0.0,0.0,0.0,2019,centre25,Zone163,Neighbourhood466,Dwelling1
VR_2748,Ont.,3.1,0.0,0.0,0.0,1.2,2019,centre25,Zone163,Neighbourhood466,Dwelling2
VR_2749,Ont.,0.0,0.0,0.0,0.0,0.0,2019,centre25,Zone163,Neighbourhood467,Dwelling1
VR_2750,Ont.,0.9,0.4,0.0,0.0,0.0,2019,centre25,Zone163,Neighbourhood467,Dwelling2
VR_2751,Ont.,0.0,0.0,0.0,0.0,0.0,2019,centre25,Zone163,Neighbourhood468,Dwelling1
VR_2752,Ont.,0.0,0.4,0.0,0.0,0.8,2019,centre25,Zone163,Neighbourhood468,Dwelling2
VR_2753,Ont.,0.0,0.0,0.0,0.0,0.0,2019,centre25,Zone163,Neighbourhood469,Dwelling1
VR_2754,Ont.,0.0,2.2,2.3,2.6,2.3,2019,centre25,Zone163,Neighbourhood469,Dwelling2
VR_2755,Ont.,0.0,0.0,0.0,0.0,0.0,2019,centre25,Zone163,Neighbourhood470,Dwelling1
VR_2756,Ont.,0.0,0.0,0.2,0.0,0.7,2019,centre25,Zone163,Neighbourhood470,Dwelling2
VR_2757,Ont.,0.0,0.0,0.0,0.0,0.0,2019,centre25,Zone163,Neighbourhood471,Dwelling1
VR_2758,Ont.,0.0,0.6,0.3,0.0,0.4,2019,centre25,Zone163,Neighbourhood471,Dwelling2
VR_2759,Ont.,0.0,0.0,0.0,0.0,0.0,2019,centre25,Zone164,Neighbourhood472,Dwelling1
VR_2760,Ont.,4.2,1.8,1.0,0.0,2.0,2019,centre25,Zone164,Neighbourhood472,Dwelling2
VR_2761,Ont.,0.0,0.0,0.0,0.0,0.0,2019,centre25,Zone164,Neighbourhood473,Dwelling1
VR_2762,Ont.,0.0,1.2,0.0,0.0,0.0,2019,centre25,Zone164,Neighbourhood473,Dwelling2
VR_2763,Ont.,0.0,0.0,0.0,0.0,0.0,2019,centre25,Zone164,Neighbourhood474,Dwelling1
VR_2764,Ont.,0.0,0.0,0.0,0.0,0.0,2019,centre25,Zone164,Neighbourhood474,Dwelling2
VR_2765,Ont.,0.0,0.0,0.0,0.0,0.0,2019,centre25,Zone164,Neighbourhood475,Dwelling1
VR_2766,Ont.,0.0,0.0,0.0,0.0,0.4,2019,centre25,Zone164,Neighbourhood475,Dwelling2
VR_2767,Ont.,0.0,0.0,0.0,0.0,0.0,2019,centre25,Zone164,Neighbourhood476,Dwelling1
VR_2768,Ont.,0.0,0.0,0.4,0.0,0.4,2019,centre25,Zone164,Neighbourhood476,Dwelling2
VR_2769,Ont.,0.0,0.0,0.0,0.0,0.0,2019,centre25,Zone164,Neighbourhood477,Dwelling1
VR_2770,Ont.,0.0,1.8,1.0,0.0,1.3,2019,centre25,Zone164,Neighbourhood477,Dwelling2
VR_2771,Ont.,0.0,0.0,0.0,0.0,0.0,2019,centre25,Zone165,Neighbourhood478,Dwelling1
VR_2772,Ont.,0.0,0.0,1.8,0.0,1.4,2019,centre25,Zone165,Neighbourhood478,Dwelling2
VR_2773,Ont.,0.0,0.0,0.0,0.0,0.0,2019,centre25,Zone165,Neighbourhood479,Dwelling1
VR_2774,Ont.,0.5,1.0,1.5,0.5,1.1,2019,centre25,Zone165,Neighbourhood479,Dwelling2
VR_2775,Ont.,0.0,0.0,0.0,0.0,0.0,2019,centre25,Zone165,Neighbourhood480,Dwelling1
VR_2776,Ont.,0.0,0.3,1.0,0.0,0.9,2019,centre25,Zone165,Neighbourhood480,Dwelling2
VR_2777,Ont.,0.0,0.0,0.0,0.0,0.0,2019,centre25,Zone165,Neighbourhood481,Dwelling1
VR_2778,Ont.,0.0,0.0,1.2,0.0,0.7,2019,centre25,Zone165,Neighbourhood481,Dwelling2
VR_2779,Ont.,0.0,0.0,0.0,0.0,0.0,2019,centre25,Zone165,Neighbourhood482,Dwelling1
VR_2780,Ont.,0.0,0.0,0.0,0.0,0.0,2019,centre25,Zone165,Neighbourhood482,Dwelling2
VR_2781,Ont.,0.0,0.0,0.0,0.0,0.0,2019,centre25,Zone165,Neighbourhood483,Dwelling1
VR_2782,Ont.,0.0,1.8,0.4,0.0,0.9,2019,centre25,Zone165,Neighbourhood483,Dwelling2
VR_2783,Ont.,0.0,0.0,0.0,0.0,0.0,2019,centre25,Zone165,Neighbourhood484,Dwelling1
VR_2784,Ont.,0.0,0.0,0.2,0.0,0.1,2019,centre25,Zone165,Neighbourhood484,Dwelling2
VR_2785,Ont.,0.0,0.0,4.2,1.6,2.3,2019,centre25,Zone165,Neighbourhood485,Dwelling1
VR_2786,Ont.,0.0,0.3,0.8,0.4,0.6,2019,centre25,Zone165,Neighbourhood485,Dwelling2
VR_2787,Ont.,0.0,0.0,0.0,2.4,1.5,2019,centre25,Zone165,Neighbourhood486,Dwelling1
VR_2788,Ont.,0.0,1.6,1.0,0.6,1.1,2019,centre25,Zone165,Neighbourhood486,Dwelling2
VR_2789,Ont.,0.0,0.0,0.0,0.0,0.0,2019,centre25,Zone166,Neighbourhood487,Dwelling1
VR_2790,Ont.,0.0,0.0,0.0,0.0,0.0,2019,centre25,Zone166,Neighbourhood487,Dwelling2
VR_2791,Ont.,0.0,0.0,0.0,0.0,0.0,2019,centre25,Zone166,Neighbourhood488,Dwelling1
VR_2792,Ont.,0.0,1.1,0.6,0.0,0.6,2019,centre25,Zone166,Neighbourhood488,Dwelling2
VR_2793,Ont.,0.0,0.0,1.3,0.0,0.4,2019,centre25,Zone166,Neighbourhood489,Dwelling1
VR_2794,Ont.,0.0,0.6,0.0,0.0,0.2,2019,centre25,Zone166,Neighbourhood489,Dwelling2
VR_2795,Ont.,0.0,0.0,0.0,0.0,0.0,2019,centre25,Zone166,Neighbourhood490,Dwelling1
VR_2796,Ont.,0.0,2.3,1.0,0.7,1.1,2019,centre25,Zone166,Neighbourhood490,Dwelling2
VR_2797,Ont.,0.0,0.0,0.0,0.0,0.0,2019,centre25,Zone167,Neighbourhood491,Dwelling1
VR_2798,Ont.,1.2,1.8,1.7,0.0,1.9,2019,centre25,Zone167,Neighbourhood491,Dwelling2
VR_2799,Ont.,0.0,0.0,0.0,0.0,0.0,2019,centre25,Zone167,Neighbourhood492,Dwelling1
VR_2800,Ont.,0.0,0.5,0.0,0.0,0.4,2019,centre25,Zone167,Neighbourhood492,Dwelling2
VR_2801,Ont.,0.0,0.0,0.0,0.0,0.0,2019,centre25,Zone167,Neighbourhood493,Dwelling1
VR_2802,Ont.,0.0,1.5,0.0,0.0,1.3,2019,centre25,Zone167,Neighbourhood493,Dwelling2
VR_2803,Ont.,0.0,0.0,0.0,0.0,0.0,2019,centre25,Zone167,Neighbourhood494,Dwelling1
VR_2804,Ont.,0.0,0.0,0.0,0.0,0.0,2019,centre25,Zone167,Neighbourhood494,Dwelling2
VR_2805,Ont.,0.0,0.0,0.0,0.0,0.0,2019,centre25,Zone167,Neighbourhood495,Dwelling1
VR_2806,Ont.,0.0,0.0,0.0,0.0,0.0,2019,centre25,Zone167,Neighbourhood495,Dwelling2
VR_2807,Ont.,0.0,0.0,0.0,0.0,0.0,2019,centre25,Zone167,Neighbourhood496,Dwelling1
VR_2808,Ont.,0.0,0.3,0.0,0.0,0.8,2019,centre25,Zone167,Neighbourhood496,Dwelling2
VR_2809,Ont.,0.0,0.0,0.0,0.0,0.0,2019,centre25,Zone167,Neighbourhood497,Dwelling1
VR_2810,Ont.,0.0,1.3,0.0,0.0,0.0,2019,centre25,Zone167,Neighbourhood497,Dwelling2
VR_2811,Ont.,0.0,0.0,0.0,0.0,0.0,2019,centre25,Zone167,Neighbourhood498,Dwelling1
VR_2812,Ont.,2.8,1.1,1.0,0.0,1.1,2019,centre25,Zone167,Neighbourhood498,Dwelling2
VR_2813,Ont.,0.0,0.0,0.0,0.0,0.0,2019,centre25,Zone167,Neighbourhood499,Dwelling1
VR_2814,Ont.,0.0,1.9,0.4,0.0,1.0,2019,centre25,Zone167,Neighbourhood499,Dwelling2
VR_2815,Ont.,0.0,0.0,0.0,0.0,0.0,2019,centre25,Zone167,Neighbourhood500,Dwelling1
VR_2816,Ont.,0.0,1.2,0.8,0.0,1.0,2019,centre25,Zone167,Neighbourhood500,Dwelling2
VR_2817,Ont.,0.0,0.0,0.0,0.0,0.0,2019,centre25,Zone168,Neighbourhood501,Dwelling1
VR_2818,Ont.,1.3,1.6,0.5,0.0,1.3,2019,centre25,Zone168,Neighbourhood501,Dwelling2
VR_2819,Ont.,0.0,0.0,0.0,0.0,0.0,2019,centre25,Zone168,Neighbourhood502,Dwelling1
VR_2820,Ont.,0.0,1.4,0.0,0.0,1.5,2019,centre25,Zone168,Neighbourhood502,Dwelling2
VR_2821,Ont.,0.0,0.0,0.0,0.0,0.0,2019,centre25,Zone168,Neighbourhood503,Dwelling1
VR_2822,Ont.,0.0,0.0,0.0,0.0,0.0,2019,centre25,Zone168,Neighbourhood503,Dwelling2
VR_2823,Ont.,0.0,0.0,0.0,0.0,0.0,2019,centre25,Zone168,Neighbourhood504,Dwelling1
VR_2824,Ont.,2.7,1.2,1.7,0.0,1.4,2019,centre25,Zone168,Neighbourhood504,Dwelling2
VR_2825,Ont.,0.0,0.0,0.0,0.0,0.0,2019,centre25,Zone168,Neighbourhood505,Dwelling1
VR_2826,Ont.,0.0,3.1,1.8,0.4,2.2,2019,centre25,Zone168,Neighbourhood505,Dwelling2
VR_2827,Ont.,0.0,0.0,0.0,0.0,0.0,2019,centre25,Zone168,Neighbourhood506,Dwelling1
VR_2828,Ont.,0.0,0.0,0.0,0.0,1.2,2019,centre25,Zone168,Neighbourhood506,Dwelling2
VR_2829,Ont.,0.0,0.0,0.0,0.0,0.0,2019,centre25,Zone168,Neighbourhood507,Dwelling1
VR_2830,Ont.,0.0,0.9,0.4,0.6,0.6,2019,centre25,Zone168,Neighbourhood507,Dwelling2
VR_2831,Ont.,0.0,0.0,0.0,0.0,0.0,2019,centre25,Zone168,Neighbourhood508,Dwelling1
VR_2832,Ont.,0.0,0.9,0.0,0.0,1.1,2019,centre25,Zone168,Neighbourhood508,Dwelling2
VR_2833,Ont.,0.0,0.0,0.0,0.0,0.0,2019,centre25,Zone169,Neighbourhood509,Dwelling1
VR_2834,Ont.,0.0,1.2,1.0,0.0,1.0,2019,centre25,Zone169,Neighbourhood509,Dwelling2
VR_2835,Ont.,0.0,0.0,0.0,0.0,0.0,2019,centre25,Zone169,Neighbourhood510,Dwelling1
VR_2836,Ont.,0.0,0.4,0.2,0.0,0.3,2019,centre25,Zone169,Neighbourhood510,Dwelling2
VR_2837,Ont.,0.0,0.0,0.0,0.0,0.0,2019,centre25,Zone169,Neighbourhood511,Dwelling1
VR_2838,Ont.,0.0,2.0,1.2,0.6,1.3,2019,centre25,Zone169,Neighbourhood511,Dwelling2
VR_2839,Ont.,0.0,0.0,0.0,0.0,0.0,2019,centre25,Zone169,Neighbourhood512,Dwelling1
VR_2840,Ont.,0.0,1.2,0.3,0.0,0.6,2019,centre25,Zone169,Neighbourhood512,Dwelling2
VR_2841,Ont.,0.0,0.0,0.0,0.0,0.0,2019,centre25,Zone169,Neighbourhood340,Dwelling1
VR_2842,Ont.,2.2,1.3,2.2,2.6,1.7,2019,centre25,Zone169,Neighbourhood340,Dwelling2
VR_2843,Ont.,0.0,0.0,0.0,0.0,0.0,2019,centre25,Zone169,Neighbourhood513,Dwelling1
VR_2844,Ont.,0.0,0.2,0.5,0.0,0.2,2019,centre25,Zone169,Neighbourhood513,Dwelling2
VR_2845,Ont.,0.0,0.0,0.0,0.0,0.0,2019,centre25,Zone169,Neighbourhood514,Dwelling1
VR_2846,Ont.,0.0,1.0,0.6,0.0,0.7,2019,centre25,Zone169,Neighbourhood514,Dwelling2
VR_2847,Ont.,0.0,0.0,0.0,0.0,0.0,2019,centre25,Zone169,Neighbourhood515,Dwelling1
VR_2848,Ont.,0.0,0.6,0.6,1.0,0.6,2019,centre25,Zone169,Neighbourhood515,Dwelling2
VR_2849,Ont.,0.0,0.0,0.0,0.0,0.0,2019,centre25,Zone169,Neighbourhood516,Dwelling1
VR_2850,Ont.,0.0,0.0,0.0,0.0,0.0,2019,centre25,Zone169,Neighbourhood516,Dwelling2
VR_2851,Ont.,0.0,0.0,0.0,0.0,0.0,2019,centre25,Zone169,Neighbourhood517,Dwelling1
VR_2852,Ont.,0.0,0.0,1.0,0.0,0.8,2019,centre25,Zone169,Neighbourhood517,Dwelling2
VR_2853,Ont.,0.0,0.0,0.0,0.0,0.0,2019,centre25,Zone170,Neighbourhood518,Dwelling1
VR_2854,Ont.,5.4,2.1,0.7,0.0,1.2,2019,centre25,Zone170,Neighbourhood518,Dwelling2
VR_2855,Ont.,0.0,0.0,0.0,0.0,0.0,2019,centre25,Zone170,Neighbourhood519,Dwelling1
VR_2856,Ont.,0.0,1.8,1.3,2.0,1.5,2019,centre25,Zone170,Neighbourhood519,Dwelling2
VR_2857,Ont.,0.0,0.0,0.0,0.0,0.0,2019,centre25,Zone170,Neighbourhood520,Dwelling1
VR_2858,Ont.,0.0,0.8,1.0,0.0,0.8,2019,centre25,Zone170,Neighbourhood520,Dwelling2
VR_2859,Ont.,0.0,0.0,0.0,0.0,0.0,2019,centre25,Zone171,Neighbourhood521,Dwelling1
VR_2860,Ont.,0.0,1.8,0.6,0.3,0.9,2019,centre25,Zone171,Neighbourhood521,Dwelling2
VR_2861,Ont.,0.0,0.0,0.0,0.0,0.0,2019,centre25,Zone171,Neighbourhood522,Dwelling1
VR_2862,Ont.,0.0,0.4,0.0,1.1,0.3,2019,centre25,Zone171,Neighbourhood522,Dwelling2
VR_2863,Ont.,0.0,0.0,0.0,0.0,0.0,2019,centre25,Zone171,Neighbourhood523,Dwelling1
VR_2864,Ont.,0.0,0.9,0.8,1.0,0.9,2019,centre25,Zone171,Neighbourhood523,Dwelling2
VR_2865,Ont.,0.0,0.0,0.0,0.0,0.0,2019,centre25,Zone171,Neighbourhood524,Dwelling1
VR_2866,Ont.,0.0,0.8,1.3,1.3,1.2,2019,centre25,Zone171,Neighbourhood524,Dwelling2
VR_2867,Ont.,0.0,0.0,0.0,0.0,0.0,2019,centre25,Zone171,Neighbourhood525,Dwelling1
VR_2868,Ont.,0.0,1.6,1.1,0.0,1.2,2019,centre25,Zone171,Neighbourhood525,Dwelling2
VR_2869,Ont.,0.0,0.0,0.0,0.0,0.0,2019,centre25,Zone171,Neighbourhood526,Dwelling1
VR_2870,Ont.,0.0,0.0,0.0,0.0,1.6,2019,centre25,Zone171,Neighbourhood526,Dwelling2
VR_2871,Ont.,0.0,0.0,0.0,0.0,0.0,2019,centre25,Zone172,Neighbourhood527,Dwelling1
VR_2872,Ont.,0.0,1.5,0.8,0.0,1.0,2019,centre25,Zone172,Neighbourhood527,Dwelling2
VR_2873,Ont.,0.0,0.0,0.0,0.0,0.0,2019,centre25,Zone172,Neighbourhood528,Dwelling1
VR_2874,Ont.,0.0,1.1,0.6,0.0,0.8,2019,centre25,Zone172,Neighbourhood528,Dwelling2
VR_2875,Ont.,0.0,0.0,0.0,0.0,0.0,2019,centre25,Zone172,Neighbourhood529,Dwelling1
VR_2876,Ont.,0.0,2.6,0.0,1.5,2.3,2019,centre25,Zone172,Neighbourhood529,Dwelling2
VR_2877,Ont.,0.0,0.0,3.2,0.7,1.1,2019,centre25,Zone172,Neighbourhood530,Dwelling1
VR_2878,Ont.,0.0,1.1,0.9,1.7,1.1,2019,centre25,Zone172,Neighbourhood530,Dwelling2
VR_2879,Ont.,0.0,0.0,0.0,0.0,0.0,2019,centre25,Zone172,Neighbourhood531,Dwelling1
VR_2880,Ont.,0.0,3.3,2.3,1.8,2.6,2019,centre25,Zone172,Neighbourhood531,Dwelling2
VR_2881,Ont.,0.0,0.0,0.0,0.0,0.0,2019,centre25,Zone173,Neighbourhood532,Dwelling1
VR_2882,Ont.,0.0,1.0,0.7,0.4,0.7,2019,centre25,Zone173,Neighbourhood532,Dwelling2
VR_2883,Ont.,0.0,0.0,0.0,0.0,0.0,2019,centre25,Zone173,Neighbourhood533,Dwelling1
VR_2884,Ont.,0.0,1.4,0.6,0.2,0.7,2019,centre25,Zone173,Neighbourhood533,Dwelling2
VR_2885,Ont.,0.0,0.0,0.0,0.0,0.0,2019,centre25,Zone173,Neighbourhood534,Dwelling1
VR_2886,Ont.,0.0,0.0,1.7,0.0,1.6,2019,centre25,Zone173,Neighbourhood534,Dwelling2
VR_2887,Ont.,0.0,0.0,0.0,0.0,0.0,2019,centre25,Zone173,Neighbourhood535,Dwelling1
VR_2888,Ont.,0.0,1.6,1.7,0.8,1.8,2019,centre25,Zone173,Neighbourhood535,Dwelling2
VR_2889,Ont.,0.0,0.0,0.0,0.0,0.0,2019,centre25,Zone173,Neighbourhood536,Dwelling1
VR_2890,Ont.,0.0,0.0,0.0,0.0,0.0,2019,centre25,Zone173,Neighbourhood536,Dwelling2
VR_2891,Ont.,0.0,0.0,0.0,0.0,0.0,2019,centre25,Zone174,Neighbourhood537,Dwelling1
VR_2892,Ont.,0.0,1.2,0.7,0.0,0.9,2019,centre25,Zone174,Neighbourhood537,Dwelling2
VR_2893,Ont.,0.0,0.0,0.0,0.0,0.0,2019,centre25,Zone174,Neighbourhood538,Dwelling1
VR_2894,Ont.,0.0,0.2,0.3,0.0,0.8,2019,centre25,Zone174,Neighbourhood538,Dwelling2
VR_2895,Ont.,0.0,0.0,0.0,0.0,0.0,2019,centre25,Zone174,Neighbourhood539,Dwelling1
VR_2896,Ont.,0.0,1.0,0.5,0.0,0.7,2019,centre25,Zone174,Neighbourhood539,Dwelling2
VR_2897,Ont.,0.0,0.0,0.0,0.0,0.0,2019,centre25,Zone174,Neighbourhood540,Dwelling1
VR_2898,Ont.,0.0,1.1,0.9,0.5,1.0,2019,centre25,Zone174,Neighbourhood540,Dwelling2
VR_2899,Ont.,0.0,0.0,0.0,0.0,0.0,2019,centre25,Zone174,Neighbourhood541,Dwelling1
VR_2900,Ont.,0.0,0.0,0.4,0.0,0.2,2019,centre25,Zone174,Neighbourhood541,Dwelling2
VR_2901,Ont.,0.0,0.0,0.0,0.0,0.0,2019,centre25,Zone174,Neighbourhood542,Dwelling1
VR_2902,Ont.,0.0,0.0,1.4,0.0,1.1,2019,centre25,Zone174,Neighbourhood542,Dwelling2
VR_2903,Ont.,0.0,0.0,0.0,0.0,0.0,2019,centre25,Zone175,Neighbourhood543,Dwelling1
VR_2904,Ont.,0.0,1.0,0.6,1.0,0.8,2019,centre25,Zone175,Neighbourhood543,Dwelling2
VR_2905,Ont.,0.0,0.0,0.0,0.0,0.0,2019,centre25,Zone175,Neighbourhood544,Dwelling1
VR_2906,Ont.,0.0,1.4,2.5,0.0,1.8,2019,centre25,Zone175,Neighbourhood544,Dwelling2
VR_2907,Ont.,0.0,0.0,0.0,0.0,0.0,2019,centre25,Zone175,Neighbourhood545,Dwelling1
VR_2908,Ont.,0.0,2.0,0.6,1.4,1.2,2019,centre25,Zone175,Neighbourhood545,Dwelling2
VR_2909,Ont.,0.0,0.0,0.0,0.0,0.0,2019,centre25,Zone175,Neighbourhood546,Dwelling1
VR_2910,Ont.,2.9,2.6,1.0,1.0,1.5,2019,centre25,Zone175,Neighbourhood546,Dwelling2
VR_2911,Ont.,0.0,0.0,0.0,0.0,0.0,2019,centre25,Zone175,Neighbourhood547,Dwelling1
VR_2912,Ont.,0.0,1.3,0.8,0.0,1.0,2019,centre25,Zone175,Neighbourhood547,Dwelling2
VR_2913,Ont.,0.0,0.0,0.0,0.0,0.0,2019,centre25,Zone176,Neighbourhood548,Dwelling1
VR_2914,Ont.,2.0,1.1,0.6,0.1,0.7,2019,centre25,Zone176,Neighbourhood548,Dwelling2
VR_2915,Ont.,0.0,0.0,0.0,0.3,0.3,2019,centre25,Zone176,Neighbourhood549,Dwelling1
VR_2916,Ont.,0.0,0.5,0.0,1.9,1.4,2019,centre25,Zone176,Neighbourhood549,Dwelling2
VR_2917,Ont.,0.0,0.0,0.0,0.0,0.0,2019,centre25,Zone177,Neighbourhood550,Dwelling1
VR_2918,Ont.,0.0,2.5,3.4,0.0,3.3,2019,centre25,Zone177,Neighbourhood550,Dwelling2
VR_2919,Ont.,0.0,0.0,0.0,0.0,0.0,2019,centre25,Zone177,Neighbourhood551,Dwelling1
VR_2920,Ont.,0.0,1.4,1.2,0.3,1.3,2019,centre25,Zone177,Neighbourhood551,Dwelling2
VR_2921,Ont.,0.0,0.0,1.1,0.0,1.1,2019,centre25,Zone177,Neighbourhood552,Dwelling1
VR_2922,Ont.,0.9,1.0,1.8,0.9,1.3,2019,centre25,Zone177,Neighbourhood552,Dwelling2
VR_2923,Ont.,0.0,0.0,0.0,0.6,0.6,2019,centre25,Zone178,Neighbourhood553,Dwelling1
VR_2924,Ont.,0.0,1.4,0.2,0.0,0.8,2019,centre25,Zone178,Neighbourhood553,Dwelling2
VR_2925,Ont.,0.0,0.0,0.0,0.0,0.0,2019,centre25,Zone178,Neighbourhood554,Dwelling1
VR_2926,Ont.,0.0,0.6,0.3,0.5,0.4,2019,centre25,Zone178,Neighbourhood554,Dwelling2
VR_2927,Ont.,0.0,0.0,0.0,1.0,0.9,2019,centre25,Zone179,Neighbourhood555,Dwelling1
VR_2928,Ont.,0.0,0.9,0.9,1.0,0.9,2019,centre25,Zone179,Neighbourhood555,Dwelling2
VR_2929,Ont.,0.0,0.0,0.0,0.0,0.0,2019,centre25,Zone179,Neighbourhood556,Dwelling1
VR_2930,Ont.,0.0,0.0,0.6,0.5,0.7,2019,centre25,Zone179,Neighbourhood556,Dwelling2
VR_2931,Ont.,0.0,0.0,0.0,0.0,0.0,2019,centre25,Zone180,Neighbourhood557,Dwelling1
VR_2932,Ont.,0.0,0.8,1.6,2.0,1.3,2019,centre25,Zone180,Neighbourhood557,Dwelling2
VR_2933,Ont.,0.0,0.0,0.0,0.0,0.0,2019,centre25,Zone181,Neighbourhood558,Dwelling1
VR_2934,Ont.,0.0,1.5,1.0,1.0,1.1,2019,centre25,Zone181,Neighbourhood558,Dwelling2
VR_2935,Ont.,0.0,0.0,0.0,0.0,0.0,2019,centre25,Zone182,Neighbourhood559,Dwelling1
VR_2936,Ont.,0.0,1.1,4.2,0.0,3.0,2019,centre25,Zone182,Neighbourhood559,Dwelling2
VR_2937,Ont.,0.0,0.0,0.0,0.0,0.0,2019,centre25,Zone182,Neighbourhood560,Dwelling1
VR_2938,Ont.,0.0,2.3,2.1,1.2,2.1,2019,centre25,Zone182,Neighbourhood560,Dwelling2
VR_2939,Ont.,0.0,0.0,0.0,0.0,0.0,2019,centre25,Zone183,Neighbourhood561,Dwelling1
VR_2940,Ont.,0.0,0.0,0.0,0.0,0.0,2019,centre25,Zone183,Neighbourhood561,Dwelling2
VR_2941,Ont.,0.0,0.0,0.0,0.0,0.0,2019,centre25,Zone184,Neighbourhood562,Dwelling1
VR_2942,Ont.,0.0,2.0,0.9,2.1,1.4,2019,centre25,Zone184,Neighbourhood562,Dwelling2
VR_2943,Ont.,0.0,0.0,0.0,0.0,0.0,2019,centre25,Zone185,Neighbourhood563,Dwelling1
VR_2944,Ont.,0.0,0.0,0.0,0.0,0.0,2019,centre25,Zone185,Neighbourhood563,Dwelling2
VR_2945,Ont.,0.0,0.0,0.0,0.0,0.0,2019,centre25,Zone185,Neighbourhood564,Dwelling1
VR_2946,Ont.,0.0,0.0,1.3,0.0,0.6,2019,centre25,Zone185,Neighbourhood564,Dwelling2
VR_2947,Ont.,0.0,0.0,0.0,0.0,0.0,2019,centre25,Zone185,Neighbourhood565,Dwelling1
VR_2948,Ont.,0.0,2.1,0.4,0.0,1.8,2019,centre25,Zone185,Neighbourhood565,Dwelling2
VR_2949,Ont.,0.0,0.0,0.0,0.0,0.0,2019,centre25,Zone185,Neighbourhood566,Dwelling1
VR_2950,Ont.,0.0,0.0,0.0,0.0,0.0,2019,centre25,Zone185,Neighbourhood566,Dwelling2
VR_2951,Ont.,0.0,0.0,0.0,0.0,0.0,2019,centre25,Zone186,Neighbourhood567,Dwelling1
VR_2952,Ont.,0.0,1.2,1.3,0.0,1.2,2019,centre25,Zone186,Neighbourhood567,Dwelling2
VR_2953,Ont.,0.0,0.0,0.0,0.0,0.0,2019,centre25,Zone187,Neighbourhood568,Dwelling1
VR_2954,Ont.,0.0,2.6,2.3,1.4,1.9,2019,centre25,Zone187,Neighbourhood568,Dwelling2
VR_2955,Ont.,0.0,0.0,0.0,0.0,0.0,2019,centre25,Zone187,Neighbourhood569,Dwelling1
VR_2956,Ont.,0.0,0.0,0.0,0.0,4.8,2019,centre25,Zone187,Neighbourhood569,Dwelling2
VR_2957,Ont.,0.0,0.0,0.0,0.0,0.0,2019,centre25,Zone188,Neighbourhood570,Dwelling1
VR_2958,Ont.,0.0,1.4,1.7,1.4,1.5,2019,centre25,Zone188,Neighbourhood570,Dwelling2
VR_2959,Ont.,0.0,0.0,0.0,0.0,0.0,2019,centre25,Zone189,Neighbourhood571,Dwelling1
VR_2960,Ont.,0.0,0.5,1.2,0.0,0.9,2019,centre25,Zone189,Neighbourhood571,Dwelling2
VR_2961,Ont.,0.0,0.0,0.0,0.0,0.0,2019,centre25,Zone190,Neighbourhood572,Dwelling1
VR_2962,Ont.,0.0,1.6,0.9,0.0,1.0,2019,centre25,Zone190,Neighbourhood572,Dwelling2
VR_2963,Ont.,0.0,0.0,0.0,0.0,0.0,2019,centre26,Zone191,Neighbourhood252,Dwelling1
VR_2964,Ont.,0.0,5.0,2.7,0.0,4.1,2019,centre26,Zone191,Neighbourhood252,Dwelling2
VR_2965,Ont.,0.0,0.0,0.0,0.0,0.0,2019,centre26,Zone191,Neighbourhood573,Dwelling1
VR_2966,Ont.,0.0,1.3,0.0,0.0,2.2,2019,centre26,Zone191,Neighbourhood573,Dwelling2
VR_2967,Ont.,0.0,0.0,0.0,0.0,0.0,2019,centre26,Zone191,Neighbourhood574,Dwelling1
VR_2968,Ont.,1.8,3.6,0.0,0.0,3.4,2019,centre26,Zone191,Neighbourhood574,Dwelling2
VR_2969,Ont.,0.0,0.0,0.0,0.0,0.0,2019,centre26,Zone192,Neighbourhood575,Dwelling1
VR_2970,Ont.,0.0,0.0,0.0,0.0,0.0,2019,centre26,Zone192,Neighbourhood575,Dwelling2
VR_2971,Ont.,0.0,0.0,0.0,0.0,0.0,2019,centre26,Zone192,Neighbourhood576,Dwelling1
VR_2972,Ont.,0.0,4.2,0.0,0.0,4.8,2019,centre26,Zone192,Neighbourhood576,Dwelling2
VR_2973,Ont.,0.0,0.0,0.0,0.0,0.0,2019,centre26,Zone193,Neighbourhood577,Dwelling1
VR_2974,Ont.,6.8,2.5,2.1,0.0,3.1,2019,centre26,Zone193,Neighbourhood577,Dwelling2
VR_2975,Ont.,0.0,0.0,0.0,0.0,0.0,2019,centre26,Zone193,Neighbourhood578,Dwelling1
VR_2976,Ont.,0.0,0.9,1.9,0.0,1.5,2019,centre26,Zone193,Neighbourhood578,Dwelling2
VR_2977,Ont.,0.0,0.0,0.0,1.3,0.8,2019,centre26,Zone193,Neighbourhood579,Dwelling1
VR_2978,Ont.,0.0,1.8,0.5,0.0,1.0,2019,centre26,Zone193,Neighbourhood579,Dwelling2
VR_2979,Ont.,0.0,0.0,0.0,0.0,0.0,2019,centre26,Zone193,Neighbourhood580,Dwelling1
VR_2980,Ont.,0.0,0.0,0.0,0.0,0.0,2019,centre26,Zone193,Neighbourhood580,Dwelling2
VR_2981,Ont.,0.0,0.0,0.0,0.0,0.0,2019,centre26,Zone193,Neighbourhood581,Dwelling1
VR_2982,Ont.,0.0,0.0,0.0,0.0,0.0,2019,centre26,Zone193,Neighbourhood581,Dwelling2
VR_2983,Ont.,0.0,0.0,0.0,0.0,0.0,2019,centre26,Zone20,Neighbourhood582,Dwelling1
VR_2984,Ont.,0.0,0.0,0.3,0.0,3.4,2019,centre26,Zone20,Neighbourhood582,Dwelling2
VR_2985,Ont.,0.0,0.0,0.0,0.0,0.0,2019,centre26,Zone20,Neighbourhood583,Dwelling1
VR_2986,Ont.,0.0,2.2,2.7,0.0,2.5,2019,centre26,Zone20,Neighbourhood583,Dwelling2
VR_2987,Ont.,0.0,0.0,0.0,0.0,0.0,2019,centre26,Zone20,Neighbourhood584,Dwelling1
VR_2988,Ont.,0.0,0.0,0.0,0.0,0.0,2019,centre26,Zone20,Neighbourhood584,Dwelling2
VR_2989,Ont.,0.0,0.0,0.0,0.0,0.0,2019,centre26,Zone194,Neighbourhood585,Dwelling1
VR_2990,Ont.,0.0,0.6,0.0,0.0,1.2,2019,centre26,Zone194,Neighbourhood585,Dwelling2
VR_2991,Ont.,0.0,0.0,0.0,0.0,0.0,2019,centre26,Zone3,Neighbourhood3,Dwelling1
VR_2992,Ont.,0.0,0.0,0.7,0.0,0.4,2019,centre26,Zone3,Neighbourhood3,Dwelling2
VR_2993,Man.,0.0,0.0,0.0,0.0,0.0,2019,centre27,Zone195,Neighbourhood586,Dwelling1
VR_2994,Man.,0.0,6.0,5.5,0.0,0.0,2019,centre27,Zone195,Neighbourhood586,Dwelling2
VR_2995,Man.,0.0,0.0,0.0,0.0,0.0,2019,centre27,Zone195,Neighbourhood587,Dwelling1
VR_2996,Man.,2.8,2.1,2.0,11.1,2.3,2019,centre27,Zone195,Neighbourhood587,Dwelling2
VR_2997,Man.,0.0,0.0,0.0,0.0,0.0,2019,centre27,Zone195,Neighbourhood588,Dwelling1
VR_2998,Man.,0.0,2.0,2.3,0.0,2.2,2019,centre27,Zone195,Neighbourhood588,Dwelling2
VR_2999,Man.,0.0,0.0,0.0,0.0,0.0,2019,centre27,Zone196,Neighbourhood252,Dwelling1
VR_3000,Man.,3.5,3.7,6.1,3.1,4.2,2019,centre27,Zone196,Neighbourhood252,Dwelling2
VR_3001,Man.,0.0,0.0,0.0,0.0,0.0,2019,centre27,Zone196,Neighbourhood589,Dwelling1
VR_3002,Man.,0.0,0.0,0.0,0.0,9.4,2019,centre27,Zone196,Neighbourhood589,Dwelling2
VR_3003,Man.,0.0,0.0,0.0,0.0,0.0,2019,centre27,Zone196,Neighbourhood590,Dwelling1
VR_3004,Man.,0.0,0.0,0.0,0.0,0.0,2019,centre27,Zone196,Neighbourhood590,Dwelling2
VR_3005,Man.,0.0,0.0,0.0,0.0,0.0,2019,centre27,Zone197,Neighbourhood591,Dwelling1
VR_3006,Man.,1.3,6.0,6.6,3.1,5.1,2019,centre27,Zone197,Neighbourhood591,Dwelling2
VR_3007,Man.,0.0,0.0,0.0,0.0,0.0,2019,centre27,Zone197,Neighbourhood592,Dwelling1
VR_3008,Man.,1.4,4.2,1.5,0.0,3.0,2019,centre27,Zone197,Neighbourhood592,Dwelling2
VR_3009,Man.,0.0,0.0,0.0,0.0,3.5,2019,centre27,Zone197,Neighbourhood253,Dwelling1
VR_3010,Man.,4.1,3.5,6.5,0.0,4.4,2019,centre27,Zone197,Neighbourhood253,Dwelling2
VR_3011,Man.,0.0,0.0,0.0,0.0,0.0,2019,centre27,Zone198,Neighbourhood593,Dwelling1
VR_3012,Man.,0.0,0.0,0.0,0.0,0.0,2019,centre27,Zone198,Neighbourhood593,Dwelling2
VR_3013,Man.,0.0,0.0,0.0,0.0,0.0,2019,centre27,Zone198,Neighbourhood594,Dwelling1
VR_3014,Man.,0.0,7.7,6.8,0.0,7.5,2019,centre27,Zone198,Neighbourhood594,Dwelling2
VR_3015,Man.,0.0,0.0,0.0,0.0,0.0,2019,centre27,Zone199,Neighbourhood595,Dwelling1
VR_3016,Man.,0.9,2.2,2.3,6.0,2.2,2019,centre27,Zone199,Neighbourhood595,Dwelling2
VR_3017,Man.,0.0,0.0,0.0,0.0,0.0,2019,centre27,Zone199,Neighbourhood596,Dwelling1
VR_3018,Man.,0.0,3.8,1.5,0.0,2.5,2019,centre27,Zone199,Neighbourhood596,Dwelling2
VR_3019,Man.,0.0,0.0,0.0,0.0,0.0,2019,centre27,Zone200,Neighbourhood597,Dwelling1
VR_3020,Man.,0.0,3.9,1.5,0.0,2.7,2019,centre27,Zone200,Neighbourhood597,Dwelling2
VR_3021,Man.,0.0,0.0,0.0,0.0,0.0,2019,centre27,Zone200,Neighbourhood598,Dwelling1
VR_3022,Man.,0.0,2.8,0.8,5.3,1.5,2019,centre27,Zone200,Neighbourhood598,Dwelling2
VR_3023,Man.,0.0,0.0,0.0,4.2,2.6,2019,centre27,Zone201,Neighbourhood599,Dwelling1
VR_3024,Man.,2.8,3.2,1.9,0.0,2.7,2019,centre27,Zone201,Neighbourhood599,Dwelling2
VR_3025,Man.,0.0,0.0,0.0,0.0,0.0,2019,centre27,Zone201,Neighbourhood600,Dwelling1
VR_3026,Man.,0.0,2.2,1.5,0.0,1.8,2019,centre27,Zone201,Neighbourhood600,Dwelling2
VR_3027,Man.,0.0,0.0,0.0,0.0,0.0,2019,centre27,Zone201,Neighbourhood601,Dwelling1
VR_3028,Man.,1.9,1.4,1.5,0.0,1.5,2019,centre27,Zone201,Neighbourhood601,Dwelling2
VR_3029,Man.,0.0,0.0,0.0,0.0,0.0,2019,centre27,Zone202,Neighbourhood602,Dwelling1
VR_3030,Man.,0.0,5.3,5.2,0.0,5.3,2019,centre27,Zone202,Neighbourhood602,Dwelling2
VR_3031,Man.,0.0,0.0,0.0,0.0,0.0,2019,centre27,Zone203,Neighbourhood603,Dwelling1
VR_3032,Man.,0.0,4.0,5.4,0.0,4.3,2019,centre27,Zone203,Neighbourhood603,Dwelling2
VR_3033,Man.,0.0,0.0,0.0,0.0,0.0,2019,centre27,Zone203,Neighbourhood604,Dwelling1
VR_3034,Man.,0.0,3.6,1.1,0.0,3.2,2019,centre27,Zone203,Neighbourhood604,Dwelling2
VR_3035,Man.,0.0,0.0,0.0,0.7,0.7,2019,centre27,Zone203,Neighbourhood605,Dwelling1
VR_3036,Man.,3.8,2.1,1.3,4.8,1.6,2019,centre27,Zone203,Neighbourhood605,Dwelling2
VR_3037,Man.,0.0,0.0,0.0,0.0,0.0,2019,centre27,Zone204,Neighbourhood606,Dwelling1
VR_3038,Man.,1.2,3.7,2.3,0.0,3.0,2019,centre27,Zone204,Neighbourhood606,Dwelling2
VR_3039,Man.,0.0,0.0,0.0,0.0,0.0,2019,centre27,Zone204,Neighbourhood607,Dwelling1
VR_3040,Man.,0.0,3.3,1.7,0.0,2.3,2019,centre27,Zone204,Neighbourhood607,Dwelling2
VR_3041,Man.,0.0,0.0,0.0,0.0,0.0,2019,centre27,Zone205,Neighbourhood608,Dwelling1
VR_3042,Man.,0.0,3.6,2.0,3.2,2.7,2019,centre27,Zone205,Neighbourhood608,Dwelling2
VR_3043,Man.,0.0,0.0,0.0,1.8,2.4,2019,centre27,Zone205,Neighbourhood609,Dwelling1
VR_3044,Man.,0.0,2.7,1.9,4.3,2.3,2019,centre27,Zone205,Neighbourhood609,Dwelling2
VR_3045,Man.,0.0,0.0,0.0,0.0,0.0,2019,centre27,Zone206,Neighbourhood610,Dwelling1
VR_3046,Man.,0.0,0.0,2.5,20.2,5.2,2019,centre27,Zone206,Neighbourhood610,Dwelling2
VR_3047,Man.,0.0,0.0,0.0,0.0,0.0,2019,centre27,Zone206,Neighbourhood611,Dwelling1
VR_3048,Man.,0.0,0.9,0.0,0.0,0.5,2019,centre27,Zone206,Neighbourhood611,Dwelling2
VR_3049,Man.,0.0,0.0,0.0,0.0,0.4,2019,centre27,Zone23,Neighbourhood612,Dwelling1
VR_3050,Man.,0.0,0.0,13.2,0.0,8.0,2019,centre27,Zone23,Neighbourhood612,Dwelling2
VR_3051,Sask.,0.0,0.0,0.0,0.0,0.0,2019,centre28,Zone108,Neighbourhood613,Dwelling1
VR_3052,Sask.,15.1,13.6,6.9,0.0,12.1,2019,centre28,Zone108,Neighbourhood613,Dwelling2
VR_3053,Sask.,0.0,0.0,0.0,0.0,0.0,2019,centre28,Zone108,Neighbourhood614,Dwelling1
VR_3054,Sask.,0.0,12.0,16.1,25.2,14.4,2019,centre28,Zone108,Neighbourhood614,Dwelling2
VR_3055,Sask.,0.0,0.0,0.0,0.0,0.0,2019,centre28,Zone108,Neighbourhood271,Dwelling1
VR_3056,Sask.,0.0,0.0,9.1,0.0,12.2,2019,centre28,Zone108,Neighbourhood271,Dwelling2
VR_3057,Sask.,0.0,0.0,0.0,0.0,0.0,2019,centre28,Zone108,Neighbourhood615,Dwelling1
VR_3058,Sask.,0.0,18.7,9.6,0.0,15.9,2019,centre28,Zone108,Neighbourhood615,Dwelling2
VR_3059,Sask.,0.0,0.0,0.0,9.7,3.2,2019,centre28,Zone108,Neighbourhood616,Dwelling1
VR_3060,Sask.,4.5,8.9,4.1,9.1,6.1,2019,centre28,Zone108,Neighbourhood616,Dwelling2
VR_3061,Sask.,0.0,0.0,0.0,0.0,0.0,2019,centre28,Zone207,Neighbourhood617,Dwelling1
VR_3062,Sask.,0.0,0.0,25.2,0.0,0.0,2019,centre28,Zone207,Neighbourhood617,Dwelling2
VR_3063,Sask.,0.0,0.0,0.0,0.0,0.0,2019,centre28,Zone207,Neighbourhood618,Dwelling1
VR_3064,Sask.,1.7,6.6,8.9,0.0,7.3,2019,centre28,Zone207,Neighbourhood618,Dwelling2
VR_3065,Sask.,0.0,0.0,0.0,0.0,0.0,2019,centre28,Zone207,Neighbourhood619,Dwelling1
VR_3066,Sask.,6.0,3.8,1.0,8.3,2.9,2019,centre28,Zone207,Neighbourhood619,Dwelling2
VR_3067,Sask.,0.0,0.0,0.0,0.0,0.0,2019,centre28,Zone207,Neighbourhood620,Dwelling1
VR_3068,Sask.,0.0,9.3,8.6,0.0,9.1,2019,centre28,Zone207,Neighbourhood620,Dwelling2
VR_3069,Sask.,0.0,0.0,0.0,0.0,0.0,2019,centre28,Zone208,Neighbourhood621,Dwelling1
VR_3070,Sask.,0.0,5.8,4.1,0.0,5.3,2019,centre28,Zone208,Neighbourhood621,Dwelling2
VR_3071,Sask.,0.0,0.0,0.0,0.0,0.0,2019,centre28,Zone208,Neighbourhood622,Dwelling1
VR_3072,Sask.,0.0,4.9,4.5,0.0,4.8,2019,centre28,Zone208,Neighbourhood622,Dwelling2
VR_3073,Sask.,0.0,0.0,0.0,0.0,0.0,2019,centre28,Zone22,Neighbourhood623,Dwelling1
VR_3074,Sask.,0.0,14.0,0.8,0.0,4.0,2019,centre28,Zone22,Neighbourhood623,Dwelling2
VR_3075,Sask.,0.0,0.0,0.0,0.0,0.0,2019,centre28,Zone22,Neighbourhood624,Dwelling1
VR_3076,Sask.,0.0,5.0,10.7,10.5,9.6,2019,centre28,Zone22,Neighbourhood624,Dwelling2
VR_3077,Sask.,0.0,0.0,0.0,4.2,4.5,2019,centre28,Zone22,Neighbourhood49,Dwelling1
VR_3078,Sask.,0.0,8.5,5.6,5.3,6.4,2019,centre28,Zone22,Neighbourhood49,Dwelling2
VR_3079,Sask.,0.0,0.0,0.0,0.0,0.0,2019,centre28,Zone20,Neighbourhood625,Dwelling1
VR_3080,Sask.,3.6,14.5,14.8,0.0,13.2,2019,centre28,Zone20,Neighbourhood625,Dwelling2
VR_3081,Sask.,0.0,0.0,0.0,0.0,0.0,2019,centre28,Zone20,Neighbourhood626,Dwelling1
VR_3082,Sask.,0.0,14.1,11.8,0.0,12.8,2019,centre28,Zone20,Neighbourhood626,Dwelling2
VR_3083,Sask.,0.0,0.0,0.0,0.0,0.0,2019,centre28,Zone20,Neighbourhood46,Dwelling1
VR_3084,Sask.,0.0,0.0,4.2,0.0,3.4,2019,centre28,Zone20,Neighbourhood46,Dwelling2
VR_3085,Sask.,0.0,0.0,0.0,0.0,0.0,2019,centre28,Zone124,Neighbourhood627,Dwelling1
VR_3086,Sask.,0.0,16.5,8.9,0.0,11.2,2019,centre28,Zone124,Neighbourhood627,Dwelling2
VR_3087,Sask.,0.0,0.0,0.0,0.0,0.0,2019,centre28,Zone124,Neighbourhood628,Dwelling1
VR_3088,Sask.,15.8,5.1,8.7,0.0,7.7,2019,centre28,Zone124,Neighbourhood628,Dwelling2
VR_3089,Sask.,0.0,0.0,0.0,0.0,0.0,2019,centre28,Zone125,Neighbourhood629,Dwelling1
VR_3090,Sask.,0.0,6.2,2.7,6.1,3.6,2019,centre28,Zone125,Neighbourhood629,Dwelling2
VR_3091,Sask.,0.0,0.0,0.0,0.0,0.0,2019,centre28,Zone23,Neighbourhood612,Dwelling1
VR_3092,Sask.,0.0,0.0,0.0,0.0,0.0,2019,centre28,Zone23,Neighbourhood612,Dwelling2
VR_3093,Sask.,0.0,0.0,0.0,0.0,0.0,2019,centre29,Zone108,Neighbourhood271,Dwelling1
VR_3094,Sask.,9.0,4.5,7.8,13.9,6.2,2019,centre29,Zone108,Neighbourhood271,Dwelling2
VR_3095,Sask.,0.0,0.0,0.0,0.0,0.0,2019,centre29,Zone108,Neighbourhood630,Dwelling1
VR_3096,Sask.,0.0,0.0,0.0,0.0,0.0,2019,centre29,Zone108,Neighbourhood630,Dwelling2
VR_3097,Sask.,0.0,0.0,0.0,0.0,0.0,2019,centre29,Zone19,Neighbourhood631,Dwelling1
VR_3098,Sask.,3.4,4.0,5.0,3.3,4.3,2019,centre29,Zone19,Neighbourhood631,Dwelling2
VR_3099,Sask.,0.0,0.0,0.0,0.0,0.0,2019,centre29,Zone19,Neighbourhood632,Dwelling1
VR_3100,Sask.,0.0,4.7,4.4,0.0,4.5,2019,centre29,Zone19,Neighbourhood632,Dwelling2
VR_3101,Sask.,0.0,0.0,0.0,0.0,0.0,2019,centre29,Zone209,Neighbourhood633,Dwelling1
VR_3102,Sask.,0.0,3.9,0.0,9.8,7.7,2019,centre29,Zone209,Neighbourhood633,Dwelling2
VR_3103,Sask.,0.0,0.0,0.0,0.0,0.0,2019,centre29,Zone209,Neighbourhood634,Dwelling1
VR_3104,Sask.,0.0,1.3,1.4,0.0,1.5,2019,centre29,Zone209,Neighbourhood634,Dwelling2
VR_3105,Sask.,0.0,0.0,0.0,0.0,0.0,2019,centre29,Zone124,Neighbourhood635,Dwelling1
VR_3106,Sask.,1.5,0.0,3.2,0.0,0.0,2019,centre29,Zone124,Neighbourhood635,Dwelling2
VR_3107,Sask.,0.0,0.0,0.0,0.0,0.0,2019,centre29,Zone124,Neighbourhood636,Dwelling1
VR_3108,Sask.,0.0,2.6,2.8,1.0,2.6,2019,centre29,Zone124,Neighbourhood636,Dwelling2
VR_3109,Sask.,0.0,0.0,0.0,0.0,0.0,2019,centre29,Zone21,Neighbourhood637,Dwelling1
VR_3110,Sask.,0.0,8.6,7.0,0.0,7.6,2019,centre29,Zone21,Neighbourhood637,Dwelling2
VR_3111,Sask.,0.0,0.0,0.0,0.0,0.0,2019,centre29,Zone21,Neighbourhood629,Dwelling1
VR_3112,Sask.,20.0,3.9,2.4,0.0,3.9,2019,centre29,Zone21,Neighbourhood629,Dwelling2
VR_3113,Sask.,0.0,0.0,0.0,0.0,0.0,2019,centre29,Zone126,Neighbourhood638,Dwelling1
VR_3114,Sask.,0.0,13.0,16.1,10.7,14.4,2019,centre29,Zone126,Neighbourhood638,Dwelling2
VR_3115,Sask.,0.0,0.0,0.0,0.0,0.0,2019,centre29,Zone126,Neighbourhood639,Dwelling1
VR_3116,Sask.,0.0,0.0,0.0,0.0,0.0,2019,centre29,Zone126,Neighbourhood639,Dwelling2
VR_3117,Sask.,0.0,0.0,0.0,0.0,0.0,2019,centre29,Zone20,Neighbourhood640,Dwelling1
VR_3118,Sask.,0.0,1.8,10.4,0.0,6.9,2019,centre29,Zone20,Neighbourhood640,Dwelling2
VR_3119,Sask.,0.0,0.0,0.0,0.0,0.0,2019,centre29,Zone20,Neighbourhood641,Dwelling1
VR_3120,Sask.,0.0,2.7,2.9,5.1,3.0,2019,centre29,Zone20,Neighbourhood641,Dwelling2
VR_3121,Sask.,0.0,0.0,0.0,0.0,0.0,2019,centre29,Zone20,Neighbourhood46,Dwelling1
VR_3122,Sask.,0.0,3.0,0.5,6.4,1.2,2019,centre29,Zone20,Neighbourhood46,Dwelling2
VR_3123,Sask.,0.0,0.0,8.9,0.0,7.6,2019,centre29,Zone23,Neighbourhood612,Dwelling1
VR_3124,Sask.,0.0,0.0,2.0,0.0,4.4,2019,centre29,Zone23,Neighbourhood612,Dwelling2
VR_3125,Alta,0.0,0.0,0.0,0.0,0.0,2019,centre30,Zone93,Neighbourhood642,Dwelling1
VR_3126,Alta,0.9,2.9,3.9,0.0,3.1,2019,centre30,Zone93,Neighbourhood642,Dwelling2
VR_3127,Alta,0.0,0.0,0.0,0.0,0.0,2019,centre30,Zone93,Neighbourhood643,Dwelling1
VR_3128,Alta,0.0,4.1,0.0,0.0,5.0,2019,centre30,Zone93,Neighbourhood643,Dwelling2
VR_3129,Alta,0.0,0.0,0.0,0.0,0.0,2019,centre30,Zone210,Neighbourhood644,Dwelling1
VR_3130,Alta,3.0,2.6,3.4,0.0,3.0,2019,centre30,Zone210,Neighbourhood644,Dwelling2
VR_3131,Alta,0.0,0.0,0.0,0.0,0.0,2019,centre30,Zone210,Neighbourhood645,Dwelling1
VR_3132,Alta,0.0,3.7,6.0,0.0,4.2,2019,centre30,Zone210,Neighbourhood645,Dwelling2
VR_3133,Alta,0.0,0.0,0.0,0.0,0.0,2019,centre30,Zone210,Neighbourhood646,Dwelling1
VR_3134,Alta,0.0,3.8,3.9,0.0,3.5,2019,centre30,Zone210,Neighbourhood646,Dwelling2
VR_3135,Alta,0.0,0.0,0.0,0.0,0.0,2019,centre30,Zone211,Neighbourhood647,Dwelling1
VR_3136,Alta,0.0,1.8,3.4,0.0,2.8,2019,centre30,Zone211,Neighbourhood647,Dwelling2
VR_3137,Alta,0.0,0.0,0.0,0.0,0.0,2019,centre30,Zone211,Neighbourhood648,Dwelling1
VR_3138,Alta,0.0,10.5,5.8,0.0,8.6,2019,centre30,Zone211,Neighbourhood648,Dwelling2
VR_3139,Alta,0.0,0.0,0.0,0.0,0.0,2019,centre30,Zone211,Neighbourhood649,Dwelling1
VR_3140,Alta,0.0,4.8,0.0,0.0,0.0,2019,centre30,Zone211,Neighbourhood649,Dwelling2
VR_3141,Alta,0.0,0.0,0.0,0.0,0.0,2019,centre30,Zone126,Neighbourhood650,Dwelling1
VR_3142,Alta,0.0,2.1,4.6,0.0,2.8,2019,centre30,Zone126,Neighbourhood650,Dwelling2
VR_3143,Alta,0.0,0.0,0.0,0.0,0.0,2019,centre30,Zone126,Neighbourhood651,Dwelling1
VR_3144,Alta,0.0,3.0,1.5,0.0,2.2,2019,centre30,Zone126,Neighbourhood651,Dwelling2
VR_3145,Alta,0.0,0.0,0.0,0.0,5.6,2019,centre30,Zone126,Neighbourhood652,Dwelling1
VR_3146,Alta,0.0,0.0,0.0,0.0,5.8,2019,centre30,Zone126,Neighbourhood652,Dwelling2
VR_3147,Alta,0.0,0.0,0.0,0.0,0.0,2019,centre30,Zone126,Neighbourhood653,Dwelling1
VR_3148,Alta,0.0,5.8,2.6,0.0,4.5,2019,centre30,Zone126,Neighbourhood653,Dwelling2
VR_3149,Alta,0.0,0.0,0.0,0.0,0.0,2019,centre30,Zone126,Neighbourhood654,Dwelling1
VR_3150,Alta,0.0,3.2,1.2,0.0,2.1,2019,centre30,Zone126,Neighbourhood654,Dwelling2
VR_3151,Alta,0.0,0.0,0.0,10.0,5.1,2019,centre30,Zone126,Neighbourhood655,Dwelling1
VR_3152,Alta,0.0,1.3,1.8,0.0,2.0,2019,centre30,Zone126,Neighbourhood655,Dwelling2
VR_3153,Alta,0.0,0.0,0.0,0.0,0.0,2019,centre30,Zone126,Neighbourhood656,Dwelling1
VR_3154,Alta,0.0,0.0,0.0,0.0,0.0,2019,centre30,Zone126,Neighbourhood656,Dwelling2
VR_3155,Alta,0.0,0.0,0.0,0.0,0.0,2019,centre30,Zone126,Neighbourhood657,Dwelling1
VR_3156,Alta,0.0,0.0,0.0,0.0,0.0,2019,centre30,Zone126,Neighbourhood657,Dwelling2
VR_3157,Alta,0.0,0.0,3.0,4.8,3.9,2019,centre30,Zone209,Neighbourhood658,Dwelling1
VR_3158,Alta,0.0,3.8,7.9,0.0,6.5,2019,centre30,Zone209,Neighbourhood658,Dwelling2
VR_3159,Alta,0.0,0.0,0.0,0.0,0.0,2019,centre30,Zone209,Neighbourhood659,Dwelling1
VR_3160,Alta,0.0,4.9,7.3,6.7,5.5,2019,centre30,Zone209,Neighbourhood659,Dwelling2
VR_3161,Alta,0.0,0.0,0.0,0.0,0.0,2019,centre30,Zone209,Neighbourhood660,Dwelling1
VR_3162,Alta,0.0,8.9,4.4,8.0,6.4,2019,centre30,Zone209,Neighbourhood660,Dwelling2
VR_3163,Alta,0.0,0.0,0.0,0.0,0.0,2019,centre30,Zone209,Neighbourhood661,Dwelling1
VR_3164,Alta,0.0,0.0,0.0,0.0,0.0,2019,centre30,Zone209,Neighbourhood661,Dwelling2
VR_3165,Alta,0.0,0.0,6.7,4.9,5.6,2019,centre30,Zone125,Neighbourhood662,Dwelling1
VR_3166,Alta,0.0,0.0,0.0,0.0,3.4,2019,centre30,Zone125,Neighbourhood662,Dwelling2
VR_3167,Alta,0.0,0.0,0.0,0.0,0.0,2019,centre30,Zone125,Neighbourhood663,Dwelling1
VR_3168,Alta,0.0,3.6,0.0,0.0,3.7,2019,centre30,Zone125,Neighbourhood663,Dwelling2
VR_3169,Alta,0.0,0.0,0.0,0.0,0.0,2019,centre30,Zone125,Neighbourhood664,Dwelling1
VR_3170,Alta,0.0,0.0,1.7,0.0,1.4,2019,centre30,Zone125,Neighbourhood664,Dwelling2
VR_3171,Alta,0.0,0.0,1.5,0.6,1.0,2019,centre30,Zone125,Neighbourhood665,Dwelling1
VR_3172,Alta,0.0,0.0,12.3,0.0,10.6,2019,centre30,Zone125,Neighbourhood665,Dwelling2
VR_3173,Alta,0.0,0.0,0.0,0.0,0.0,2019,centre30,Zone125,Neighbourhood666,Dwelling1
VR_3174,Alta,0.0,3.0,0.0,0.0,4.4,2019,centre30,Zone125,Neighbourhood666,Dwelling2
VR_3175,Alta,0.0,0.0,0.0,0.0,0.0,2019,centre30,Zone125,Neighbourhood667,Dwelling1
VR_3176,Alta,0.0,3.2,0.6,0.0,1.8,2019,centre30,Zone125,Neighbourhood667,Dwelling2
VR_3177,Alta,0.0,0.0,0.0,0.0,0.0,2019,centre30,Zone125,Neighbourhood668,Dwelling1
VR_3178,Alta,0.0,0.0,0.0,0.0,0.9,2019,centre30,Zone125,Neighbourhood668,Dwelling2
VR_3179,Alta,0.0,0.0,0.0,0.0,0.0,2019,centre30,Zone125,Neighbourhood669,Dwelling1
VR_3180,Alta,0.0,0.7,1.0,2.4,1.2,2019,centre30,Zone125,Neighbourhood669,Dwelling2
VR_3181,Alta,0.0,0.0,0.0,0.0,0.0,2019,centre30,Zone125,Neighbourhood670,Dwelling1
VR_3182,Alta,0.0,0.0,0.0,0.0,0.0,2019,centre30,Zone125,Neighbourhood670,Dwelling2
VR_3183,Alta,0.0,0.0,0.0,0.0,0.0,2019,centre30,Zone125,Neighbourhood671,Dwelling1
VR_3184,Alta,0.0,13.1,9.9,0.0,9.7,2019,centre30,Zone125,Neighbourhood671,Dwelling2
VR_3185,Alta,0.0,0.0,0.0,0.0,0.0,2019,centre30,Zone125,Neighbourhood672,Dwelling1
VR_3186,Alta,0.0,0.0,0.0,0.0,0.0,2019,centre30,Zone125,Neighbourhood672,Dwelling2
VR_3187,Alta,0.0,0.0,0.0,0.0,0.0,2019,centre30,Zone125,Neighbourhood673,Dwelling1
VR_3188,Alta,0.0,2.3,4.1,0.0,3.6,2019,centre30,Zone125,Neighbourhood673,Dwelling2
VR_3189,Alta,0.0,0.0,4.4,0.0,3.2,2019,centre30,Zone125,Neighbourhood674,Dwelling1
VR_3190,Alta,0.0,3.1,0.8,0.0,0.0,2019,centre30,Zone125,Neighbourhood674,Dwelling2
VR_3191,Alta,0.0,0.0,0.0,4.3,3.5,2019,centre30,Zone124,Neighbourhood675,Dwelling1
VR_3192,Alta,0.0,0.0,4.9,0.0,4.5,2019,centre30,Zone124,Neighbourhood675,Dwelling2
VR_3193,Alta,0.0,0.0,0.0,0.0,0.0,2019,centre30,Zone124,Neighbourhood676,Dwelling1
VR_3194,Alta,0.0,6.6,3.8,0.0,4.5,2019,centre30,Zone124,Neighbourhood676,Dwelling2
VR_3195,Alta,0.0,0.0,0.0,0.0,0.0,2019,centre30,Zone124,Neighbourhood677,Dwelling1
VR_3196,Alta,0.0,1.5,4.3,0.0,3.7,2019,centre30,Zone124,Neighbourhood677,Dwelling2
VR_3197,Alta,0.0,0.0,4.6,2.0,3.6,2019,centre30,Zone124,Neighbourhood678,Dwelling1
VR_3198,Alta,0.0,0.0,0.0,0.0,0.6,2019,centre30,Zone124,Neighbourhood678,Dwelling2
VR_3199,Alta,0.0,0.0,0.0,0.0,0.0,2019,centre30,Zone124,Neighbourhood679,Dwelling1
VR_3200,Alta,0.0,0.0,0.0,0.0,0.0,2019,centre30,Zone124,Neighbourhood679,Dwelling2
VR_3201,Alta,0.0,0.0,0.0,0.0,0.0,2019,centre30,Zone124,Neighbourhood680,Dwelling1
VR_3202,Alta,0.0,9.3,6.1,6.3,6.9,2019,centre30,Zone124,Neighbourhood680,Dwelling2
VR_3203,Alta,0.0,0.0,0.0,0.0,0.0,2019,centre30,Zone212,Neighbourhood681,Dwelling1
VR_3204,Alta,0.0,0.0,4.1,0.0,4.3,2019,centre30,Zone212,Neighbourhood681,Dwelling2
VR_3205,Alta,0.0,0.0,0.0,0.0,0.0,2019,centre30,Zone212,Neighbourhood682,Dwelling1
VR_3206,Alta,0.0,3.1,1.2,0.0,2.3,2019,centre30,Zone212,Neighbourhood682,Dwelling2
VR_3207,Alta,0.0,0.0,0.0,0.0,0.0,2019,centre30,Zone212,Neighbourhood683,Dwelling1
VR_3208,Alta,0.0,0.0,0.0,0.0,1.7,2019,centre30,Zone212,Neighbourhood683,Dwelling2
VR_3209,Alta,0.0,0.0,0.0,0.0,0.0,2019,centre30,Zone212,Neighbourhood684,Dwelling1
VR_3210,Alta,0.0,4.8,3.7,0.0,4.2,2019,centre30,Zone212,Neighbourhood684,Dwelling2
VR_3211,Alta,0.0,0.0,16.4,9.8,12.6,2019,centre30,Zone213,Neighbourhood685,Dwelling1
VR_3212,Alta,3.2,3.7,6.2,3.8,5.1,2019,centre30,Zone213,Neighbourhood685,Dwelling2
VR_3213,Alta,0.0,0.0,0.0,0.0,0.0,2019,centre30,Zone213,Neighbourhood686,Dwelling1
VR_3214,Alta,13.5,6.3,4.5,0.0,5.4,2019,centre30,Zone213,Neighbourhood686,Dwelling2
VR_3215,Alta,0.0,0.0,0.0,0.0,0.0,2019,centre30,Zone213,Neighbourhood687,Dwelling1
VR_3216,Alta,0.0,9.6,4.6,0.0,6.1,2019,centre30,Zone213,Neighbourhood687,Dwelling2
VR_3217,Alta,0.0,0.0,0.0,0.0,0.0,2019,centre30,Zone213,Neighbourhood688,Dwelling1
VR_3218,Alta,0.0,0.0,1.8,3.3,1.6,2019,centre30,Zone213,Neighbourhood688,Dwelling2
VR_3219,Alta,0.0,0.0,0.0,0.0,0.0,2019,centre30,Zone214,Neighbourhood689,Dwelling1
VR_3220,Alta,0.0,4.6,7.2,0.0,6.4,2019,centre30,Zone214,Neighbourhood689,Dwelling2
VR_3221,Alta,0.0,0.0,0.0,0.0,4.7,2019,centre30,Zone214,Neighbourhood690,Dwelling1
VR_3222,Alta,0.0,3.5,0.0,0.0,1.2,2019,centre30,Zone214,Neighbourhood690,Dwelling2
VR_3223,Alta,0.0,0.0,0.0,0.0,0.0,2019,centre30,Zone214,Neighbourhood691,Dwelling1
VR_3224,Alta,0.0,0.0,0.0,0.0,0.0,2019,centre30,Zone214,Neighbourhood691,Dwelling2
VR_3225,Alta,0.0,0.0,0.0,0.0,0.0,2019,centre31,Zone93,Neighbourhood252,Dwelling1
VR_3226,Alta,3.7,4.4,5.7,8.0,4.7,2019,centre31,Zone93,Neighbourhood252,Dwelling2
VR_3227,Alta,0.0,0.0,0.0,0.0,0.0,2019,centre31,Zone93,Neighbourhood692,Dwelling1
VR_3228,Alta,0.0,4.5,6.6,0.0,5.4,2019,centre31,Zone93,Neighbourhood692,Dwelling2
VR_3229,Alta,0.0,0.0,0.0,0.0,0.0,2019,centre31,Zone93,Neighbourhood693,Dwelling1
VR_3230,Alta,5.4,4.8,6.4,3.2,5.3,2019,centre31,Zone93,Neighbourhood693,Dwelling2
VR_3231,Alta,0.0,0.0,0.0,0.0,0.0,2019,centre31,Zone93,Neighbourhood694,Dwelling1
VR_3232,Alta,4.6,0.0,13.7,1.1,9.3,2019,centre31,Zone93,Neighbourhood694,Dwelling2
VR_3233,Alta,0.0,0.0,0.0,0.0,0.0,2019,centre31,Zone215,Neighbourhood695,Dwelling1
VR_3234,Alta,0.0,5.1,5.1,0.0,5.5,2019,centre31,Zone215,Neighbourhood695,Dwelling2
VR_3235,Alta,0.0,0.0,0.0,0.0,0.0,2019,centre31,Zone215,Neighbourhood696,Dwelling1
VR_3236,Alta,3.0,5.3,5.2,0.0,5.1,2019,centre31,Zone215,Neighbourhood696,Dwelling2
VR_3237,Alta,0.0,0.0,0.0,0.0,0.0,2019,centre31,Zone216,Neighbourhood697,Dwelling1
VR_3238,Alta,0.0,4.0,7.2,1.0,4.6,2019,centre31,Zone216,Neighbourhood697,Dwelling2
VR_3239,Alta,0.0,0.0,0.0,0.0,0.0,2019,centre31,Zone216,Neighbourhood582,Dwelling1
VR_3240,Alta,2.8,1.7,2.6,0.0,2.2,2019,centre31,Zone216,Neighbourhood582,Dwelling2
VR_3241,Alta,0.0,0.0,0.0,0.0,0.0,2019,centre31,Zone217,Neighbourhood698,Dwelling1
VR_3242,Alta,0.0,5.0,0.0,0.0,7.1,2019,centre31,Zone217,Neighbourhood698,Dwelling2
VR_3243,Alta,0.0,9.8,7.2,0.0,8.2,2019,centre31,Zone217,Neighbourhood699,Dwelling1
VR_3244,Alta,1.7,7.4,10.1,0.0,8.1,2019,centre31,Zone217,Neighbourhood699,Dwelling2
VR_3245,Alta,0.0,0.0,3.0,0.0,1.7,2019,centre31,Zone217,Neighbourhood700,Dwelling1
VR_3246,Alta,0.0,0.0,0.0,0.0,0.0,2019,centre31,Zone217,Neighbourhood700,Dwelling2
VR_3247,Alta,0.0,0.0,0.0,0.0,0.0,2019,centre31,Zone218,Neighbourhood701,Dwelling1
VR_3248,Alta,0.0,4.4,3.0,2.5,3.4,2019,centre31,Zone218,Neighbourhood701,Dwelling2
VR_3249,Alta,0.0,0.0,0.0,0.0,0.0,2019,centre31,Zone218,Neighbourhood702,Dwelling1
VR_3250,Alta,0.0,5.4,0.0,0.0,6.6,2019,centre31,Zone218,Neighbourhood702,Dwelling2
VR_3251,Alta,0.0,0.0,0.0,0.0,0.0,2019,centre31,Zone218,Neighbourhood703,Dwelling1
VR_3252,Alta,0.0,6.8,8.8,9.8,8.0,2019,centre31,Zone218,Neighbourhood703,Dwelling2
VR_3253,Alta,0.0,0.0,0.0,0.0,0.0,2019,centre31,Zone218,Neighbourhood704,Dwelling1
VR_3254,Alta,0.0,0.0,0.0,0.0,0.0,2019,centre31,Zone218,Neighbourhood704,Dwelling2
VR_3255,Alta,0.0,0.0,0.0,0.0,0.0,2019,centre31,Zone219,Neighbourhood705,Dwelling1
VR_3256,Alta,3.4,3.7,5.4,0.0,3.9,2019,centre31,Zone219,Neighbourhood705,Dwelling2
VR_3257,Alta,0.0,0.0,0.0,0.0,0.0,2019,centre31,Zone219,Neighbourhood706,Dwelling1
VR_3258,Alta,0.0,3.1,4.6,3.6,4.0,2019,centre31,Zone219,Neighbourhood706,Dwelling2
VR_3259,Alta,0.0,0.0,0.0,1.7,2.6,2019,centre31,Zone219,Neighbourhood707,Dwelling1
VR_3260,Alta,1.9,3.0,4.9,1.8,3.9,2019,centre31,Zone219,Neighbourhood707,Dwelling2
VR_3261,Alta,0.0,0.0,0.0,9.7,8.9,2019,centre31,Zone219,Neighbourhood708,Dwelling1
VR_3262,Alta,9.5,4.2,3.4,0.0,4.1,2019,centre31,Zone219,Neighbourhood708,Dwelling2
VR_3263,Alta,0.0,0.0,0.0,0.0,0.0,2019,centre31,Zone219,Neighbourhood709,Dwelling1
VR_3264,Alta,0.0,0.0,0.3,0.0,0.3,2019,centre31,Zone219,Neighbourhood709,Dwelling2
VR_3265,Alta,0.0,0.0,0.0,6.7,6.7,2019,centre31,Zone220,Neighbourhood710,Dwelling1
VR_3266,Alta,0.0,3.5,3.5,0.0,3.2,2019,centre31,Zone220,Neighbourhood710,Dwelling2
VR_3267,Alta,0.0,0.0,11.0,5.4,6.9,2019,centre31,Zone220,Neighbourhood711,Dwelling1
VR_3268,Alta,1.4,2.9,2.8,3.7,2.9,2019,centre31,Zone220,Neighbourhood711,Dwelling2
VR_3269,Alta,0.0,0.0,0.0,0.0,0.0,2019,centre31,Zone220,Neighbourhood712,Dwelling1
VR_3270,Alta,0.0,4.1,5.5,3.3,4.9,2019,centre31,Zone220,Neighbourhood712,Dwelling2
VR_3271,Alta,0.0,0.0,0.0,0.0,0.0,2019,centre31,Zone220,Neighbourhood713,Dwelling1
VR_3272,Alta,0.0,1.2,2.4,0.0,1.7,2019,centre31,Zone220,Neighbourhood713,Dwelling2
VR_3273,Alta,0.0,0.0,0.0,0.0,0.0,2019,centre31,Zone220,Neighbourhood714,Dwelling1
VR_3274,Alta,29.7,5.9,2.9,5.8,5.0,2019,centre31,Zone220,Neighbourhood714,Dwelling2
VR_3275,Alta,0.0,0.0,0.0,0.0,0.0,2019,centre31,Zone220,Neighbourhood715,Dwelling1
VR_3276,Alta,0.0,6.7,4.9,1.8,5.1,2019,centre31,Zone220,Neighbourhood715,Dwelling2
VR_3277,Alta,0.0,0.0,0.0,6.7,0.0,2019,centre31,Zone221,Neighbourhood716,Dwelling1
VR_3278,Alta,0.0,1.2,0.0,0.0,2.8,2019,centre31,Zone221,Neighbourhood716,Dwelling2
VR_3279,Alta,0.0,0.0,0.0,0.0,0.0,2019,centre31,Zone221,Neighbourhood717,Dwelling1
VR_3280,Alta,0.0,5.6,13.7,0.0,10.1,2019,centre31,Zone221,Neighbourhood717,Dwelling2
VR_3281,Alta,0.0,0.0,0.0,2.9,2.4,2019,centre31,Zone221,Neighbourhood718,Dwelling1
VR_3282,Alta,12.4,6.4,7.1,7.4,7.1,2019,centre31,Zone221,Neighbourhood718,Dwelling2
VR_3283,Alta,0.0,0.0,0.0,6.0,8.9,2019,centre31,Zone221,Neighbourhood719,Dwelling1
VR_3284,Alta,0.0,0.0,5.4,0.0,4.8,2019,centre31,Zone221,Neighbourhood719,Dwelling2
VR_3285,Alta,0.0,0.0,0.0,0.0,0.0,2019,centre31,Zone222,Neighbourhood720,Dwelling1
VR_3286,Alta,0.0,0.0,11.1,9.6,10.4,2019,centre31,Zone222,Neighbourhood720,Dwelling2
VR_3287,Alta,0.0,0.0,0.0,0.0,5.6,2019,centre31,Zone222,Neighbourhood721,Dwelling1
VR_3288,Alta,0.0,1.8,3.0,0.0,2.5,2019,centre31,Zone222,Neighbourhood721,Dwelling2
VR_3289,Alta,0.0,0.0,1.2,3.9,3.2,2019,centre31,Zone222,Neighbourhood722,Dwelling1
VR_3290,Alta,0.0,4.2,2.5,0.0,2.7,2019,centre31,Zone222,Neighbourhood722,Dwelling2
VR_3291,Alta,0.0,0.0,0.0,0.0,0.0,2019,centre31,Zone223,Neighbourhood723,Dwelling1
VR_3292,Alta,0.0,0.0,0.0,0.0,4.5,2019,centre31,Zone223,Neighbourhood723,Dwelling2
VR_3293,Alta,0.0,0.0,8.3,6.4,6.2,2019,centre31,Zone223,Neighbourhood724,Dwelling1
VR_3294,Alta,0.0,0.0,0.0,0.0,9.5,2019,centre31,Zone223,Neighbourhood724,Dwelling2
VR_3295,Alta,0.0,0.0,0.0,0.0,0.0,2019,centre31,Zone223,Neighbourhood725,Dwelling1
VR_3296,Alta,0.0,0.0,0.0,0.0,0.0,2019,centre31,Zone223,Neighbourhood725,Dwelling2
VR_3297,Alta,0.0,0.0,0.8,1.5,1.5,2019,centre31,Zone223,Neighbourhood726,Dwelling1
VR_3298,Alta,0.0,7.0,4.5,0.0,5.7,2019,centre31,Zone223,Neighbourhood726,Dwelling2
VR_3299,Alta,0.0,0.0,0.0,3.4,5.6,2019,centre31,Zone223,Neighbourhood727,Dwelling1
VR_3300,Alta,0.0,9.3,10.1,0.0,9.3,2019,centre31,Zone223,Neighbourhood727,Dwelling2
VR_3301,Alta,0.0,0.0,4.8,6.2,5.6,2019,centre31,Zone224,Neighbourhood728,Dwelling1
VR_3302,Alta,0.0,9.1,11.5,0.0,9.0,2019,centre31,Zone224,Neighbourhood728,Dwelling2
VR_3303,Alta,0.0,0.0,0.0,4.1,4.4,2019,centre31,Zone224,Neighbourhood729,Dwelling1
VR_3304,Alta,0.0,4.6,3.3,2.8,3.7,2019,centre31,Zone224,Neighbourhood729,Dwelling2
VR_3305,Alta,0.0,0.0,0.0,0.0,0.0,2019,centre31,Zone224,Neighbourhood730,Dwelling1
VR_3306,Alta,0.0,5.1,6.9,13.2,7.8,2019,centre31,Zone224,Neighbourhood730,Dwelling2
VR_3307,Alta,0.0,0.0,2.9,1.0,1.7,2019,centre31,Zone224,Neighbourhood731,Dwelling1
VR_3308,Alta,0.0,4.8,1.9,2.3,2.6,2019,centre31,Zone224,Neighbourhood731,Dwelling2
VR_3309,Alta,0.0,0.0,0.0,0.0,0.0,2019,centre31,Zone225,Neighbourhood732,Dwelling1
VR_3310,Alta,0.0,3.5,6.0,1.0,4.7,2019,centre31,Zone225,Neighbourhood732,Dwelling2
VR_3311,Alta,0.0,0.0,0.0,0.0,0.0,2019,centre31,Zone225,Neighbourhood733,Dwelling1
VR_3312,Alta,0.0,0.0,1.5,0.0,1.8,2019,centre31,Zone225,Neighbourhood733,Dwelling2
VR_3313,Alta,0.0,0.0,0.0,6.9,6.9,2019,centre31,Zone225,Neighbourhood734,Dwelling1
VR_3314,Alta,0.0,2.0,3.8,0.0,3.2,2019,centre31,Zone225,Neighbourhood734,Dwelling2
VR_3315,Alta,0.0,0.0,0.0,6.1,6.1,2019,centre31,Zone225,Neighbourhood735,Dwelling1
VR_3316,Alta,0.0,4.9,3.3,2.3,3.6,2019,centre31,Zone225,Neighbourhood735,Dwelling2
VR_3317,Alta,0.0,0.0,0.0,1.6,1.5,2019,centre31,Zone226,Neighbourhood736,Dwelling1
VR_3318,Alta,0.0,1.8,1.0,0.0,1.1,2019,centre31,Zone226,Neighbourhood736,Dwelling2
VR_3319,Alta,0.0,0.0,0.0,0.0,0.0,2019,centre31,Zone227,Neighbourhood737,Dwelling1
VR_3320,Alta,0.0,0.0,0.0,0.0,0.0,2019,centre31,Zone227,Neighbourhood737,Dwelling2
VR_3321,Alta,0.0,0.0,0.0,0.0,0.0,2019,centre31,Zone227,Neighbourhood738,Dwelling1
VR_3322,Alta,0.0,3.3,0.0,0.0,1.3,2019,centre31,Zone227,Neighbourhood738,Dwelling2
VR_3323,Alta,0.0,0.0,4.8,0.0,0.9,2019,centre31,Zone227,Neighbourhood739,Dwelling1
VR_3324,Alta,0.0,0.0,6.4,6.4,10.9,2019,centre31,Zone227,Neighbourhood739,Dwelling2
VR_3325,Alta,0.0,0.0,4.3,11.0,9.8,2019,centre31,Zone228,Neighbourhood740,Dwelling1
VR_3326,Alta,0.0,2.5,2.0,0.0,2.0,2019,centre31,Zone228,Neighbourhood740,Dwelling2
VR_3327,Alta,0.0,0.0,2.3,7.5,5.3,2019,centre31,Zone229,Neighbourhood741,Dwelling1
VR_3328,Alta,0.0,2.6,1.1,0.0,1.4,2019,centre31,Zone229,Neighbourhood741,Dwelling2
VR_3329,Alta,0.0,0.0,0.0,0.0,7.1,2019,centre31,Zone230,Neighbourhood742,Dwelling1
VR_3330,Alta,0.0,4.9,3.7,3.7,4.1,2019,centre31,Zone230,Neighbourhood742,Dwelling2
VR_3331,Alta,0.0,0.0,0.0,0.0,0.0,2019,centre31,Zone231,Neighbourhood743,Dwelling1
VR_3332,Alta,0.0,3.1,2.1,0.0,2.8,2019,centre31,Zone231,Neighbourhood743,Dwelling2
VR_3333,Alta,0.0,0.0,0.0,0.0,0.0,2019,centre31,Zone232,Neighbourhood744,Dwelling1
VR_3334,Alta,0.0,7.2,7.7,22.7,8.1,2019,centre31,Zone232,Neighbourhood744,Dwelling2
VR_3335,Alta,0.0,0.0,0.0,0.0,0.0,2019,centre31,Zone232,Neighbourhood745,Dwelling1
VR_3336,Alta,0.0,11.2,8.5,0.0,9.6,2019,centre31,Zone232,Neighbourhood745,Dwelling2
VR_3337,Alta,0.0,0.0,12.8,0.0,9.6,2019,centre32,Zone233,Neighbourhood252,Dwelling1
VR_3338,Alta,0.0,5.0,10.4,0.0,7.2,2019,centre32,Zone233,Neighbourhood252,Dwelling2
VR_3339,Alta,0.0,0.0,2.5,0.0,0.0,2019,centre32,Zone233,Neighbourhood746,Dwelling1
VR_3340,Alta,0.0,11.3,5.7,0.0,7.2,2019,centre32,Zone233,Neighbourhood746,Dwelling2
VR_3341,Alta,0.0,0.0,0.0,0.0,0.0,2019,centre32,Zone233,Neighbourhood747,Dwelling1
VR_3342,Alta,23.1,5.4,1.6,0.0,3.3,2019,centre32,Zone233,Neighbourhood747,Dwelling2
VR_3343,Alta,0.0,0.0,0.0,0.0,0.0,2019,centre32,Zone233,Neighbourhood748,Dwelling1
VR_3344,Alta,0.0,5.4,6.1,0.0,4.9,2019,centre32,Zone233,Neighbourhood748,Dwelling2
VR_3345,Alta,0.0,0.0,0.0,0.0,8.7,2019,centre32,Zone233,Neighbourhood749,Dwelling1
VR_3346,Alta,0.0,0.0,6.2,0.0,6.6,2019,centre32,Zone233,Neighbourhood749,Dwelling2
VR_3347,Alta,0.0,0.0,3.9,0.0,2.7,2019,centre32,Zone233,Neighbourhood750,Dwelling1
VR_3348,Alta,0.0,0.0,0.0,0.0,0.7,2019,centre32,Zone233,Neighbourhood750,Dwelling2
VR_3349,Alta,0.0,0.0,0.0,0.0,5.3,2019,centre32,Zone233,Neighbourhood751,Dwelling1
VR_3350,Alta,0.0,0.0,0.0,0.0,0.0,2019,centre32,Zone233,Neighbourhood751,Dwelling2
VR_3351,Alta,0.0,0.0,4.5,0.0,3.2,2019,centre32,Zone233,Neighbourhood752,Dwelling1
VR_3352,Alta,0.0,0.0,0.0,0.0,0.0,2019,centre32,Zone233,Neighbourhood752,Dwelling2
VR_3353,Alta,0.0,0.0,2.6,0.0,1.8,2019,centre32,Zone233,Neighbourhood753,Dwelling1
VR_3354,Alta,0.0,4.7,10.9,0.0,9.7,2019,centre32,Zone233,Neighbourhood753,Dwelling2
VR_3355,Alta,0.0,0.0,0.0,0.0,11.8,2019,centre32,Zone233,Neighbourhood754,Dwelling1
VR_3356,Alta,0.0,0.0,0.0,0.0,0.0,2019,centre32,Zone233,Neighbourhood754,Dwelling2
VR_3357,Alta,0.0,0.0,0.0,9.0,8.4,2019,centre32,Zone233,Neighbourhood755,Dwelling1
VR_3358,Alta,0.0,0.0,0.0,0.0,0.0,2019,centre32,Zone233,Neighbourhood755,Dwelling2
VR_3359,Alta,0.0,0.0,0.0,6.3,2.4,2019,centre32,Zone233,Neighbourhood756,Dwelling1
VR_3360,Alta,0.0,0.0,1.0,3.0,1.8,2019,centre32,Zone233,Neighbourhood756,Dwelling2
VR_3361,Alta,0.0,0.0,5.4,2.5,4.7,2019,centre32,Zone233,Neighbourhood757,Dwelling1
VR_3362,Alta,0.0,0.0,2.1,0.0,1.8,2019,centre32,Zone233,Neighbourhood757,Dwelling2
VR_3363,Alta,0.0,0.0,0.0,0.0,0.0,2019,centre32,Zone233,Neighbourhood758,Dwelling1
VR_3364,Alta,0.0,0.0,0.0,0.0,0.0,2019,centre32,Zone233,Neighbourhood758,Dwelling2
VR_3365,Alta,0.0,0.0,0.0,0.0,0.0,2019,centre32,Zone233,Neighbourhood759,Dwelling1
VR_3366,Alta,0.0,0.0,0.0,0.0,0.0,2019,centre32,Zone233,Neighbourhood759,Dwelling2
VR_3367,Alta,0.0,0.0,0.0,0.0,0.0,2019,centre32,Zone233,Neighbourhood760,Dwelling1
VR_3368,Alta,0.0,0.0,0.0,0.0,0.0,2019,centre32,Zone233,Neighbourhood760,Dwelling2
VR_3369,Alta,0.0,0.0,0.0,0.0,0.0,2019,centre32,Zone233,Neighbourhood761,Dwelling1
VR_3370,Alta,0.0,0.0,0.0,0.0,0.0,2019,centre32,Zone233,Neighbourhood761,Dwelling2
VR_3371,B.C.,0.0,0.0,0.0,0.0,0.0,2019,centre33,Zone234,Neighbourhood762,Dwelling1
VR_3372,B.C.,0.0,0.0,2.2,0.0,1.6,2019,centre33,Zone234,Neighbourhood762,Dwelling2
VR_3373,B.C.,0.0,0.0,0.0,0.0,0.0,2019,centre33,Zone234,Neighbourhood763,Dwelling1
VR_3374,B.C.,0.0,0.8,0.6,0.0,0.8,2019,centre33,Zone234,Neighbourhood763,Dwelling2
VR_3375,B.C.,0.0,0.0,0.0,0.0,0.0,2019,centre33,Zone234,Neighbourhood764,Dwelling1
VR_3376,B.C.,0.0,0.4,1.7,0.0,1.1,2019,centre33,Zone234,Neighbourhood764,Dwelling2
VR_3377,B.C.,0.0,0.0,0.0,0.0,0.0,2019,centre33,Zone234,Neighbourhood765,Dwelling1
VR_3378,B.C.,0.0,0.0,0.0,0.0,0.0,2019,centre33,Zone234,Neighbourhood765,Dwelling2
VR_3379,B.C.,0.0,0.0,0.0,0.0,0.0,2019,centre33,Zone234,Neighbourhood766,Dwelling1
VR_3380,B.C.,0.0,1.7,2.3,0.0,2.1,2019,centre33,Zone234,Neighbourhood766,Dwelling2
VR_3381,B.C.,0.0,0.0,0.0,0.0,0.0,2019,centre33,Zone235,Neighbourhood767,Dwelling1
VR_3382,B.C.,0.0,0.0,0.5,0.0,0.3,2019,centre33,Zone235,Neighbourhood767,Dwelling2
VR_3383,B.C.,0.0,0.0,0.0,0.0,0.6,2019,centre34,Zone236,Neighbourhood768,Dwelling1
VR_3384,B.C.,0.4,4.1,3.0,0.0,3.0,2019,centre34,Zone236,Neighbourhood768,Dwelling2
VR_3385,B.C.,0.0,0.0,0.0,0.0,0.0,2019,centre34,Zone237,Neighbourhood769,Dwelling1
VR_3386,B.C.,0.0,0.0,1.4,0.0,1.0,2019,centre34,Zone237,Neighbourhood769,Dwelling2
VR_3387,B.C.,0.0,0.0,0.0,0.0,0.0,2019,centre35,Zone238,Neighbourhood770,Dwelling1
VR_3388,B.C.,0.0,0.6,1.2,0.0,0.6,2019,centre35,Zone238,Neighbourhood770,Dwelling2
VR_3389,B.C.,0.0,0.0,0.0,0.0,0.0,2019,centre35,Zone238,Neighbourhood771,Dwelling1
VR_3390,B.C.,0.2,0.6,0.5,0.0,0.5,2019,centre35,Zone238,Neighbourhood771,Dwelling2
VR_3391,B.C.,0.0,0.0,0.0,0.0,0.0,2019,centre35,Zone239,Neighbourhood772,Dwelling1
VR_3392,B.C.,1.2,0.6,0.8,0.0,0.7,2019,centre35,Zone239,Neighbourhood772,Dwelling2
VR_3393,B.C.,0.0,0.0,0.0,0.0,0.0,2019,centre35,Zone93,Neighbourhood773,Dwelling1
VR_3394,B.C.,1.1,1.4,1.4,0.0,1.4,2019,centre35,Zone93,Neighbourhood773,Dwelling2
VR_3395,B.C.,0.0,0.0,0.0,0.0,0.0,2019,centre35,Zone93,Neighbourhood774,Dwelling1
VR_3396,B.C.,0.0,1.4,0.6,0.0,0.7,2019,centre35,Zone93,Neighbourhood774,Dwelling2
VR_3397,B.C.,0.0,0.0,0.0,0.0,0.0,2019,centre35,Zone93,Neighbourhood334,Dwelling1
VR_3398,B.C.,1.9,1.6,1.6,0.0,1.6,2019,centre35,Zone93,Neighbourhood334,Dwelling2
VR_3399,B.C.,0.0,0.0,0.0,0.0,0.0,2019,centre35,Zone240,Neighbourhood775,Dwelling1
VR_3400,B.C.,0.0,0.0,0.0,0.0,0.0,2019,centre35,Zone240,Neighbourhood775,Dwelling2
VR_3401,B.C.,0.0,0.0,0.0,0.0,0.0,2019,centre35,Zone240,Neighbourhood776,Dwelling1
VR_3402,B.C.,0.3,0.5,0.8,0.0,0.6,2019,centre35,Zone240,Neighbourhood776,Dwelling2
VR_3403,B.C.,0.0,0.0,0.0,0.0,0.0,2019,centre35,Zone240,Neighbourhood777,Dwelling1
VR_3404,B.C.,0.0,0.0,0.0,0.0,0.2,2019,centre35,Zone240,Neighbourhood777,Dwelling2
VR_3405,B.C.,0.0,0.0,0.0,0.0,0.0,2019,centre35,Zone241,Neighbourhood778,Dwelling1
VR_3406,B.C.,0.7,0.5,1.1,0.0,0.6,2019,centre35,Zone241,Neighbourhood778,Dwelling2
VR_3407,B.C.,0.0,0.0,0.0,0.0,0.0,2019,centre35,Zone241,Neighbourhood779,Dwelling1
VR_3408,B.C.,0.0,0.3,1.5,0.0,0.5,2019,centre35,Zone241,Neighbourhood779,Dwelling2
VR_3409,B.C.,0.0,0.0,0.0,0.0,0.0,2019,centre35,Zone241,Neighbourhood780,Dwelling1
VR_3410,B.C.,0.0,1.0,0.0,0.0,0.9,2019,centre35,Zone241,Neighbourhood780,Dwelling2
VR_3411,B.C.,0.0,0.0,0.0,0.0,0.0,2019,centre35,Zone242,Neighbourhood781,Dwelling1
VR_3412,B.C.,0.0,1.2,0.9,0.0,1.1,2019,centre35,Zone242,Neighbourhood781,Dwelling2
VR_3413,B.C.,0.0,0.0,0.0,0.0,0.0,2019,centre35,Zone242,Neighbourhood782,Dwelling1
VR_3414,B.C.,0.0,0.9,1.4,0.0,1.1,2019,centre35,Zone242,Neighbourhood782,Dwelling2
VR_3415,B.C.,0.0,0.0,0.0,0.0,0.0,2019,centre35,Zone243,Neighbourhood783,Dwelling1
VR_3416,B.C.,0.0,1.0,1.2,0.0,0.9,2019,centre35,Zone243,Neighbourhood783,Dwelling2
VR_3417,B.C.,0.0,0.0,0.0,0.0,0.0,2019,centre35,Zone243,Neighbourhood784,Dwelling1
VR_3418,B.C.,0.0,1.5,1.9,0.0,1.3,2019,centre35,Zone243,Neighbourhood784,Dwelling2
VR_3419,B.C.,0.0,0.0,0.0,0.0,0.0,2019,centre35,Zone244,Neighbourhood664,Dwelling1
VR_3420,B.C.,1.3,1.4,3.0,0.0,1.6,2019,centre35,Zone244,Neighbourhood664,Dwelling2
VR_3421,B.C.,0.0,0.0,0.0,0.0,0.0,2019,centre35,Zone244,Neighbourhood785,Dwelling1
VR_3422,B.C.,0.0,0.5,0.0,0.0,0.4,2019,centre35,Zone244,Neighbourhood785,Dwelling2
VR_3423,B.C.,0.0,0.0,0.0,0.0,0.0,2019,centre35,Zone244,Neighbourhood786,Dwelling1
VR_3424,B.C.,0.5,0.9,0.4,0.0,0.7,2019,centre35,Zone244,Neighbourhood786,Dwelling2
VR_3425,B.C.,0.0,0.0,0.0,0.0,0.0,2019,centre35,Zone244,Neighbourhood787,Dwelling1
VR_3426,B.C.,0.0,0.8,0.0,0.0,0.4,2019,centre35,Zone244,Neighbourhood787,Dwelling2
VR_3427,B.C.,0.0,0.0,0.0,0.0,0.0,2019,centre35,Zone245,Neighbourhood788,Dwelling1
VR_3428,B.C.,0.0,0.0,0.0,0.0,0.0,2019,centre35,Zone245,Neighbourhood788,Dwelling2
VR_3429,B.C.,0.0,0.0,0.0,0.0,0.9,2019,centre35,Zone245,Neighbourhood789,Dwelling1
VR_3430,B.C.,1.1,0.6,0.5,0.0,0.7,2019,centre35,Zone245,Neighbourhood789,Dwelling2
VR_3431,B.C.,0.0,0.0,0.0,0.0,0.0,2019,centre35,Zone246,Neighbourhood790,Dwelling1
VR_3432,B.C.,0.0,0.0,0.0,5.7,0.0,2019,centre35,Zone246,Neighbourhood790,Dwelling2
VR_3433,B.C.,0.0,0.0,0.0,0.0,0.0,2019,centre35,Zone246,Neighbourhood791,Dwelling1
VR_3434,B.C.,0.0,0.0,2.4,0.0,0.9,2019,centre35,Zone246,Neighbourhood791,Dwelling2
VR_3435,B.C.,0.0,0.0,0.0,0.0,0.0,2019,centre35,Zone246,Neighbourhood792,Dwelling1
VR_3436,B.C.,1.4,0.5,0.9,0.0,0.7,2019,centre35,Zone246,Neighbourhood792,Dwelling2
VR_3437,B.C.,16.2,0.0,2.7,0.0,6.7,2019,centre35,Zone247,Neighbourhood793,Dwelling1
VR_3438,B.C.,0.0,0.3,0.6,0.0,0.4,2019,centre35,Zone247,Neighbourhood793,Dwelling2
VR_3439,B.C.,0.0,0.0,0.0,0.0,0.0,2019,centre35,Zone248,Neighbourhood794,Dwelling1
VR_3440,B.C.,2.6,1.4,0.9,0.0,1.3,2019,centre35,Zone248,Neighbourhood794,Dwelling2
VR_3441,B.C.,0.0,0.0,0.0,0.0,0.0,2019,centre35,Zone248,Neighbourhood795,Dwelling1
VR_3442,B.C.,0.0,1.6,1.2,0.0,1.4,2019,centre35,Zone248,Neighbourhood795,Dwelling2
VR_3443,B.C.,0.0,0.0,0.0,0.0,0.0,2019,centre35,Zone249,Neighbourhood796,Dwelling1
VR_3444,B.C.,0.0,0.0,0.0,0.0,0.0,2019,centre35,Zone249,Neighbourhood796,Dwelling2
VR_3445,B.C.,0.0,0.0,0.0,0.0,0.0,2019,centre35,Zone249,Neighbourhood797,Dwelling1
VR_3446,B.C.,0.0,1.7,2.4,0.0,2.3,2019,centre35,Zone249,Neighbourhood797,Dwelling2
VR_3447,B.C.,0.0,0.0,0.0,0.0,0.0,2019,centre35,Zone249,Neighbourhood798,Dwelling1
VR_3448,B.C.,1.8,0.4,0.4,0.0,0.4,2019,centre35,Zone249,Neighbourhood798,Dwelling2
VR_3449,B.C.,0.0,0.0,0.0,0.0,0.0,2019,centre35,Zone250,Neighbourhood799,Dwelling1
VR_3450,B.C.,0.0,0.5,0.6,0.0,0.5,2019,centre35,Zone250,Neighbourhood799,Dwelling2
VR_3451,B.C.,0.0,0.0,0.0,0.0,0.0,2019,centre35,Zone250,Neighbourhood800,Dwelling1
VR_3452,B.C.,0.7,0.7,1.6,0.0,1.0,2019,centre35,Zone250,Neighbourhood800,Dwelling2
VR_3453,B.C.,0.0,0.0,0.0,0.5,0.4,2019,centre35,Zone250,Neighbourhood801,Dwelling1
VR_3454,B.C.,3.5,2.4,2.7,5.6,2.8,2019,centre35,Zone250,Neighbourhood801,Dwelling2
VR_3455,B.C.,0.0,0.0,0.0,0.0,0.0,2019,centre35,Zone251,Neighbourhood802,Dwelling1
VR_3456,B.C.,0.0,0.0,5.4,2.7,4.2,2019,centre35,Zone251,Neighbourhood802,Dwelling2
VR_3457,B.C.,0.0,0.0,0.0,0.0,0.0,2019,centre35,Zone251,Neighbourhood252,Dwelling1
VR_3458,B.C.,0.0,1.5,2.5,0.0,1.5,2019,centre35,Zone251,Neighbourhood252,Dwelling2
VR_3459,B.C.,0.0,0.0,0.0,0.0,0.0,2019,centre35,Zone251,Neighbourhood45,Dwelling1
VR_3460,B.C.,0.3,1.0,0.8,0.0,0.9,2019,centre35,Zone251,Neighbourhood45,Dwelling2
VR_3461,B.C.,0.0,0.0,0.0,0.0,0.0,2019,centre35,Zone251,Neighbourhood803,Dwelling1
VR_3462,B.C.,0.0,1.3,1.4,0.0,1.2,2019,centre35,Zone251,Neighbourhood803,Dwelling2
VR_3463,B.C.,0.0,0.0,0.0,0.0,0.0,2019,centre35,Zone252,Neighbourhood804,Dwelling1
VR_3464,B.C.,0.3,0.6,0.7,0.0,0.6,2019,centre35,Zone252,Neighbourhood804,Dwelling2
VR_3465,B.C.,0.0,0.0,0.0,0.0,0.0,2019,centre35,Zone252,Neighbourhood805,Dwelling1
VR_3466,B.C.,0.0,0.1,0.0,0.0,0.1,2019,centre35,Zone252,Neighbourhood805,Dwelling2
VR_3467,B.C.,0.0,0.0,0.0,0.0,0.0,2019,centre35,Zone252,Neighbourhood806,Dwelling1
VR_3468,B.C.,0.0,0.4,0.3,0.0,0.4,2019,centre35,Zone252,Neighbourhood806,Dwelling2
VR_3469,B.C.,0.0,0.0,0.0,0.0,0.0,2019,centre35,Zone252,Neighbourhood807,Dwelling1
VR_3470,B.C.,0.0,0.0,0.0,0.0,0.9,2019,centre35,Zone252,Neighbourhood807,Dwelling2
VR_3471,B.C.,0.0,0.0,0.0,0.0,0.0,2019,centre35,Zone253,Neighbourhood808,Dwelling1
VR_3472,B.C.,0.0,0.9,2.4,1.1,1.7,2019,centre35,Zone253,Neighbourhood808,Dwelling2
VR_3473,B.C.,0.0,0.0,0.0,15.9,10.8,2019,centre35,Zone253,Neighbourhood809,Dwelling1
VR_3474,B.C.,0.0,0.7,0.9,0.0,0.7,2019,centre35,Zone253,Neighbourhood809,Dwelling2
VR_3475,B.C.,0.0,0.0,0.0,0.0,0.0,2019,centre35,Zone254,Neighbourhood810,Dwelling1
VR_3476,B.C.,0.0,0.8,3.0,0.0,1.4,2019,centre35,Zone254,Neighbourhood810,Dwelling2
VR_3477,B.C.,0.0,0.0,0.0,0.0,0.0,2019,centre35,Zone254,Neighbourhood811,Dwelling1
VR_3478,B.C.,0.0,0.7,1.4,2.9,0.9,2019,centre35,Zone254,Neighbourhood811,Dwelling2
VR_3479,B.C.,0.0,0.0,0.0,0.0,0.0,2019,centre35,Zone255,Neighbourhood812,Dwelling1
VR_3480,B.C.,0.0,0.5,0.1,0.0,0.3,2019,centre35,Zone255,Neighbourhood812,Dwelling2
VR_3481,B.C.,0.0,0.0,0.0,0.0,0.0,2019,centre35,Zone255,Neighbourhood813,Dwelling1
VR_3482,B.C.,0.0,0.0,0.0,0.0,0.0,2019,centre35,Zone255,Neighbourhood813,Dwelling2
VR_3483,B.C.,0.0,0.0,0.0,0.0,0.9,2019,centre35,Zone255,Neighbourhood814,Dwelling1
VR_3484,B.C.,0.0,0.8,0.9,1.3,0.9,2019,centre35,Zone255,Neighbourhood814,Dwelling2
VR_3485,B.C.,0.0,0.0,0.0,0.0,0.0,2019,centre35,Zone255,Neighbourhood815,Dwelling1
VR_3486,B.C.,4.9,0.6,0.6,0.0,1.1,2019,centre35,Zone255,Neighbourhood815,Dwelling2
VR_3487,B.C.,0.0,0.0,0.0,0.7,0.8,2019,centre35,Zone255,Neighbourhood816,Dwelling1
VR_3488,B.C.,0.0,0.0,0.0,0.0,0.0,2019,centre35,Zone255,Neighbourhood816,Dwelling2
VR_3489,B.C.,0.0,0.0,0.0,0.0,0.0,2019,centre35,Zone256,Neighbourhood817,Dwelling1
VR_3490,B.C.,0.0,0.9,1.7,0.0,1.2,2019,centre35,Zone256,Neighbourhood817,Dwelling2
VR_3491,B.C.,0.0,0.0,0.0,0.0,0.0,2019,centre35,Zone256,Neighbourhood818,Dwelling1
VR_3492,B.C.,0.0,1.0,0.0,0.0,0.6,2019,centre35,Zone256,Neighbourhood818,Dwelling2
VR_3493,B.C.,0.0,0.0,0.0,0.0,0.0,2019,centre35,Zone256,Neighbourhood819,Dwelling1
VR_3494,B.C.,0.0,1.3,1.5,0.0,1.5,2019,centre35,Zone256,Neighbourhood819,Dwelling2
VR_3495,B.C.,0.0,0.0,0.0,0.0,0.0,2019,centre35,Zone257,Neighbourhood820,Dwelling1
VR_3496,B.C.,0.0,2.3,0.9,0.0,1.4,2019,centre35,Zone257,Neighbourhood820,Dwelling2
VR_3497,B.C.,0.0,0.0,0.0,0.0,0.0,2019,centre35,Zone257,Neighbourhood821,Dwelling1
VR_3498,B.C.,4.5,1.1,0.0,0.0,0.6,2019,centre35,Zone257,Neighbourhood821,Dwelling2
VR_3499,B.C.,0.0,0.0,0.0,0.0,0.0,2019,centre35,Zone257,Neighbourhood822,Dwelling1
VR_3500,B.C.,0.0,0.3,0.0,0.0,0.1,2019,centre35,Zone257,Neighbourhood822,Dwelling2
VR_3501,B.C.,0.0,0.0,0.0,0.0,0.0,2019,centre35,Zone257,Neighbourhood823,Dwelling1
VR_3502,B.C.,0.0,0.0,0.0,0.0,0.0,2019,centre35,Zone257,Neighbourhood823,Dwelling2
VR_3503,B.C.,0.0,0.0,0.0,0.0,0.0,2019,centre35,Zone257,Neighbourhood824,Dwelling1
VR_3504,B.C.,0.0,0.0,1.3,0.0,0.8,2019,centre35,Zone257,Neighbourhood824,Dwelling2
VR_3505,B.C.,0.0,0.0,0.0,0.0,0.0,2019,centre35,Zone257,Neighbourhood825,Dwelling1
VR_3506,B.C.,0.0,0.0,0.0,0.0,0.0,2019,centre35,Zone257,Neighbourhood825,Dwelling2
VR_3507,B.C.,0.0,0.0,0.0,0.0,0.0,2019,centre35,Zone258,Neighbourhood826,Dwelling1
VR_3508,B.C.,3.5,2.2,0.3,0.0,1.7,2019,centre35,Zone258,Neighbourhood826,Dwelling2
VR_3509,B.C.,0.0,0.0,0.0,0.8,0.6,2019,centre35,Zone259,Neighbourhood827,Dwelling1
VR_3510,B.C.,0.0,2.5,2.6,0.0,2.4,2019,centre35,Zone259,Neighbourhood827,Dwelling2
VR_3511,B.C.,0.0,0.0,0.0,0.0,0.0,2019,centre35,Zone259,Neighbourhood828,Dwelling1
VR_3512,B.C.,0.0,4.4,7.9,0.0,6.2,2019,centre35,Zone259,Neighbourhood828,Dwelling2
VR_3513,B.C.,0.0,0.0,0.0,0.0,0.0,2019,centre35,Zone260,Neighbourhood829,Dwelling1
VR_3514,B.C.,0.0,1.2,1.2,0.0,1.1,2019,centre35,Zone260,Neighbourhood829,Dwelling2
VR_3515,B.C.,0.0,0.0,0.0,0.0,0.0,2019,centre35,Zone260,Neighbourhood830,Dwelling1
VR_3516,B.C.,0.0,0.7,0.0,0.0,0.4,2019,centre35,Zone260,Neighbourhood830,Dwelling2
VR_3517,B.C.,0.0,0.0,0.0,0.0,0.0,2019,centre35,Zone260,Neighbourhood831,Dwelling1
VR_3518,B.C.,0.0,1.7,0.0,0.0,5.7,2019,centre35,Zone260,Neighbourhood831,Dwelling2
VR_3519,B.C.,0.0,0.0,0.0,0.0,0.0,2019,centre35,Zone260,Neighbourhood832,Dwelling1
VR_3520,B.C.,0.0,0.0,0.0,0.0,0.0,2019,centre35,Zone260,Neighbourhood832,Dwelling2
VR_3521,B.C.,0.0,0.0,0.0,0.0,0.0,2019,centre35,Zone260,Neighbourhood833,Dwelling1
VR_3522,B.C.,0.0,0.0,0.0,0.0,0.0,2019,centre35,Zone260,Neighbourhood833,Dwelling2
VR_3523,B.C.,0.0,0.0,0.0,0.0,0.0,2019,centre35,Zone261,Neighbourhood834,Dwelling1
VR_3524,B.C.,0.0,0.6,0.7,0.0,0.6,2019,centre35,Zone261,Neighbourhood834,Dwelling2
VR_3525,B.C.,0.0,0.0,0.0,0.0,0.0,2019,centre35,Zone261,Neighbourhood835,Dwelling1
VR_3526,B.C.,0.0,1.4,3.6,0.0,2.1,2019,centre35,Zone261,Neighbourhood835,Dwelling2
VR_3527,B.C.,0.0,0.0,0.0,0.0,0.0,2019,centre36,Zone262,Neighbourhood836,Dwelling1
VR_3528,B.C.,0.0,0.7,0.7,0.0,0.9,2019,centre36,Zone262,Neighbourhood836,Dwelling2
VR_3529,B.C.,0.0,0.0,0.0,0.0,0.0,2019,centre36,Zone262,Neighbourhood837,Dwelling1
VR_3530,B.C.,0.8,0.3,0.9,0.0,0.5,2019,centre36,Zone262,Neighbourhood837,Dwelling2
VR_3531,B.C.,0.0,0.0,0.0,0.0,0.0,2019,centre36,Zone263,Neighbourhood838,Dwelling1
VR_3532,B.C.,0.0,0.0,0.0,0.0,0.0,2019,centre36,Zone263,Neighbourhood838,Dwelling2
VR_3533,B.C.,0.0,0.0,0.0,0.0,0.0,2019,centre36,Zone263,Neighbourhood839,Dwelling1
VR_3534,B.C.,0.0,1.0,0.0,0.0,0.5,2019,centre36,Zone263,Neighbourhood839,Dwelling2
VR_3535,B.C.,0.0,0.0,0.0,0.0,0.0,2019,centre36,Zone263,Neighbourhood840,Dwelling1
VR_3536,B.C.,0.0,0.0,0.0,0.0,0.0,2019,centre36,Zone263,Neighbourhood840,Dwelling2
VR_3537,B.C.,0.0,0.0,0.0,0.0,0.0,2019,centre36,Zone263,Neighbourhood841,Dwelling1
VR_3538,B.C.,2.0,1.1,0.7,0.0,1.0,2019,centre36,Zone263,Neighbourhood841,Dwelling2
VR_3539,B.C.,0.0,0.0,0.0,0.0,0.0,2019,centre36,Zone263,Neighbourhood842,Dwelling1
VR_3540,B.C.,0.5,1.0,0.0,0.0,0.6,2019,centre36,Zone263,Neighbourhood842,Dwelling2
VR_3541,B.C.,0.0,0.0,0.0,0.0,0.0,2019,centre36,Zone264,Neighbourhood843,Dwelling1
VR_3542,B.C.,1.2,0.5,0.5,0.0,0.6,2019,centre36,Zone264,Neighbourhood843,Dwelling2
VR_3543,B.C.,0.0,0.0,0.0,0.0,0.0,2019,centre36,Zone264,Neighbourhood844,Dwelling1
VR_3544,B.C.,0.6,1.0,0.8,0.0,0.9,2019,centre36,Zone264,Neighbourhood844,Dwelling2
VR_3545,B.C.,0.0,0.0,0.0,0.0,0.0,2019,centre36,Zone265,Neighbourhood252,Dwelling1
VR_3546,B.C.,1.5,1.2,5.1,0.0,2.1,2019,centre36,Zone265,Neighbourhood252,Dwelling2
VR_3547,B.C.,0.0,0.0,0.0,0.0,0.0,2019,centre36,Zone265,Neighbourhood845,Dwelling1
VR_3548,B.C.,0.0,2.0,0.6,0.0,1.4,2019,centre36,Zone265,Neighbourhood845,Dwelling2
VR_3549,B.C.,0.0,0.0,0.0,0.0,0.0,2019,centre36,Zone265,Neighbourhood846,Dwelling1
VR_3550,B.C.,0.0,1.5,0.7,0.0,1.2,2019,centre36,Zone265,Neighbourhood846,Dwelling2
VR_3551,B.C.,0.0,0.0,0.0,0.0,0.0,2019,centre36,Zone265,Neighbourhood847,Dwelling1
VR_3552,B.C.,2.1,2.0,1.3,0.0,1.7,2019,centre36,Zone265,Neighbourhood847,Dwelling2
VR_3553,B.C.,0.0,0.0,0.0,0.0,0.0,2019,centre36,Zone265,Neighbourhood848,Dwelling1
VR_3554,B.C.,1.3,0.2,0.9,0.0,0.5,2019,centre36,Zone265,Neighbourhood848,Dwelling2
VR_3555,B.C.,0.0,0.0,0.0,0.0,0.0,2019,centre36,Zone266,Neighbourhood849,Dwelling1
VR_3556,B.C.,3.2,0.7,0.4,0.0,0.6,2019,centre36,Zone266,Neighbourhood849,Dwelling2
VR_3557,B.C.,0.0,0.0,0.0,0.0,0.0,2019,centre36,Zone266,Neighbourhood850,Dwelling1
VR_3558,B.C.,0.5,1.1,1.6,0.0,1.2,2019,centre36,Zone266,Neighbourhood850,Dwelling2
VR_3559,B.C.,0.0,0.0,0.0,0.0,0.0,2019,centre36,Zone266,Neighbourhood851,Dwelling1
VR_3560,B.C.,0.0,0.0,0.0,0.0,0.0,2019,centre36,Zone266,Neighbourhood851,Dwelling2
VR_3561,B.C.,0.0,0.0,0.0,0.0,0.0,2019,centre36,Zone266,Neighbourhood852,Dwelling1
VR_3562,B.C.,0.0,0.0,0.0,0.0,0.0,2019,centre36,Zone266,Neighbourhood852,Dwelling2
VR_3563,B.C.,0.0,0.0,4.5,0.0,3.3,2019,centre36,Zone267,Neighbourhood853,Dwelling1
VR_3564,B.C.,0.0,1.1,1.1,0.0,1.1,2019,centre36,Zone267,Neighbourhood853,Dwelling2
VR_3565,B.C.,0.0,0.0,0.0,0.0,0.0,2019,centre36,Zone268,Neighbourhood854,Dwelling1
VR_3566,B.C.,0.0,0.0,1.1,0.0,1.0,2019,centre36,Zone268,Neighbourhood854,Dwelling2
VR_3567,B.C.,0.0,0.0,0.0,0.0,0.0,2019,centre36,Zone268,Neighbourhood855,Dwelling1
VR_3568,B.C.,0.0,0.6,2.1,3.2,1.5,2019,centre36,Zone268,Neighbourhood855,Dwelling2
VR_3569,B.C.,0.0,0.0,0.0,0.0,0.0,2019,centre36,Zone268,Neighbourhood856,Dwelling1
VR_3570,B.C.,0.0,0.0,0.0,0.0,0.0,2019,centre36,Zone268,Neighbourhood856,Dwelling2
VR_3571,B.C.,0.0,0.0,0.0,0.0,0.0,2019,centre36,Zone268,Neighbourhood857,Dwelling1
VR_3572,B.C.,0.0,0.0,0.0,0.0,0.0,2019,centre36,Zone268,Neighbourhood857,Dwelling2
VR_3573,B.C.,0.0,0.0,0.0,0.0,0.0,2019,centre36,Zone269,Neighbourhood858,Dwelling1
VR_3574,B.C.,0.0,0.0,0.0,0.0,0.0,2019,centre36,Zone269,Neighbourhood858,Dwelling2
VR_3575,B.C.,0.0,0.0,0.0,0.0,0.0,2019,centre36,Zone269,Neighbourhood859,Dwelling1
VR_3576,B.C.,0.0,0.3,0.4,0.0,0.3,2019,centre36,Zone269,Neighbourhood859,Dwelling2
VR_3577,B.C.,0.0,0.0,0.0,0.0,0.0,2019,centre36,Zone270,Neighbourhood860,Dwelling1
VR_3578,B.C.,0.0,0.0,0.0,0.0,0.0,2019,centre36,Zone270,Neighbourhood860,Dwelling2
VR_3579,B.C.,0.0,0.0,0.0,0.0,0.0,2019,centre36,Zone271,Neighbourhood861,Dwelling1
VR_3580,B.C.,0.0,0.0,0.0,0.0,0.0,2019,centre36,Zone271,Neighbourhood861,Dwelling2
VR_3581,Nfld.Lab.,0.0,0.0,0.0,0.0,0.0,2020,centre1,Zone1,Neighbourhood1,Dwelling1
VR_3582,Nfld.Lab.,0.0,5.2,8.3,0.0,7.1,2020,centre1,Zone1,Neighbourhood1,Dwelling2
VR_3583,Nfld.Lab.,0.0,0.0,4.8,0.0,1.4,2020,centre1,Zone2,Neighbourhood2,Dwelling1
VR_3584,Nfld.Lab.,7.5,6.5,8.1,0.0,7.5,2020,centre1,Zone2,Neighbourhood2,Dwelling2
VR_3585,Nfld.Lab.,0.0,0.0,1.5,0.0,1.4,2020,centre1,Zone3,Neighbourhood3,Dwelling1
VR_3586,Nfld.Lab.,0.0,12.5,4.9,11.2,9.4,2020,centre1,Zone3,Neighbourhood3,Dwelling2
VR_3587,N.S.,0.0,0.0,0.0,0.0,0.0,2020,centre2,Zone4,Neighbourhood4,Dwelling1
VR_3588,N.S.,1.4,3.1,5.7,0.0,4.2,2020,centre2,Zone4,Neighbourhood4,Dwelling2
VR_3589,N.S.,0.0,0.0,0.0,0.0,0.0,2020,centre2,Zone4,Neighbourhood5,Dwelling1
VR_3590,N.S.,2.3,3.0,4.9,0.0,3.4,2020,centre2,Zone4,Neighbourhood5,Dwelling2
VR_3591,N.S.,0.0,0.0,0.0,0.0,0.0,2020,centre2,Zone4,Neighbourhood6,Dwelling1
VR_3592,N.S.,0.0,0.0,0.0,0.0,3.9,2020,centre2,Zone4,Neighbourhood6,Dwelling2
VR_3593,N.S.,0.0,0.0,0.0,0.0,0.0,2020,centre2,Zone5,Neighbourhood7,Dwelling1
VR_3594,N.S.,0.0,1.3,1.1,1.0,1.1,2020,centre2,Zone5,Neighbourhood7,Dwelling2
VR_3595,N.S.,0.0,0.0,0.0,0.0,0.0,2020,centre2,Zone5,Neighbourhood8,Dwelling1
VR_3596,N.S.,0.5,3.2,0.0,0.0,4.5,2020,centre2,Zone5,Neighbourhood8,Dwelling2
VR_3597,N.S.,0.0,0.0,0.0,0.0,0.0,2020,centre2,Zone6,Neighbourhood9,Dwelling1
VR_3598,N.S.,0.0,0.0,0.9,0.0,1.0,2020,centre2,Zone6,Neighbourhood9,Dwelling2
VR_3599,N.S.,0.0,0.0,0.0,0.0,0.0,2020,centre2,Zone6,Neighbourhood10,Dwelling1
VR_3600,N.S.,0.0,2.6,1.5,0.0,1.8,2020,centre2,Zone6,Neighbourhood10,Dwelling2
VR_3601,N.S.,0.0,0.0,0.0,0.0,0.0,2020,centre2,Zone7,Neighbourhood11,Dwelling1
VR_3602,N.S.,0.0,1.4,0.0,0.0,4.4,2020,centre2,Zone7,Neighbourhood11,Dwelling2
VR_3603,N.S.,0.0,0.0,0.0,0.0,0.0,2020,centre2,Zone7,Neighbourhood12,Dwelling1
VR_3604,N.S.,0.0,1.5,0.6,0.0,0.9,2020,centre2,Zone7,Neighbourhood12,Dwelling2
VR_3605,N.S.,0.0,0.0,0.0,0.8,2.9,2020,centre2,Zone7,Neighbourhood13,Dwelling1
VR_3606,N.S.,0.0,1.1,1.1,0.9,1.0,2020,centre2,Zone7,Neighbourhood13,Dwelling2
VR_3607,N.S.,0.0,0.0,0.0,0.0,0.0,2020,centre2,Zone7,Neighbourhood14,Dwelling1
VR_3608,N.S.,0.0,0.3,0.6,0.0,0.5,2020,centre2,Zone7,Neighbourhood14,Dwelling2
VR_3609,N.S.,0.0,0.0,0.0,0.0,0.0,2020,centre2,Zone8,Neighbourhood15,Dwelling1
VR_3610,N.S.,0.0,0.7,0.3,0.0,0.9,2020,centre2,Zone8,Neighbourhood15,Dwelling2
VR_3611,N.S.,0.0,0.0,0.0,0.0,0.0,2020,centre2,Zone8,Neighbourhood16,Dwelling1
VR_3612,N.S.,0.0,0.8,0.0,0.0,0.8,2020,centre2,Zone8,Neighbourhood16,Dwelling2
VR_3613,N.S.,0.0,0.0,0.0,0.0,0.0,2020,centre2,Zone8,Neighbourhood17,Dwelling1
VR_3614,N.S.,0.0,1.1,1.9,0.0,1.5,2020,centre2,Zone8,Neighbourhood17,Dwelling2
VR_3615,N.S.,0.0,0.0,0.0,0.0,0.0,2020,centre2,Zone9,Neighbourhood18,Dwelling1
VR_3616,N.S.,0.0,1.4,1.2,2.3,1.6,2020,centre2,Zone9,Neighbourhood18,Dwelling2
VR_3617,N.S.,0.0,0.0,0.0,0.0,0.0,2020,centre2,Zone9,Neighbourhood19,Dwelling1
VR_3618,N.S.,0.0,4.0,1.4,0.0,2.2,2020,centre2,Zone9,Neighbourhood19,Dwelling2
VR_3619,N.S.,0.0,0.0,0.0,0.0,0.0,2020,centre2,Zone10,Neighbourhood20,Dwelling1
VR_3620,N.S.,0.0,2.2,0.3,0.0,0.7,2020,centre2,Zone10,Neighbourhood20,Dwelling2
VR_3621,N.S.,0.0,0.0,0.0,0.0,0.0,2020,centre2,Zone10,Neighbourhood21,Dwelling1
VR_3622,N.S.,0.0,1.8,1.5,0.0,1.3,2020,centre2,Zone10,Neighbourhood21,Dwelling2
VR_3623,N.S.,0.0,0.0,0.0,0.0,0.0,2020,centre2,Zone10,Neighbourhood22,Dwelling1
VR_3624,N.S.,0.0,0.0,0.0,0.0,0.0,2020,centre2,Zone10,Neighbourhood22,Dwelling2
VR_3625,N.S.,0.0,0.0,0.0,0.0,0.0,2020,centre2,Zone11,Neighbourhood23,Dwelling1
VR_3626,N.S.,0.0,2.9,1.8,0.0,1.8,2020,centre2,Zone11,Neighbourhood23,Dwelling2
VR_3627,N.S.,0.0,0.0,0.0,0.0,0.0,2020,centre2,Zone12,Neighbourhood24,Dwelling1
VR_3628,N.S.,0.0,0.7,0.3,1.4,0.5,2020,centre2,Zone12,Neighbourhood24,Dwelling2
VR_3629,N.S.,0.0,0.0,0.0,0.0,0.0,2020,centre2,Zone3,Neighbourhood25,Dwelling1
VR_3630,N.S.,0.0,0.0,0.0,0.0,0.0,2020,centre2,Zone3,Neighbourhood25,Dwelling2
VR_3631,N.S.,0.0,0.0,0.0,0.0,0.0,2020,centre2,Zone3,Neighbourhood26,Dwelling1
VR_3632,N.S.,0.0,0.0,0.5,0.0,0.4,2020,centre2,Zone3,Neighbourhood26,Dwelling2
VR_3633,N.S.,0.0,0.0,0.0,0.0,0.0,2020,centre2,Zone3,Neighbourhood27,Dwelling1
VR_3634,N.S.,0.0,0.0,0.0,0.0,0.0,2020,centre2,Zone3,Neighbourhood27,Dwelling2
VR_3635,N.S.,0.0,0.0,0.0,0.0,0.0,2020,centre2,Zone3,Neighbourhood28,Dwelling1
VR_3636,N.S.,0.0,0.0,0.0,0.0,0.8,2020,centre2,Zone3,Neighbourhood28,Dwelling2
VR_3637,N.S.,0.0,0.0,0.0,0.0,0.0,2020,centre2,Zone3,Neighbourhood29,Dwelling1
VR_3638,N.S.,0.0,0.0,0.0,0.0,0.0,2020,centre2,Zone3,Neighbourhood29,Dwelling2
VR_3639,N.B.,0.0,0.0,0.0,0.0,0.0,2020,centre3,Zone13,Neighbourhood30,Dwelling1
VR_3640,N.B.,0.0,2.7,0.0,0.0,5.3,2020,centre3,Zone13,Neighbourhood30,Dwelling2
VR_3641,N.B.,0.0,0.0,0.0,0.0,0.0,2020,centre3,Zone13,Neighbourhood31,Dwelling1
VR_3642,N.B.,0.0,3.4,0.0,0.0,2.9,2020,centre3,Zone13,Neighbourhood31,Dwelling2
VR_3643,N.B.,0.0,0.0,0.0,0.0,0.0,2020,centre3,Zone14,Neighbourhood32,Dwelling1
VR_3644,N.B.,4.2,0.8,5.1,0.0,3.4,2020,centre3,Zone14,Neighbourhood32,Dwelling2
VR_3645,N.B.,0.0,0.0,0.0,0.0,0.0,2020,centre3,Zone15,Neighbourhood33,Dwelling1
VR_3646,N.B.,0.0,0.0,0.0,0.0,0.0,2020,centre3,Zone15,Neighbourhood33,Dwelling2
VR_3647,N.B.,0.0,0.0,0.0,0.0,0.0,2020,centre3,Zone15,Neighbourhood34,Dwelling1
VR_3648,N.B.,0.0,0.0,0.3,0.0,0.2,2020,centre3,Zone15,Neighbourhood34,Dwelling2
VR_3649,N.B.,0.0,0.0,0.0,0.0,0.0,2020,centre3,Zone15,Neighbourhood35,Dwelling1
VR_3650,N.B.,18.8,3.1,1.5,0.0,2.0,2020,centre3,Zone15,Neighbourhood35,Dwelling2
VR_3651,N.B.,0.0,0.0,0.0,0.0,0.0,2020,centre3,Zone15,Neighbourhood36,Dwelling1
VR_3652,N.B.,0.0,0.0,0.0,0.0,0.0,2020,centre3,Zone15,Neighbourhood36,Dwelling2
VR_3653,N.B.,0.0,0.0,0.0,0.0,0.0,2020,centre3,Zone16,Neighbourhood37,Dwelling1
VR_3654,N.B.,1.9,1.4,1.6,0.0,1.6,2020,centre3,Zone16,Neighbourhood37,Dwelling2
VR_3655,N.B.,0.0,0.0,0.0,0.0,0.0,2020,centre3,Zone16,Neighbourhood38,Dwelling1
VR_3656,N.B.,0.0,0.0,0.0,0.0,0.0,2020,centre3,Zone16,Neighbourhood38,Dwelling2
VR_3657,N.B.,0.0,0.0,0.0,0.0,0.0,2020,centre3,Zone17,Neighbourhood39,Dwelling1
VR_3658,N.B.,0.0,2.1,1.9,0.0,2.1,2020,centre3,Zone17,Neighbourhood39,Dwelling2
VR_3659,N.B.,0.0,0.0,0.0,0.0,0.0,2020,centre3,Zone18,Neighbourhood40,Dwelling1
VR_3660,N.B.,0.0,4.0,4.2,0.0,4.3,2020,centre3,Zone18,Neighbourhood40,Dwelling2
VR_3661,N.B.,0.0,0.0,5.6,0.0,3.3,2020,centre3,Zone18,Neighbourhood41,Dwelling1
VR_3662,N.B.,0.0,0.0,0.0,0.0,0.0,2020,centre3,Zone18,Neighbourhood41,Dwelling2
VR_3663,N.B.,0.0,0.0,0.0,0.0,0.0,2020,centre3,Zone18,Neighbourhood42,Dwelling1
VR_3664,N.B.,0.0,0.0,3.3,0.0,3.3,2020,centre3,Zone18,Neighbourhood42,Dwelling2
VR_3665,N.B.,0.0,0.0,0.0,0.0,0.0,2020,centre3,Zone3,Neighbourhood43,Dwelling1
VR_3666,N.B.,0.0,0.0,0.0,0.0,0.0,2020,centre3,Zone3,Neighbourhood43,Dwelling2
VR_3667,N.B.,0.0,0.0,0.0,0.0,0.0,2020,centre3,Zone3,Neighbourhood44,Dwelling1
VR_3668,N.B.,0.0,0.0,0.0,0.0,0.0,2020,centre3,Zone3,Neighbourhood44,Dwelling2
VR_3669,N.B.,0.0,0.0,0.0,0.0,0.0,2020,centre4,Zone19,Neighbourhood5,Dwelling1
VR_3670,N.B.,2.5,0.0,0.0,0.0,0.0,2020,centre4,Zone19,Neighbourhood5,Dwelling2
VR_3671,N.B.,0.0,0.0,0.0,0.0,0.0,2020,centre4,Zone19,Neighbourhood45,Dwelling1
VR_3672,N.B.,0.0,0.0,1.5,0.0,2.3,2020,centre4,Zone19,Neighbourhood45,Dwelling2
VR_3673,N.B.,0.0,0.0,0.0,0.0,0.0,2020,centre4,Zone20,Neighbourhood46,Dwelling1
VR_3674,N.B.,0.0,0.0,0.5,0.0,1.2,2020,centre4,Zone20,Neighbourhood46,Dwelling2
VR_3675,N.B.,0.0,0.0,0.0,0.0,0.0,2020,centre4,Zone21,Neighbourhood47,Dwelling1
VR_3676,N.B.,0.0,0.0,0.0,0.0,0.0,2020,centre4,Zone21,Neighbourhood47,Dwelling2
VR_3677,N.B.,0.0,0.0,0.0,0.0,0.0,2020,centre4,Zone21,Neighbourhood8,Dwelling1
VR_3678,N.B.,0.0,1.0,4.0,0.0,3.8,2020,centre4,Zone21,Neighbourhood8,Dwelling2
VR_3679,N.B.,0.0,0.0,0.0,0.0,0.0,2020,centre4,Zone21,Neighbourhood48,Dwelling1
VR_3680,N.B.,0.0,1.3,0.0,0.0,2.1,2020,centre4,Zone21,Neighbourhood48,Dwelling2
VR_3681,N.B.,0.0,0.0,0.0,0.0,0.0,2020,centre4,Zone22,Neighbourhood49,Dwelling1
VR_3682,N.B.,0.0,5.9,1.8,5.3,3.9,2020,centre4,Zone22,Neighbourhood49,Dwelling2
VR_3683,N.B.,0.0,0.0,0.0,0.0,0.0,2020,centre4,Zone23,Neighbourhood50,Dwelling1
VR_3684,N.B.,0.0,0.0,3.8,0.0,4.8,2020,centre4,Zone23,Neighbourhood50,Dwelling2
VR_3685,N.B.,0.0,0.0,0.0,0.0,0.0,2020,centre4,Zone23,Neighbourhood51,Dwelling1
VR_3686,N.B.,0.0,0.0,0.0,0.0,0.0,2020,centre4,Zone23,Neighbourhood51,Dwelling2
VR_3687,N.B.,0.0,0.0,0.0,0.0,0.0,2020,centre4,Zone23,Neighbourhood52,Dwelling1
VR_3688,N.B.,0.0,0.0,0.0,0.0,0.0,2020,centre4,Zone23,Neighbourhood52,Dwelling2
VR_3689,N.B.,0.0,0.0,0.0,0.0,0.0,2020,centre4,Zone23,Neighbourhood53,Dwelling1
VR_3690,N.B.,0.0,0.0,0.0,0.0,0.0,2020,centre4,Zone23,Neighbourhood53,Dwelling2
VR_3691,Que,0.0,0.0,0.0,0.0,0.0,2020,centre5,Zone24,Neighbourhood54,Dwelling1
VR_3692,Que,0.0,0.0,0.0,0.0,0.0,2020,centre5,Zone24,Neighbourhood54,Dwelling2
VR_3693,Que,0.0,0.0,0.0,0.0,0.0,2020,centre5,Zone24,Neighbourhood55,Dwelling1
VR_3694,Que,0.0,0.0,0.0,0.0,0.5,2020,centre5,Zone24,Neighbourhood55,Dwelling2
VR_3695,Que,0.0,0.0,0.0,0.0,0.0,2020,centre5,Zone25,Neighbourhood56,Dwelling1
VR_3696,Que,0.0,4.4,0.0,0.0,4.8,2020,centre5,Zone25,Neighbourhood56,Dwelling2
VR_3697,Que,0.0,0.0,0.0,0.0,0.0,2020,centre5,Zone25,Neighbourhood57,Dwelling1
VR_3698,Que,0.0,0.7,0.0,0.3,0.7,2020,centre5,Zone25,Neighbourhood57,Dwelling2
VR_3699,Que,0.0,0.0,0.0,0.0,0.0,2020,centre5,Zone26,Neighbourhood58,Dwelling1
VR_3700,Que,0.0,0.0,0.4,0.0,0.0,2020,centre5,Zone26,Neighbourhood58,Dwelling2
VR_3701,Que,0.0,0.0,0.0,0.0,0.0,2020,centre5,Zone26,Neighbourhood59,Dwelling1
VR_3702,Que,0.0,5.7,0.0,0.0,4.6,2020,centre5,Zone26,Neighbourhood59,Dwelling2
VR_3703,Que,0.0,0.0,0.0,0.0,0.0,2020,centre5,Zone26,Neighbourhood60,Dwelling1
VR_3704,Que,0.0,0.0,0.0,0.0,0.0,2020,centre5,Zone26,Neighbourhood60,Dwelling2
VR_3705,Que,0.0,0.0,0.0,0.0,0.0,2020,centre5,Zone27,Neighbourhood61,Dwelling1
VR_3706,Que,0.0,0.4,0.0,2.3,1.7,2020,centre5,Zone27,Neighbourhood61,Dwelling2
VR_3707,Que,0.0,0.0,0.0,0.0,0.0,2020,centre6,Zone28,Neighbourhood62,Dwelling1
VR_3708,Que,12.3,10.4,15.4,0.0,12.3,2020,centre6,Zone28,Neighbourhood62,Dwelling2
VR_3709,Que,0.0,0.0,0.0,0.0,0.0,2020,centre6,Zone28,Neighbourhood63,Dwelling1
VR_3710,Que,0.6,1.2,0.1,0.0,0.6,2020,centre6,Zone28,Neighbourhood63,Dwelling2
VR_3711,Que,0.0,0.0,0.0,0.0,0.0,2020,centre6,Zone29,Neighbourhood64,Dwelling1
VR_3712,Que,0.0,0.8,0.0,0.0,0.0,2020,centre6,Zone29,Neighbourhood64,Dwelling2
VR_3713,Que,0.0,0.0,0.0,0.0,0.0,2020,centre6,Zone29,Neighbourhood65,Dwelling1
VR_3714,Que,0.6,3.8,2.5,0.0,2.6,2020,centre6,Zone29,Neighbourhood65,Dwelling2
VR_3715,Que,0.0,0.0,0.0,0.0,0.0,2020,centre6,Zone30,Neighbourhood66,Dwelling1
VR_3716,Que,0.0,1.2,0.0,0.0,0.0,2020,centre6,Zone30,Neighbourhood66,Dwelling2
VR_3717,Que,0.0,0.0,0.0,0.0,0.0,2020,centre6,Zone31,Neighbourhood67,Dwelling1
VR_3718,Que,5.3,3.9,3.4,3.0,3.6,2020,centre6,Zone31,Neighbourhood67,Dwelling2
VR_3719,Que,0.0,0.0,0.0,0.0,0.0,2020,centre6,Zone31,Neighbourhood68,Dwelling1
VR_3720,Que,2.0,3.6,2.6,0.0,2.7,2020,centre6,Zone31,Neighbourhood68,Dwelling2
VR_3721,Que,0.0,0.0,0.0,0.0,0.0,2020,centre6,Zone31,Neighbourhood69,Dwelling1
VR_3722,Que,0.0,0.0,0.0,0.0,5.1,2020,centre6,Zone31,Neighbourhood69,Dwelling2
VR_3723,Que,0.0,0.0,0.0,0.0,0.0,2020,centre6,Zone31,Neighbourhood70,Dwelling1
VR_3724,Que,0.0,3.2,4.7,0.0,4.1,2020,centre6,Zone31,Neighbourhood70,Dwelling2
VR_3725,Que,0.0,0.0,0.0,0.0,0.0,2020,centre6,Zone32,Neighbourhood71,Dwelling1
VR_3726,Que,5.0,3.6,4.8,0.0,5.0,2020,centre6,Zone32,Neighbourhood71,Dwelling2
VR_3727,Que,0.0,0.0,0.0,0.0,0.0,2020,centre6,Zone32,Neighbourhood72,Dwelling1
VR_3728,Que,0.0,1.8,2.0,0.0,1.9,2020,centre6,Zone32,Neighbourhood72,Dwelling2
VR_3729,Que,0.0,0.0,0.0,0.0,0.0,2020,centre6,Zone32,Neighbourhood73,Dwelling1
VR_3730,Que,0.0,4.7,4.2,0.0,4.3,2020,centre6,Zone32,Neighbourhood73,Dwelling2
VR_3731,Que,0.0,0.0,0.0,0.0,0.0,2020,centre6,Zone33,Neighbourhood74,Dwelling1
VR_3732,Que,6.6,3.8,1.4,0.0,4.3,2020,centre6,Zone33,Neighbourhood74,Dwelling2
VR_3733,Que,0.0,0.0,0.0,0.0,0.0,2020,centre6,Zone34,Neighbourhood75,Dwelling1
VR_3734,Que,4.5,0.0,0.0,0.0,0.0,2020,centre6,Zone34,Neighbourhood75,Dwelling2
VR_3735,Que,0.0,0.0,0.0,0.0,0.0,2020,centre6,Zone34,Neighbourhood76,Dwelling1
VR_3736,Que,0.0,1.9,0.0,0.1,1.4,2020,centre6,Zone34,Neighbourhood76,Dwelling2
VR_3737,Que,0.0,0.0,0.0,0.0,0.0,2020,centre6,Zone34,Neighbourhood77,Dwelling1
VR_3738,Que,2.2,0.1,0.0,0.0,0.6,2020,centre6,Zone34,Neighbourhood77,Dwelling2
VR_3739,Que,0.0,0.0,0.0,0.0,0.0,2020,centre6,Zone35,Neighbourhood78,Dwelling1
VR_3740,Que,0.0,0.0,0.0,0.0,0.0,2020,centre6,Zone35,Neighbourhood78,Dwelling2
VR_3741,Que,0.0,0.0,0.0,0.0,0.0,2020,centre6,Zone35,Neighbourhood79,Dwelling1
VR_3742,Que,0.0,0.0,0.0,0.0,2.6,2020,centre6,Zone35,Neighbourhood79,Dwelling2
VR_3743,Que,0.0,0.0,0.0,0.0,0.0,2020,centre6,Zone36,Neighbourhood80,Dwelling1
VR_3744,Que,2.5,0.0,0.0,0.0,3.3,2020,centre6,Zone36,Neighbourhood80,Dwelling2
VR_3745,Que,0.0,0.0,0.0,0.0,0.0,2020,centre6,Zone37,Neighbourhood81,Dwelling1
VR_3746,Que,0.0,0.7,0.0,0.0,0.0,2020,centre6,Zone37,Neighbourhood81,Dwelling2
VR_3747,Que,0.0,0.0,0.0,0.0,0.0,2020,centre6,Zone37,Neighbourhood82,Dwelling1
VR_3748,Que,0.5,1.2,0.9,0.1,0.8,2020,centre6,Zone37,Neighbourhood82,Dwelling2
VR_3749,Que,0.0,0.0,0.0,0.0,0.0,2020,centre6,Zone38,Neighbourhood83,Dwelling1
VR_3750,Que,1.4,1.0,0.4,0.1,0.6,2020,centre6,Zone38,Neighbourhood83,Dwelling2
VR_3751,Que,0.0,0.0,0.0,0.0,0.0,2020,centre6,Zone39,Neighbourhood84,Dwelling1
VR_3752,Que,1.6,1.0,0.0,0.0,1.0,2020,centre6,Zone39,Neighbourhood84,Dwelling2
VR_3753,Que,0.0,0.0,0.0,0.0,0.0,2020,centre6,Zone39,Neighbourhood85,Dwelling1
VR_3754,Que,0.0,2.6,1.3,0.0,1.9,2020,centre6,Zone39,Neighbourhood85,Dwelling2
VR_3755,Que,0.0,0.0,0.0,0.0,0.0,2020,centre6,Zone40,Neighbourhood86,Dwelling1
VR_3756,Que,1.7,4.5,2.6,0.0,4.7,2020,centre6,Zone40,Neighbourhood86,Dwelling2
VR_3757,Que,0.0,0.0,0.0,0.0,0.0,2020,centre6,Zone41,Neighbourhood87,Dwelling1
VR_3758,Que,0.0,2.9,2.4,0.0,2.8,2020,centre6,Zone41,Neighbourhood87,Dwelling2
VR_3759,Que,0.0,0.0,0.0,0.0,0.0,2020,centre6,Zone41,Neighbourhood88,Dwelling1
VR_3760,Que,2.7,3.2,2.3,0.8,2.6,2020,centre6,Zone41,Neighbourhood88,Dwelling2
VR_3761,Que,0.0,0.0,0.0,0.0,0.0,2020,centre6,Zone42,Neighbourhood89,Dwelling1
VR_3762,Que,0.0,1.4,2.7,3.1,2.2,2020,centre6,Zone42,Neighbourhood89,Dwelling2
VR_3763,Que,0.0,0.0,0.0,0.0,0.0,2020,centre6,Zone42,Neighbourhood90,Dwelling1
VR_3764,Que,0.0,0.0,0.0,0.0,0.7,2020,centre6,Zone42,Neighbourhood90,Dwelling2
VR_3765,Que,0.0,0.0,0.0,0.0,0.0,2020,centre6,Zone42,Neighbourhood91,Dwelling1
VR_3766,Que,5.9,4.5,0.0,0.0,2.8,2020,centre6,Zone42,Neighbourhood91,Dwelling2
VR_3767,Que,0.0,0.0,6.9,3.4,4.5,2020,centre6,Zone43,Neighbourhood92,Dwelling1
VR_3768,Que,2.8,2.7,1.3,0.7,2.0,2020,centre6,Zone43,Neighbourhood92,Dwelling2
VR_3769,Que,0.0,0.0,0.0,0.0,0.0,2020,centre6,Zone43,Neighbourhood93,Dwelling1
VR_3770,Que,0.0,1.3,3.2,0.7,2.3,2020,centre6,Zone43,Neighbourhood93,Dwelling2
VR_3771,Que,0.0,0.0,0.0,0.0,0.0,2020,centre6,Zone43,Neighbourhood94,Dwelling1
VR_3772,Que,0.0,0.0,0.3,0.0,0.8,2020,centre6,Zone43,Neighbourhood94,Dwelling2
VR_3773,Que,0.0,0.0,0.0,0.0,0.0,2020,centre6,Zone44,Neighbourhood95,Dwelling1
VR_3774,Que,0.0,0.0,0.8,0.2,0.0,2020,centre6,Zone44,Neighbourhood95,Dwelling2
VR_3775,Que,0.0,0.0,0.0,0.0,0.0,2020,centre6,Zone45,Neighbourhood96,Dwelling1
VR_3776,Que,0.0,0.0,0.0,0.0,0.0,2020,centre6,Zone45,Neighbourhood96,Dwelling2
VR_3777,Que,0.0,0.0,0.0,0.0,0.0,2020,centre6,Zone45,Neighbourhood97,Dwelling1
VR_3778,Que,0.0,2.0,1.7,0.0,2.6,2020,centre6,Zone45,Neighbourhood97,Dwelling2
VR_3779,Que,0.0,0.0,0.0,0.0,0.0,2020,centre6,Zone45,Neighbourhood98,Dwelling1
VR_3780,Que,0.0,0.0,0.6,0.0,0.0,2020,centre6,Zone45,Neighbourhood98,Dwelling2
VR_3781,Que,0.0,0.0,0.0,0.0,0.0,2020,centre6,Zone46,Neighbourhood99,Dwelling1
VR_3782,Que,0.0,0.0,0.7,0.0,0.7,2020,centre6,Zone46,Neighbourhood99,Dwelling2
VR_3783,Que,0.0,0.0,0.0,0.0,0.0,2020,centre6,Zone46,Neighbourhood100,Dwelling1
VR_3784,Que,3.6,3.1,2.7,1.3,2.7,2020,centre6,Zone46,Neighbourhood100,Dwelling2
VR_3785,Que,0.0,0.0,0.0,0.0,0.0,2020,centre6,Zone47,Neighbourhood101,Dwelling1
VR_3786,Que,0.0,0.0,0.5,0.0,0.0,2020,centre6,Zone47,Neighbourhood101,Dwelling2
VR_3787,Que,0.0,0.0,0.0,0.0,0.0,2020,centre6,Zone48,Neighbourhood102,Dwelling1
VR_3788,Que,4.7,5.2,0.7,0.4,1.7,2020,centre6,Zone48,Neighbourhood102,Dwelling2
VR_3789,Que,0.0,0.0,0.0,0.0,0.0,2020,centre6,Zone49,Neighbourhood103,Dwelling1
VR_3790,Que,0.0,0.0,0.0,0.0,0.0,2020,centre6,Zone49,Neighbourhood103,Dwelling2
VR_3791,Que,0.0,0.0,0.0,0.0,0.0,2020,centre6,Zone49,Neighbourhood104,Dwelling1
VR_3792,Que,1.5,5.2,2.5,0.0,3.0,2020,centre6,Zone49,Neighbourhood104,Dwelling2
VR_3793,Que,0.0,0.0,0.0,0.0,0.0,2020,centre6,Zone49,Neighbourhood105,Dwelling1
VR_3794,Que,0.0,0.0,0.0,0.0,0.0,2020,centre6,Zone49,Neighbourhood105,Dwelling2
VR_3795,Que,0.0,0.0,0.0,0.0,0.0,2020,centre6,Zone50,Neighbourhood106,Dwelling1
VR_3796,Que,0.0,2.9,0.8,0.0,1.2,2020,centre6,Zone50,Neighbourhood106,Dwelling2
VR_3797,Que,0.0,0.0,0.0,0.0,0.0,2020,centre6,Zone50,Neighbourhood107,Dwelling1
VR_3798,Que,0.0,0.0,0.5,0.0,0.0,2020,centre6,Zone50,Neighbourhood107,Dwelling2
VR_3799,Que,0.0,0.0,0.0,0.0,0.0,2020,centre6,Zone51,Neighbourhood108,Dwelling1
VR_3800,Que,0.0,0.0,0.0,0.0,0.6,2020,centre6,Zone51,Neighbourhood108,Dwelling2
VR_3801,Que,0.0,0.0,0.0,0.0,0.0,2020,centre6,Zone51,Neighbourhood109,Dwelling1
VR_3802,Que,0.0,0.0,0.0,0.0,0.0,2020,centre6,Zone51,Neighbourhood109,Dwelling2
VR_3803,Que,0.0,0.0,0.0,0.0,0.0,2020,centre6,Zone51,Neighbourhood110,Dwelling1
VR_3804,Que,0.0,0.0,0.0,0.0,0.0,2020,centre6,Zone51,Neighbourhood110,Dwelling2
VR_3805,Que,0.0,0.0,0.0,0.0,0.0,2020,centre6,Zone52,Neighbourhood111,Dwelling1
VR_3806,Que,0.0,0.0,0.0,0.0,0.0,2020,centre6,Zone52,Neighbourhood111,Dwelling2
VR_3807,Que,0.0,0.0,0.0,0.0,0.0,2020,centre6,Zone52,Neighbourhood112,Dwelling1
VR_3808,Que,0.0,0.0,0.0,0.0,0.0,2020,centre6,Zone52,Neighbourhood112,Dwelling2
VR_3809,Que,0.0,0.0,0.0,0.0,0.0,2020,centre6,Zone52,Neighbourhood113,Dwelling1
VR_3810,Que,0.0,0.0,0.5,0.0,0.3,2020,centre6,Zone52,Neighbourhood113,Dwelling2
VR_3811,Que,0.0,0.0,0.0,0.0,0.0,2020,centre6,Zone52,Neighbourhood114,Dwelling1
VR_3812,Que,0.0,0.0,0.0,0.0,0.0,2020,centre6,Zone52,Neighbourhood114,Dwelling2
VR_3813,Que,0.0,0.0,0.0,0.0,0.0,2020,centre6,Zone52,Neighbourhood115,Dwelling1
VR_3814,Que,0.0,0.3,0.6,0.4,0.5,2020,centre6,Zone52,Neighbourhood115,Dwelling2
VR_3815,Que,0.0,0.0,0.0,0.0,0.0,2020,centre6,Zone53,Neighbourhood116,Dwelling1
VR_3816,Que,0.0,4.4,0.0,0.7,1.9,2020,centre6,Zone53,Neighbourhood116,Dwelling2
VR_3817,Que,0.0,0.0,0.0,0.0,0.0,2020,centre6,Zone53,Neighbourhood117,Dwelling1
VR_3818,Que,0.0,0.2,0.2,0.1,0.2,2020,centre6,Zone53,Neighbourhood117,Dwelling2
VR_3819,Que,0.0,0.0,0.0,0.0,0.0,2020,centre6,Zone53,Neighbourhood118,Dwelling1
VR_3820,Que,0.0,0.0,0.1,0.0,0.1,2020,centre6,Zone53,Neighbourhood118,Dwelling2
VR_3821,Que,0.0,0.0,0.0,0.0,0.0,2020,centre6,Zone53,Neighbourhood119,Dwelling1
VR_3822,Que,0.0,0.0,0.0,0.0,0.0,2020,centre6,Zone53,Neighbourhood119,Dwelling2
VR_3823,Que,0.0,0.0,0.0,0.0,0.0,2020,centre6,Zone53,Neighbourhood120,Dwelling1
VR_3824,Que,0.0,0.0,0.0,0.0,0.0,2020,centre6,Zone53,Neighbourhood120,Dwelling2
VR_3825,Que,0.0,0.0,0.0,0.0,0.0,2020,centre6,Zone54,Neighbourhood121,Dwelling1
VR_3826,Que,0.0,0.3,0.8,0.2,0.6,2020,centre6,Zone54,Neighbourhood121,Dwelling2
VR_3827,Que,0.0,0.0,0.0,0.0,0.0,2020,centre6,Zone54,Neighbourhood122,Dwelling1
VR_3828,Que,0.0,0.0,0.0,0.0,0.0,2020,centre6,Zone54,Neighbourhood122,Dwelling2
VR_3829,Que,0.0,0.0,0.0,0.0,0.0,2020,centre6,Zone54,Neighbourhood123,Dwelling1
VR_3830,Que,0.0,0.0,0.7,0.0,0.4,2020,centre6,Zone54,Neighbourhood123,Dwelling2
VR_3831,Que,0.0,0.0,0.0,0.0,0.0,2020,centre6,Zone54,Neighbourhood124,Dwelling1
VR_3832,Que,0.0,0.0,0.0,0.0,0.0,2020,centre6,Zone54,Neighbourhood124,Dwelling2
VR_3833,Que,0.0,0.0,0.0,0.0,0.0,2020,centre6,Zone55,Neighbourhood125,Dwelling1
VR_3834,Que,0.0,0.0,0.0,0.0,0.0,2020,centre6,Zone55,Neighbourhood125,Dwelling2
VR_3835,Que,0.0,0.0,0.0,0.0,0.0,2020,centre6,Zone55,Neighbourhood126,Dwelling1
VR_3836,Que,0.0,0.0,1.4,0.0,0.0,2020,centre6,Zone55,Neighbourhood126,Dwelling2
VR_3837,Que,0.0,0.0,0.0,0.0,0.0,2020,centre6,Zone55,Neighbourhood127,Dwelling1
VR_3838,Que,0.0,0.0,0.0,0.0,0.0,2020,centre6,Zone55,Neighbourhood127,Dwelling2
VR_3839,Que,0.0,0.0,0.0,0.0,0.0,2020,centre6,Zone55,Neighbourhood128,Dwelling1
VR_3840,Que,0.0,0.0,0.0,0.0,0.0,2020,centre6,Zone55,Neighbourhood128,Dwelling2
VR_3841,Que,0.0,0.0,0.0,0.0,0.0,2020,centre6,Zone55,Neighbourhood129,Dwelling1
VR_3842,Que,0.0,0.0,0.0,0.0,0.0,2020,centre6,Zone55,Neighbourhood129,Dwelling2
VR_3843,Que,0.0,0.0,0.0,0.0,0.0,2020,centre6,Zone55,Neighbourhood130,Dwelling1
VR_3844,Que,0.0,0.0,0.0,0.0,0.0,2020,centre6,Zone55,Neighbourhood130,Dwelling2
VR_3845,Que,0.0,0.0,0.0,0.0,0.0,2020,centre6,Zone56,Neighbourhood131,Dwelling1
VR_3846,Que,0.0,0.0,0.0,0.0,0.2,2020,centre6,Zone56,Neighbourhood131,Dwelling2
VR_3847,Que,0.0,0.0,0.0,0.0,0.0,2020,centre6,Zone56,Neighbourhood132,Dwelling1
VR_3848,Que,0.0,0.0,0.1,0.1,0.0,2020,centre6,Zone56,Neighbourhood132,Dwelling2
VR_3849,Que,0.0,0.0,0.0,0.0,0.0,2020,centre6,Zone56,Neighbourhood133,Dwelling1
VR_3850,Que,0.0,0.0,0.3,0.0,0.0,2020,centre6,Zone56,Neighbourhood133,Dwelling2
VR_3851,Que,0.0,0.0,0.0,0.0,0.0,2020,centre6,Zone56,Neighbourhood134,Dwelling1
VR_3852,Que,0.0,0.0,0.0,0.0,0.0,2020,centre6,Zone56,Neighbourhood134,Dwelling2
VR_3853,Que,0.0,0.0,0.0,0.0,0.0,2020,centre6,Zone57,Neighbourhood135,Dwelling1
VR_3854,Que,1.3,1.4,0.0,1.0,1.4,2020,centre6,Zone57,Neighbourhood135,Dwelling2
VR_3855,Que,0.0,0.0,0.0,0.0,0.0,2020,centre6,Zone58,Neighbourhood136,Dwelling1
VR_3856,Que,2.0,2.2,2.1,0.0,2.0,2020,centre6,Zone58,Neighbourhood136,Dwelling2
VR_3857,Que,0.0,0.0,0.0,0.0,0.0,2020,centre6,Zone58,Neighbourhood137,Dwelling1
VR_3858,Que,0.0,0.0,0.0,0.0,0.0,2020,centre6,Zone58,Neighbourhood137,Dwelling2
VR_3859,Que,0.0,0.0,0.0,5.0,3.4,2020,centre6,Zone58,Neighbourhood138,Dwelling1
VR_3860,Que,0.0,0.4,0.4,0.0,0.5,2020,centre6,Zone58,Neighbourhood138,Dwelling2
VR_3861,Que,0.0,0.0,0.0,0.0,0.0,2020,centre6,Zone58,Neighbourhood139,Dwelling1
VR_3862,Que,0.0,2.2,4.0,1.0,3.0,2020,centre6,Zone58,Neighbourhood139,Dwelling2
VR_3863,Que,0.0,0.0,0.0,0.0,0.0,2020,centre6,Zone58,Neighbourhood140,Dwelling1
VR_3864,Que,0.0,0.6,1.2,0.0,1.0,2020,centre6,Zone58,Neighbourhood140,Dwelling2
VR_3865,Que,0.0,0.0,0.0,0.0,0.0,2020,centre6,Zone58,Neighbourhood141,Dwelling1
VR_3866,Que,0.0,0.0,1.3,0.0,1.1,2020,centre6,Zone58,Neighbourhood141,Dwelling2
VR_3867,Que,0.0,0.0,0.0,0.0,0.0,2020,centre6,Zone59,Neighbourhood142,Dwelling1
VR_3868,Que,0.0,0.0,0.0,0.0,0.0,2020,centre6,Zone59,Neighbourhood142,Dwelling2
VR_3869,Que,0.0,0.0,0.0,0.0,0.0,2020,centre6,Zone59,Neighbourhood143,Dwelling1
VR_3870,Que,0.0,0.0,0.3,0.0,0.2,2020,centre6,Zone59,Neighbourhood143,Dwelling2
VR_3871,Que,0.0,0.0,0.0,0.0,0.0,2020,centre6,Zone59,Neighbourhood144,Dwelling1
VR_3872,Que,0.0,0.0,0.5,0.0,0.3,2020,centre6,Zone59,Neighbourhood144,Dwelling2
VR_3873,Que,0.0,0.0,0.0,0.0,0.0,2020,centre6,Zone59,Neighbourhood145,Dwelling1
VR_3874,Que,0.0,0.0,0.0,0.0,0.0,2020,centre6,Zone59,Neighbourhood145,Dwelling2
VR_3875,Que,0.0,0.0,0.0,0.0,0.0,2020,centre6,Zone59,Neighbourhood146,Dwelling1
VR_3876,Que,0.0,0.0,0.0,0.4,0.3,2020,centre6,Zone59,Neighbourhood146,Dwelling2
VR_3877,Que,0.0,0.0,0.0,0.0,0.0,2020,centre6,Zone59,Neighbourhood147,Dwelling1
VR_3878,Que,0.0,1.1,0.8,0.7,0.9,2020,centre6,Zone59,Neighbourhood147,Dwelling2
VR_3879,Que,0.0,0.0,0.0,0.0,0.0,2020,centre6,Zone59,Neighbourhood148,Dwelling1
VR_3880,Que,0.0,0.0,0.0,0.0,0.0,2020,centre6,Zone59,Neighbourhood148,Dwelling2
VR_3881,Que,0.0,0.0,0.0,0.0,0.0,2020,centre6,Zone59,Neighbourhood149,Dwelling1
VR_3882,Que,0.0,0.0,0.0,0.0,0.0,2020,centre6,Zone59,Neighbourhood149,Dwelling2
VR_3883,Que,0.0,0.0,0.0,0.0,0.0,2020,centre6,Zone60,Neighbourhood150,Dwelling1
VR_3884,Que,0.0,0.0,0.2,0.0,0.1,2020,centre6,Zone60,Neighbourhood150,Dwelling2
VR_3885,Que,0.0,0.0,0.0,0.0,0.0,2020,centre6,Zone60,Neighbourhood151,Dwelling1
VR_3886,Que,0.0,0.0,0.0,0.0,0.0,2020,centre6,Zone60,Neighbourhood151,Dwelling2
VR_3887,Que,0.0,0.0,0.0,0.0,0.0,2020,centre6,Zone60,Neighbourhood152,Dwelling1
VR_3888,Que,0.0,0.0,0.0,0.0,0.0,2020,centre6,Zone60,Neighbourhood152,Dwelling2
VR_3889,Que,0.0,0.0,0.0,0.0,0.0,2020,centre6,Zone60,Neighbourhood153,Dwelling1
VR_3890,Que,0.0,0.0,0.3,0.0,0.3,2020,centre6,Zone60,Neighbourhood153,Dwelling2
VR_3891,Que,0.0,0.0,0.0,0.0,0.0,2020,centre6,Zone60,Neighbourhood154,Dwelling1
VR_3892,Que,0.0,0.0,0.2,0.0,0.1,2020,centre6,Zone60,Neighbourhood154,Dwelling2
VR_3893,Que,0.0,0.0,0.0,0.0,0.0,2020,centre6,Zone60,Neighbourhood155,Dwelling1
VR_3894,Que,0.0,0.0,0.0,0.0,0.0,2020,centre6,Zone60,Neighbourhood155,Dwelling2
VR_3895,Que,0.0,0.0,0.0,0.0,0.0,2020,centre6,Zone60,Neighbourhood156,Dwelling1
VR_3896,Que,0.0,0.0,0.0,0.0,0.0,2020,centre6,Zone60,Neighbourhood156,Dwelling2
VR_3897,Que,0.0,0.0,0.0,0.0,0.0,2020,centre6,Zone60,Neighbourhood157,Dwelling1
VR_3898,Que,0.0,0.0,0.0,0.0,0.0,2020,centre6,Zone60,Neighbourhood157,Dwelling2
VR_3899,Que,0.0,0.0,0.0,0.0,0.0,2020,centre6,Zone61,Neighbourhood158,Dwelling1
VR_3900,Que,0.0,0.0,0.0,0.0,0.0,2020,centre6,Zone61,Neighbourhood158,Dwelling2
VR_3901,Que,0.0,0.0,0.0,0.0,0.0,2020,centre6,Zone61,Neighbourhood159,Dwelling1
VR_3902,Que,0.0,0.0,0.0,0.0,0.0,2020,centre6,Zone61,Neighbourhood159,Dwelling2
VR_3903,Que,0.0,0.0,0.0,0.0,0.0,2020,centre6,Zone61,Neighbourhood160,Dwelling1
VR_3904,Que,0.0,0.0,0.0,0.0,0.0,2020,centre6,Zone61,Neighbourhood160,Dwelling2
VR_3905,Que,0.0,0.0,0.0,0.0,0.0,2020,centre6,Zone61,Neighbourhood161,Dwelling1
VR_3906,Que,0.0,0.0,0.0,0.0,0.0,2020,centre6,Zone61,Neighbourhood161,Dwelling2
VR_3907,Que,0.0,0.0,0.0,0.0,0.0,2020,centre6,Zone61,Neighbourhood162,Dwelling1
VR_3908,Que,0.0,1.4,0.0,0.0,0.2,2020,centre6,Zone61,Neighbourhood162,Dwelling2
VR_3909,Que,0.0,0.0,0.0,0.0,0.0,2020,centre6,Zone62,Neighbourhood163,Dwelling1
VR_3910,Que,0.0,0.0,0.0,0.0,0.0,2020,centre6,Zone62,Neighbourhood163,Dwelling2
VR_3911,Que,0.0,0.0,0.0,0.0,0.0,2020,centre6,Zone62,Neighbourhood164,Dwelling1
VR_3912,Que,0.0,0.0,0.0,0.0,0.0,2020,centre6,Zone62,Neighbourhood164,Dwelling2
VR_3913,Que,0.0,0.0,0.0,0.0,0.0,2020,centre6,Zone62,Neighbourhood165,Dwelling1
VR_3914,Que,0.0,0.0,0.0,0.0,0.0,2020,centre6,Zone62,Neighbourhood165,Dwelling2
VR_3915,Que,0.0,0.0,3.1,0.0,3.1,2020,centre6,Zone62,Neighbourhood166,Dwelling1
VR_3916,Que,0.0,0.0,0.7,0.0,0.7,2020,centre6,Zone62,Neighbourhood166,Dwelling2
VR_3917,Que,0.0,0.0,0.0,0.0,0.0,2020,centre6,Zone63,Neighbourhood167,Dwelling1
VR_3918,Que,5.1,0.2,1.2,0.1,0.9,2020,centre6,Zone63,Neighbourhood167,Dwelling2
VR_3919,Que,0.0,0.0,0.0,0.0,0.0,2020,centre6,Zone64,Neighbourhood168,Dwelling1
VR_3920,Que,0.0,0.0,0.3,0.0,0.3,2020,centre6,Zone64,Neighbourhood168,Dwelling2
VR_3921,Que,0.0,0.0,0.0,0.0,0.0,2020,centre6,Zone65,Neighbourhood169,Dwelling1
VR_3922,Que,0.0,0.0,0.0,0.0,0.0,2020,centre6,Zone65,Neighbourhood169,Dwelling2
VR_3923,Que,0.0,0.0,0.0,0.0,0.0,2020,centre6,Zone65,Neighbourhood170,Dwelling1
VR_3924,Que,0.0,0.0,0.0,0.0,0.0,2020,centre6,Zone65,Neighbourhood170,Dwelling2
VR_3925,Que,0.0,0.0,0.0,0.0,0.0,2020,centre6,Zone66,Neighbourhood171,Dwelling1
VR_3926,Que,0.0,0.0,0.0,0.0,0.0,2020,centre6,Zone66,Neighbourhood171,Dwelling2
VR_3927,Que,0.0,0.0,0.0,0.0,0.0,2020,centre7,Zone67,Neighbourhood172,Dwelling1
VR_3928,Que,0.0,0.0,2.6,0.0,2.4,2020,centre7,Zone67,Neighbourhood172,Dwelling2
VR_3929,Que,0.0,0.0,0.0,0.0,0.0,2020,centre7,Zone67,Neighbourhood173,Dwelling1
VR_3930,Que,3.3,2.8,2.5,0.0,2.6,2020,centre7,Zone67,Neighbourhood173,Dwelling2
VR_3931,Que,0.0,0.0,0.0,0.0,0.0,2020,centre7,Zone68,Neighbourhood174,Dwelling1
VR_3932,Que,0.0,0.0,0.6,0.0,0.0,2020,centre7,Zone68,Neighbourhood174,Dwelling2
VR_3933,Que,0.0,0.0,0.0,0.0,0.0,2020,centre7,Zone68,Neighbourhood175,Dwelling1
VR_3934,Que,0.0,3.8,1.5,0.0,1.9,2020,centre7,Zone68,Neighbourhood175,Dwelling2
VR_3935,Que,0.0,0.0,0.0,0.0,0.0,2020,centre7,Zone68,Neighbourhood176,Dwelling1
VR_3936,Que,0.0,0.0,0.0,0.0,0.5,2020,centre7,Zone68,Neighbourhood176,Dwelling2
VR_3937,Que,0.0,0.0,0.0,0.0,0.0,2020,centre7,Zone69,Neighbourhood177,Dwelling1
VR_3938,Que,10.9,0.0,0.0,0.0,0.0,2020,centre7,Zone69,Neighbourhood177,Dwelling2
VR_3939,Que,0.0,0.0,0.0,0.0,0.0,2020,centre7,Zone69,Neighbourhood178,Dwelling1
VR_3940,Que,0.0,0.6,0.4,0.5,0.5,2020,centre7,Zone69,Neighbourhood178,Dwelling2
VR_3941,Que,0.0,0.0,0.0,0.0,0.0,2020,centre7,Zone69,Neighbourhood179,Dwelling1
VR_3942,Que,0.0,0.0,0.0,0.0,0.0,2020,centre7,Zone69,Neighbourhood179,Dwelling2
VR_3943,Que,0.0,0.0,0.0,0.0,0.0,2020,centre7,Zone69,Neighbourhood180,Dwelling1
VR_3944,Que,0.0,0.0,0.0,0.0,0.0,2020,centre7,Zone69,Neighbourhood180,Dwelling2
VR_3945,Que,0.0,0.0,0.0,0.0,0.0,2020,centre7,Zone69,Neighbourhood181,Dwelling1
VR_3946,Que,0.0,0.4,0.0,0.0,0.1,2020,centre7,Zone69,Neighbourhood181,Dwelling2
VR_3947,Que,0.0,0.0,0.0,0.0,0.0,2020,centre7,Zone70,Neighbourhood182,Dwelling1
VR_3948,Que,0.0,0.0,0.0,0.0,0.0,2020,centre7,Zone70,Neighbourhood182,Dwelling2
VR_3949,Que,0.0,0.0,0.0,0.0,0.0,2020,centre7,Zone70,Neighbourhood183,Dwelling1
VR_3950,Que,0.0,0.0,0.0,0.0,0.0,2020,centre7,Zone70,Neighbourhood183,Dwelling2
VR_3951,Que,0.0,0.0,0.0,0.0,0.0,2020,centre8,Zone71,Neighbourhood184,Dwelling1
VR_3952,Que,0.0,0.0,0.0,0.0,0.0,2020,centre8,Zone71,Neighbourhood184,Dwelling2
VR_3953,Que,0.0,0.0,0.0,0.0,0.0,2020,centre8,Zone71,Neighbourhood185,Dwelling1
VR_3954,Que,0.0,5.6,0.0,0.0,5.9,2020,centre8,Zone71,Neighbourhood185,Dwelling2
VR_3955,Que,0.0,0.0,0.0,0.0,0.0,2020,centre8,Zone71,Neighbourhood186,Dwelling1
VR_3956,Que,2.3,1.3,4.0,2.3,2.4,2020,centre8,Zone71,Neighbourhood186,Dwelling2
VR_3957,Que,0.0,0.0,0.0,0.0,0.0,2020,centre8,Zone71,Neighbourhood187,Dwelling1
VR_3958,Que,5.2,2.5,4.2,0.0,3.3,2020,centre8,Zone71,Neighbourhood187,Dwelling2
VR_3959,Que,0.0,0.0,0.0,0.0,0.0,2020,centre8,Zone72,Neighbourhood188,Dwelling1
VR_3960,Que,0.0,0.0,0.0,0.0,0.0,2020,centre8,Zone72,Neighbourhood188,Dwelling2
VR_3961,Que,0.0,0.0,0.0,0.0,0.0,2020,centre8,Zone72,Neighbourhood189,Dwelling1
VR_3962,Que,0.0,0.0,0.0,0.0,0.0,2020,centre8,Zone72,Neighbourhood189,Dwelling2
VR_3963,Que,0.0,0.0,0.0,0.0,0.0,2020,centre8,Zone72,Neighbourhood190,Dwelling1
VR_3964,Que,1.7,2.7,1.9,0.3,1.8,2020,centre8,Zone72,Neighbourhood190,Dwelling2
VR_3965,Que,0.0,0.0,0.0,0.0,0.0,2020,centre8,Zone73,Neighbourhood191,Dwelling1
VR_3966,Que,2.5,0.0,0.0,0.6,0.0,2020,centre8,Zone73,Neighbourhood191,Dwelling2
VR_3967,Que,0.0,0.0,0.0,0.0,0.0,2020,centre8,Zone73,Neighbourhood192,Dwelling1
VR_3968,Que,2.3,4.2,2.6,2.2,3.1,2020,centre8,Zone73,Neighbourhood192,Dwelling2
VR_3969,Que,0.0,0.0,0.0,0.0,0.0,2020,centre8,Zone73,Neighbourhood193,Dwelling1
VR_3970,Que,0.0,3.4,3.4,4.8,3.5,2020,centre8,Zone73,Neighbourhood193,Dwelling2
VR_3971,Que,0.0,0.0,0.0,0.0,0.0,2020,centre8,Zone74,Neighbourhood194,Dwelling1
VR_3972,Que,0.0,0.8,2.0,0.0,2.5,2020,centre8,Zone74,Neighbourhood194,Dwelling2
VR_3973,Que,0.0,0.0,0.0,0.0,0.0,2020,centre8,Zone74,Neighbourhood195,Dwelling1
VR_3974,Que,0.0,0.0,2.7,0.0,3.6,2020,centre8,Zone74,Neighbourhood195,Dwelling2
VR_3975,Que,0.0,0.0,0.0,0.0,0.0,2020,centre8,Zone74,Neighbourhood196,Dwelling1
VR_3976,Que,0.0,5.4,4.3,0.0,4.7,2020,centre8,Zone74,Neighbourhood196,Dwelling2
VR_3977,Que,0.0,0.0,0.0,0.0,0.0,2020,centre8,Zone74,Neighbourhood197,Dwelling1
VR_3978,Que,0.0,8.0,5.0,0.0,6.0,2020,centre8,Zone74,Neighbourhood197,Dwelling2
VR_3979,Que,0.0,0.0,0.0,0.0,0.0,2020,centre8,Zone75,Neighbourhood198,Dwelling1
VR_3980,Que,0.0,1.3,0.0,0.0,3.8,2020,centre8,Zone75,Neighbourhood198,Dwelling2
VR_3981,Que,0.0,0.0,0.0,0.0,0.0,2020,centre8,Zone75,Neighbourhood199,Dwelling1
VR_3982,Que,0.0,1.4,2.0,0.0,1.7,2020,centre8,Zone75,Neighbourhood199,Dwelling2
VR_3983,Que,0.0,0.0,0.0,0.0,0.0,2020,centre8,Zone75,Neighbourhood200,Dwelling1
VR_3984,Que,0.0,0.0,0.0,0.0,0.0,2020,centre8,Zone75,Neighbourhood200,Dwelling2
VR_3985,Que,0.0,0.0,0.0,0.0,0.0,2020,centre8,Zone75,Neighbourhood201,Dwelling1
VR_3986,Que,0.0,0.0,0.0,0.0,0.0,2020,centre8,Zone75,Neighbourhood201,Dwelling2
VR_3987,Que,0.0,0.0,0.0,0.0,0.0,2020,centre8,Zone76,Neighbourhood202,Dwelling1
VR_3988,Que,0.0,0.7,1.1,1.1,1.0,2020,centre8,Zone76,Neighbourhood202,Dwelling2
VR_3989,Que,0.0,0.0,0.0,0.0,0.0,2020,centre8,Zone76,Neighbourhood203,Dwelling1
VR_3990,Que,0.0,1.6,1.0,0.0,1.3,2020,centre8,Zone76,Neighbourhood203,Dwelling2
VR_3991,Que,0.0,0.0,0.0,0.0,0.0,2020,centre8,Zone76,Neighbourhood204,Dwelling1
VR_3992,Que,0.0,0.0,0.0,0.0,0.0,2020,centre8,Zone76,Neighbourhood204,Dwelling2
VR_3993,Que,0.0,0.0,0.0,0.0,0.0,2020,centre8,Zone77,Neighbourhood205,Dwelling1
VR_3994,Que,0.0,1.2,1.1,1.3,1.2,2020,centre8,Zone77,Neighbourhood205,Dwelling2
VR_3995,Que,0.0,0.0,0.0,0.0,0.0,2020,centre8,Zone77,Neighbourhood206,Dwelling1
VR_3996,Que,0.0,0.0,0.7,0.0,1.9,2020,centre8,Zone77,Neighbourhood206,Dwelling2
VR_3997,Que,0.0,0.0,0.0,0.0,0.0,2020,centre8,Zone77,Neighbourhood207,Dwelling1
VR_3998,Que,0.0,0.0,0.2,0.0,0.1,2020,centre8,Zone77,Neighbourhood207,Dwelling2
VR_3999,Que,0.0,0.0,0.0,0.0,0.0,2020,centre8,Zone78,Neighbourhood208,Dwelling1
VR_4000,Que,0.0,0.0,0.8,0.0,0.9,2020,centre8,Zone78,Neighbourhood208,Dwelling2
VR_4001,Que,0.0,0.0,0.0,0.0,0.0,2020,centre8,Zone78,Neighbourhood209,Dwelling1
VR_4002,Que,0.0,0.0,0.0,0.0,0.0,2020,centre8,Zone78,Neighbourhood209,Dwelling2
VR_4003,Que,0.0,0.0,0.0,0.0,0.0,2020,centre8,Zone78,Neighbourhood210,Dwelling1
VR_4004,Que,0.0,0.7,0.0,0.5,0.3,2020,centre8,Zone78,Neighbourhood210,Dwelling2
VR_4005,Que,0.0,0.0,0.0,0.0,0.0,2020,centre8,Zone79,Neighbourhood211,Dwelling1
VR_4006,Que,0.0,0.0,3.8,0.0,0.0,2020,centre8,Zone79,Neighbourhood211,Dwelling2
VR_4007,Que,0.0,0.0,0.0,0.0,0.0,2020,centre8,Zone79,Neighbourhood212,Dwelling1
VR_4008,Que,0.0,8.9,0.5,0.9,3.1,2020,centre8,Zone79,Neighbourhood212,Dwelling2
VR_4009,Que,0.0,0.0,0.0,0.0,0.0,2020,centre8,Zone80,Neighbourhood213,Dwelling1
VR_4010,Que,0.0,0.0,0.0,0.0,0.0,2020,centre8,Zone80,Neighbourhood213,Dwelling2
VR_4011,Que,0.0,0.0,0.0,0.0,0.0,2020,centre8,Zone80,Neighbourhood214,Dwelling1
VR_4012,Que,0.0,0.0,0.0,4.9,0.0,2020,centre8,Zone80,Neighbourhood214,Dwelling2
VR_4013,Que,0.0,0.0,0.0,0.0,0.0,2020,centre8,Zone80,Neighbourhood215,Dwelling1
VR_4014,Que,0.0,0.0,0.0,0.0,0.0,2020,centre8,Zone80,Neighbourhood215,Dwelling2
VR_4015,Que,0.0,0.0,0.0,0.0,0.0,2020,centre8,Zone81,Neighbourhood216,Dwelling1
VR_4016,Que,0.0,0.0,5.5,0.0,5.7,2020,centre8,Zone81,Neighbourhood216,Dwelling2
VR_4017,Que,0.0,0.0,0.0,0.0,0.0,2020,centre8,Zone81,Neighbourhood217,Dwelling1
VR_4018,Que,0.0,0.0,0.0,0.0,0.0,2020,centre8,Zone81,Neighbourhood217,Dwelling2
VR_4019,Que,0.0,0.0,0.0,0.0,0.0,2020,centre8,Zone81,Neighbourhood218,Dwelling1
VR_4020,Que,0.0,0.0,0.0,0.0,0.0,2020,centre8,Zone81,Neighbourhood218,Dwelling2
VR_4021,Que,0.0,0.0,0.0,0.0,0.0,2020,centre8,Zone82,Neighbourhood219,Dwelling1
VR_4022,Que,0.0,0.0,3.0,0.0,4.4,2020,centre8,Zone82,Neighbourhood219,Dwelling2
VR_4023,Que,0.0,0.0,0.0,0.0,0.0,2020,centre8,Zone82,Neighbourhood220,Dwelling1
VR_4024,Que,0.0,0.0,1.1,0.0,1.3,2020,centre8,Zone82,Neighbourhood220,Dwelling2
VR_4025,Que,0.0,0.0,0.0,0.0,0.0,2020,centre8,Zone82,Neighbourhood221,Dwelling1
VR_4026,Que,0.0,0.0,0.7,0.0,0.8,2020,centre8,Zone82,Neighbourhood221,Dwelling2
VR_4027,Que,0.0,0.0,0.0,0.0,0.0,2020,centre8,Zone82,Neighbourhood222,Dwelling1
VR_4028,Que,0.0,0.0,0.0,0.0,0.0,2020,centre8,Zone82,Neighbourhood222,Dwelling2
VR_4029,Que,0.0,0.0,0.0,0.0,0.0,2020,centre8,Zone83,Neighbourhood223,Dwelling1
VR_4030,Que,0.0,0.0,0.3,0.0,0.5,2020,centre8,Zone83,Neighbourhood223,Dwelling2
VR_4031,Que,0.0,0.0,0.0,0.0,0.0,2020,centre8,Zone83,Neighbourhood224,Dwelling1
VR_4032,Que,0.7,0.0,1.1,0.0,1.7,2020,centre8,Zone83,Neighbourhood224,Dwelling2
VR_4033,Que,0.0,0.0,0.0,0.0,0.0,2020,centre8,Zone83,Neighbourhood225,Dwelling1
VR_4034,Que,0.0,0.0,0.0,0.0,2.3,2020,centre8,Zone83,Neighbourhood225,Dwelling2
VR_4035,Que,0.0,0.0,0.0,0.0,0.0,2020,centre8,Zone83,Neighbourhood226,Dwelling1
VR_4036,Que,0.0,0.0,0.0,0.0,0.0,2020,centre8,Zone83,Neighbourhood226,Dwelling2
VR_4037,Que,0.0,0.0,0.0,0.0,0.0,2020,centre8,Zone83,Neighbourhood227,Dwelling1
VR_4038,Que,0.0,0.0,0.0,0.0,0.0,2020,centre8,Zone83,Neighbourhood227,Dwelling2
VR_4039,Que,0.0,0.0,0.0,0.0,0.0,2020,centre9,Zone84,Neighbourhood228,Dwelling1
VR_4040,Que,0.0,2.5,1.1,0.0,1.6,2020,centre9,Zone84,Neighbourhood228,Dwelling2
VR_4041,Que,0.0,0.0,0.0,0.0,0.0,2020,centre9,Zone85,Neighbourhood229,Dwelling1
VR_4042,Que,3.1,2.2,1.4,0.0,1.9,2020,centre9,Zone85,Neighbourhood229,Dwelling2
VR_4043,Que,0.0,0.0,0.0,0.0,0.0,2020,centre9,Zone86,Neighbourhood230,Dwelling1
VR_4044,Que,0.7,0.3,1.1,0.2,0.7,2020,centre9,Zone86,Neighbourhood230,Dwelling2
VR_4045,Que,0.0,0.0,0.0,0.0,0.0,2020,centre9,Zone87,Neighbourhood231,Dwelling1
VR_4046,Que,0.0,1.4,1.7,1.1,1.5,2020,centre9,Zone87,Neighbourhood231,Dwelling2
VR_4047,Que,0.0,0.0,0.0,0.0,0.0,2020,centre9,Zone88,Neighbourhood232,Dwelling1
VR_4048,Que,0.0,0.0,0.7,0.0,0.8,2020,centre9,Zone88,Neighbourhood232,Dwelling2
VR_4049,Que,0.0,0.0,0.0,0.0,0.0,2020,centre9,Zone89,Neighbourhood233,Dwelling1
VR_4050,Que,0.0,0.0,0.5,0.5,0.4,2020,centre9,Zone89,Neighbourhood233,Dwelling2
VR_4051,Que,0.0,0.0,0.0,0.0,0.0,2020,centre9,Zone90,Neighbourhood234,Dwelling1
VR_4052,Que,3.9,2.9,1.3,0.9,1.6,2020,centre9,Zone90,Neighbourhood234,Dwelling2
VR_4053,Que,0.0,0.0,0.0,0.0,0.0,2020,centre9,Zone91,Neighbourhood235,Dwelling1
VR_4054,Que,0.0,0.3,0.6,0.7,0.6,2020,centre9,Zone91,Neighbourhood235,Dwelling2
VR_4055,Que,0.0,0.0,0.0,0.0,0.0,2020,centre9,Zone92,Neighbourhood236,Dwelling1
VR_4056,Que,0.0,1.3,1.4,1.9,1.5,2020,centre9,Zone92,Neighbourhood236,Dwelling2
VR_4057,Que,0.0,0.0,0.0,0.0,0.0,2020,centre9,Zone3,Neighbourhood3,Dwelling1
VR_4058,Que,0.0,0.0,0.0,0.0,0.0,2020,centre9,Zone3,Neighbourhood3,Dwelling2
VR_4059,Que,0.0,0.0,0.0,0.0,0.0,2020,centre10,Zone93,Neighbourhood237,Dwelling1
VR_4060,Que,0.0,0.4,0.0,0.0,0.0,2020,centre10,Zone93,Neighbourhood237,Dwelling2
VR_4061,Que,0.0,0.0,0.0,0.0,0.0,2020,centre10,Zone93,Neighbourhood238,Dwelling1
VR_4062,Que,0.0,0.6,0.0,0.0,0.0,2020,centre10,Zone93,Neighbourhood238,Dwelling2
VR_4063,Que,0.0,0.0,0.0,0.0,0.0,2020,centre10,Zone93,Neighbourhood239,Dwelling1
VR_4064,Que,0.0,0.0,0.0,0.0,0.0,2020,centre10,Zone93,Neighbourhood239,Dwelling2
VR_4065,Que,0.0,0.0,0.0,0.0,0.0,2020,centre10,Zone94,Neighbourhood240,Dwelling1
VR_4066,Que,0.4,0.0,1.3,0.0,1.5,2020,centre10,Zone94,Neighbourhood240,Dwelling2
VR_4067,Que,0.0,0.0,0.0,0.0,0.0,2020,centre10,Zone24,Neighbourhood241,Dwelling1
VR_4068,Que,0.0,0.1,0.7,1.0,0.8,2020,centre10,Zone24,Neighbourhood241,Dwelling2
VR_4069,Que,0.0,0.0,0.0,0.0,0.0,2020,centre10,Zone95,Neighbourhood242,Dwelling1
VR_4070,Que,0.0,0.0,0.7,0.0,0.0,2020,centre10,Zone95,Neighbourhood242,Dwelling2
VR_4071,Que,0.0,0.0,0.0,0.0,0.0,2020,centre10,Zone95,Neighbourhood243,Dwelling1
VR_4072,Que,0.0,0.0,0.0,0.0,0.0,2020,centre10,Zone95,Neighbourhood243,Dwelling2
VR_4073,Que,0.0,0.0,0.0,0.0,0.0,2020,centre10,Zone96,Neighbourhood244,Dwelling1
VR_4074,Que,0.0,0.0,0.0,0.0,0.0,2020,centre10,Zone96,Neighbourhood244,Dwelling2
VR_4075,Que,0.0,0.0,0.0,0.0,0.0,2020,centre10,Zone97,Neighbourhood245,Dwelling1
VR_4076,Que,0.0,0.0,0.0,0.0,0.0,2020,centre10,Zone97,Neighbourhood245,Dwelling2
VR_4077,Que,0.0,0.0,0.0,0.0,0.0,2020,centre10,Zone97,Neighbourhood246,Dwelling1
VR_4078,Que,0.0,0.0,0.0,0.5,0.0,2020,centre10,Zone97,Neighbourhood246,Dwelling2
VR_4079,Que,0.0,0.0,0.0,0.0,0.0,2020,centre10,Zone98,Neighbourhood247,Dwelling1
VR_4080,Que,0.0,0.0,0.0,0.0,0.0,2020,centre10,Zone98,Neighbourhood247,Dwelling2
VR_4081,Que,0.0,0.0,0.0,0.0,0.0,2020,centre10,Zone98,Neighbourhood248,Dwelling1
VR_4082,Que,0.0,0.0,0.0,0.0,0.0,2020,centre10,Zone98,Neighbourhood248,Dwelling2
VR_4083,Que,0.0,0.0,0.0,0.0,0.0,2020,centre10,Zone98,Neighbourhood249,Dwelling1
VR_4084,Que,0.0,0.0,0.0,0.0,0.0,2020,centre10,Zone98,Neighbourhood249,Dwelling2
VR_4085,Que,0.0,0.0,0.0,0.0,0.0,2020,centre10,Zone99,Neighbourhood250,Dwelling1
VR_4086,Que,0.0,0.0,0.0,0.0,0.0,2020,centre10,Zone99,Neighbourhood250,Dwelling2
VR_4087,Que,0.0,0.0,0.0,0.0,0.0,2020,centre10,Zone99,Neighbourhood251,Dwelling1
VR_4088,Que,0.0,0.0,0.0,0.0,0.0,2020,centre10,Zone99,Neighbourhood251,Dwelling2
VR_4089,Ont.,0.0,0.0,0.0,0.0,0.0,2020,centre11,Zone100,Neighbourhood252,Dwelling1
VR_4090,Ont.,0.0,0.0,2.7,0.0,3.1,2020,centre11,Zone100,Neighbourhood252,Dwelling2
VR_4091,Ont.,0.0,0.0,0.0,0.0,0.0,2020,centre11,Zone100,Neighbourhood253,Dwelling1
VR_4092,Ont.,0.0,0.0,1.5,0.0,1.2,2020,centre11,Zone100,Neighbourhood253,Dwelling2
VR_4093,Ont.,0.0,0.0,0.0,0.0,0.0,2020,centre11,Zone100,Neighbourhood254,Dwelling1
VR_4094,Ont.,0.0,0.4,0.8,0.0,0.5,2020,centre11,Zone100,Neighbourhood254,Dwelling2
VR_4095,Ont.,0.0,0.0,0.0,0.0,0.0,2020,centre11,Zone100,Neighbourhood255,Dwelling1
VR_4096,Ont.,0.0,3.3,2.8,0.0,3.0,2020,centre11,Zone100,Neighbourhood255,Dwelling2
VR_4097,Ont.,0.0,0.0,0.0,0.0,0.0,2020,centre11,Zone100,Neighbourhood256,Dwelling1
VR_4098,Ont.,0.0,0.0,0.0,0.0,0.0,2020,centre11,Zone100,Neighbourhood256,Dwelling2
VR_4099,Ont.,0.0,0.0,0.0,0.0,0.0,2020,centre11,Zone100,Neighbourhood257,Dwelling1
VR_4100,Ont.,0.0,0.0,0.0,0.0,0.0,2020,centre11,Zone100,Neighbourhood257,Dwelling2
VR_4101,Ont.,0.0,0.0,0.0,0.0,0.0,2020,centre11,Zone100,Neighbourhood258,Dwelling1
VR_4102,Ont.,0.0,0.0,0.0,0.0,0.0,2020,centre11,Zone100,Neighbourhood258,Dwelling2
VR_4103,Ont.,0.0,0.0,0.0,0.0,0.0,2020,centre12,Zone101,Neighbourhood259,Dwelling1
VR_4104,Ont.,0.0,2.9,2.8,5.1,3.0,2020,centre12,Zone101,Neighbourhood259,Dwelling2
VR_4105,Ont.,0.0,0.0,0.0,0.0,0.0,2020,centre12,Zone101,Neighbourhood252,Dwelling1
VR_4106,Ont.,0.0,0.0,0.0,0.0,0.0,2020,centre12,Zone101,Neighbourhood252,Dwelling2
VR_4107,Ont.,0.0,0.0,0.0,0.0,0.0,2020,centre12,Zone101,Neighbourhood260,Dwelling1
VR_4108,Ont.,0.0,1.1,1.9,0.0,1.7,2020,centre12,Zone101,Neighbourhood260,Dwelling2
VR_4109,Ont.,0.0,0.0,0.0,0.0,0.0,2020,centre12,Zone101,Neighbourhood261,Dwelling1
VR_4110,Ont.,0.0,0.0,0.0,0.0,0.0,2020,centre12,Zone101,Neighbourhood261,Dwelling2
VR_4111,Ont.,0.0,0.0,0.0,0.0,0.0,2020,centre12,Zone101,Neighbourhood262,Dwelling1
VR_4112,Ont.,0.0,0.0,0.0,0.0,0.0,2020,centre12,Zone101,Neighbourhood262,Dwelling2
VR_4113,Ont.,0.0,0.0,0.0,0.0,0.0,2020,centre12,Zone102,Neighbourhood263,Dwelling1
VR_4114,Ont.,0.0,0.0,0.0,0.0,0.0,2020,centre12,Zone102,Neighbourhood263,Dwelling2
VR_4115,Ont.,0.0,0.0,0.0,0.0,0.0,2020,centre12,Zone102,Neighbourhood264,Dwelling1
VR_4116,Ont.,0.0,4.3,3.5,0.0,3.8,2020,centre12,Zone102,Neighbourhood264,Dwelling2
VR_4117,Ont.,0.0,0.0,0.0,0.0,0.0,2020,centre13,Zone103,Neighbourhood265,Dwelling1
VR_4118,Ont.,0.0,0.0,0.0,0.0,0.0,2020,centre13,Zone103,Neighbourhood265,Dwelling2
VR_4119,Ont.,0.0,0.0,0.0,0.0,4.2,2020,centre13,Zone103,Neighbourhood266,Dwelling1
VR_4120,Ont.,0.0,4.1,0.6,0.0,1.4,2020,centre13,Zone103,Neighbourhood266,Dwelling2
VR_4121,Ont.,0.0,0.0,0.0,0.0,0.0,2020,centre13,Zone103,Neighbourhood267,Dwelling1
VR_4122,Ont.,0.0,0.0,0.0,0.0,0.0,2020,centre13,Zone103,Neighbourhood267,Dwelling2
VR_4123,Ont.,0.0,0.0,1.5,0.0,0.4,2020,centre13,Zone103,Neighbourhood268,Dwelling1
VR_4124,Ont.,4.1,0.6,1.7,0.0,1.2,2020,centre13,Zone103,Neighbourhood268,Dwelling2
VR_4125,Ont.,0.0,0.0,0.0,0.0,0.0,2020,centre13,Zone103,Neighbourhood269,Dwelling1
VR_4126,Ont.,0.0,0.0,0.0,0.0,0.0,2020,centre13,Zone103,Neighbourhood269,Dwelling2
VR_4127,Ont.,0.0,0.0,0.0,0.0,0.0,2020,centre13,Zone103,Neighbourhood270,Dwelling1
VR_4128,Ont.,0.0,0.0,0.0,0.0,0.0,2020,centre13,Zone103,Neighbourhood270,Dwelling2
VR_4129,Ont.,0.0,0.0,0.0,0.0,0.0,2020,centre14,Zone20,Neighbourhood46,Dwelling1
VR_4130,Ont.,5.4,2.1,1.8,0.0,1.9,2020,centre14,Zone20,Neighbourhood46,Dwelling2
VR_4131,Ont.,0.0,0.0,0.0,0.0,0.0,2020,centre14,Zone19,Neighbourhood271,Dwelling1
VR_4132,Ont.,0.0,2.8,1.2,0.0,1.7,2020,centre14,Zone19,Neighbourhood271,Dwelling2
VR_4133,Ont.,0.0,0.0,0.0,0.2,0.2,2020,centre14,Zone19,Neighbourhood272,Dwelling1
VR_4134,Ont.,0.0,3.0,0.0,0.0,2.2,2020,centre14,Zone19,Neighbourhood272,Dwelling2
VR_4135,Ont.,0.0,0.0,0.0,0.0,0.0,2020,centre14,Zone22,Neighbourhood49,Dwelling1
VR_4136,Ont.,0.0,2.5,4.4,0.0,3.4,2020,centre14,Zone22,Neighbourhood49,Dwelling2
VR_4137,Ont.,0.0,0.0,0.0,0.0,0.0,2020,centre14,Zone104,Neighbourhood273,Dwelling1
VR_4138,Ont.,0.0,0.0,0.0,0.0,0.0,2020,centre14,Zone104,Neighbourhood273,Dwelling2
VR_4139,Ont.,0.0,0.0,0.0,0.0,0.0,2020,centre15,Zone105,Neighbourhood274,Dwelling1
VR_4140,Ont.,0.0,3.8,0.0,0.0,4.9,2020,centre15,Zone105,Neighbourhood274,Dwelling2
VR_4141,Ont.,0.0,0.0,0.0,0.0,0.0,2020,centre15,Zone105,Neighbourhood275,Dwelling1
VR_4142,Ont.,0.0,5.4,2.6,5.4,4.3,2020,centre15,Zone105,Neighbourhood275,Dwelling2
VR_4143,Ont.,0.0,0.0,0.0,0.0,0.0,2020,centre15,Zone105,Neighbourhood276,Dwelling1
VR_4144,Ont.,0.0,3.3,4.3,0.0,3.8,2020,centre15,Zone105,Neighbourhood276,Dwelling2
VR_4145,Ont.,0.0,0.0,0.0,0.0,0.0,2020,centre15,Zone106,Neighbourhood277,Dwelling1
VR_4146,Ont.,0.0,2.0,2.3,3.9,2.9,2020,centre15,Zone106,Neighbourhood277,Dwelling2
VR_4147,Ont.,0.0,0.0,0.0,0.0,0.0,2020,centre15,Zone106,Neighbourhood278,Dwelling1
VR_4148,Ont.,0.0,0.0,0.0,0.0,4.3,2020,centre15,Zone106,Neighbourhood278,Dwelling2
VR_4149,Ont.,0.0,0.0,0.0,0.5,0.5,2020,centre15,Zone107,Neighbourhood279,Dwelling1
VR_4150,Ont.,0.0,3.8,2.9,2.1,3.2,2020,centre15,Zone107,Neighbourhood279,Dwelling2
VR_4151,Ont.,0.0,0.0,0.0,0.0,0.9,2020,centre15,Zone107,Neighbourhood280,Dwelling1
VR_4152,Ont.,0.0,3.3,2.6,6.3,3.1,2020,centre15,Zone107,Neighbourhood280,Dwelling2
VR_4153,Ont.,0.0,0.0,0.0,0.0,0.0,2020,centre15,Zone108,Neighbourhood281,Dwelling1
VR_4154,Ont.,0.0,0.0,0.0,0.0,0.0,2020,centre15,Zone108,Neighbourhood281,Dwelling2
VR_4155,Ont.,0.0,0.0,0.0,0.0,0.0,2020,centre15,Zone108,Neighbourhood282,Dwelling1
VR_4156,Ont.,0.0,0.0,5.4,0.0,0.0,2020,centre15,Zone108,Neighbourhood282,Dwelling2
VR_4157,Ont.,0.0,0.0,0.0,0.0,0.0,2020,centre15,Zone108,Neighbourhood283,Dwelling1
VR_4158,Ont.,0.0,3.1,1.8,0.0,2.3,2020,centre15,Zone108,Neighbourhood283,Dwelling2
VR_4159,Ont.,0.0,0.0,0.0,0.0,0.0,2020,centre15,Zone109,Neighbourhood284,Dwelling1
VR_4160,Ont.,0.0,4.7,4.8,0.0,4.9,2020,centre15,Zone109,Neighbourhood284,Dwelling2
VR_4161,Ont.,0.0,0.0,0.0,0.0,0.0,2020,centre15,Zone109,Neighbourhood285,Dwelling1
VR_4162,Ont.,0.0,3.9,4.4,4.1,4.1,2020,centre15,Zone109,Neighbourhood285,Dwelling2
VR_4163,Ont.,0.0,0.0,0.0,0.0,0.0,2020,centre15,Zone110,Neighbourhood286,Dwelling1
VR_4164,Ont.,3.8,2.8,2.7,3.7,2.8,2020,centre15,Zone110,Neighbourhood286,Dwelling2
VR_4165,Ont.,0.0,0.0,0.0,0.0,0.0,2020,centre15,Zone110,Neighbourhood287,Dwelling1
VR_4166,Ont.,0.0,2.4,1.9,0.0,2.0,2020,centre15,Zone110,Neighbourhood287,Dwelling2
VR_4167,Ont.,0.0,0.0,0.0,0.0,0.0,2020,centre15,Zone110,Neighbourhood288,Dwelling1
VR_4168,Ont.,0.0,0.0,26.3,0.0,26.3,2020,centre15,Zone110,Neighbourhood288,Dwelling2
VR_4169,Ont.,0.0,0.0,0.0,0.0,0.0,2020,centre15,Zone110,Neighbourhood289,Dwelling1
VR_4170,Ont.,0.0,0.0,0.0,0.0,0.0,2020,centre15,Zone110,Neighbourhood289,Dwelling2
VR_4171,Ont.,0.0,0.0,0.0,0.0,0.0,2020,centre15,Zone111,Neighbourhood290,Dwelling1
VR_4172,Ont.,0.0,3.1,2.4,0.7,2.5,2020,centre15,Zone111,Neighbourhood290,Dwelling2
VR_4173,Ont.,0.0,0.0,0.0,0.0,0.0,2020,centre15,Zone111,Neighbourhood291,Dwelling1
VR_4174,Ont.,0.0,0.0,0.0,0.0,0.0,2020,centre15,Zone111,Neighbourhood291,Dwelling2
VR_4175,Ont.,0.0,0.0,0.0,0.0,0.0,2020,centre15,Zone112,Neighbourhood292,Dwelling1
VR_4176,Ont.,0.0,0.6,0.4,0.5,0.5,2020,centre15,Zone112,Neighbourhood292,Dwelling2
VR_4177,Ont.,0.0,0.0,0.0,0.0,1.7,2020,centre15,Zone112,Neighbourhood293,Dwelling1
VR_4178,Ont.,0.0,1.5,2.6,1.9,2.3,2020,centre15,Zone112,Neighbourhood293,Dwelling2
VR_4179,Ont.,0.0,0.0,0.0,0.0,0.0,2020,centre15,Zone112,Neighbourhood294,Dwelling1
VR_4180,Ont.,0.0,4.4,1.4,1.7,2.3,2020,centre15,Zone112,Neighbourhood294,Dwelling2
VR_4181,Ont.,0.0,0.0,1.4,1.3,1.7,2020,centre15,Zone112,Neighbourhood295,Dwelling1
VR_4182,Ont.,0.0,0.0,0.0,1.8,2.6,2020,centre15,Zone112,Neighbourhood295,Dwelling2
VR_4183,Ont.,0.0,0.0,0.0,0.0,0.0,2020,centre15,Zone112,Neighbourhood296,Dwelling1
VR_4184,Ont.,0.0,0.0,0.0,0.0,0.0,2020,centre15,Zone112,Neighbourhood296,Dwelling2
VR_4185,Ont.,0.0,0.0,0.0,0.0,0.0,2020,centre15,Zone113,Neighbourhood297,Dwelling1
VR_4186,Ont.,0.0,2.3,1.7,0.0,1.9,2020,centre15,Zone113,Neighbourhood297,Dwelling2
VR_4187,Ont.,0.0,0.0,0.0,0.0,0.0,2020,centre15,Zone113,Neighbourhood298,Dwelling1
VR_4188,Ont.,0.0,0.0,0.0,0.0,0.0,2020,centre15,Zone113,Neighbourhood298,Dwelling2
VR_4189,Ont.,0.0,0.0,0.0,0.0,0.0,2020,centre15,Zone113,Neighbourhood299,Dwelling1
VR_4190,Ont.,0.0,0.0,0.0,0.0,0.0,2020,centre15,Zone113,Neighbourhood299,Dwelling2
VR_4191,Ont.,0.0,0.0,0.0,0.0,0.0,2020,centre15,Zone113,Neighbourhood300,Dwelling1
VR_4192,Ont.,0.0,0.0,0.0,0.0,0.0,2020,centre15,Zone113,Neighbourhood300,Dwelling2
VR_4193,Ont.,0.0,0.0,0.0,0.0,0.0,2020,centre16,Zone114,Neighbourhood301,Dwelling1
VR_4194,Ont.,0.0,0.7,0.0,0.0,0.0,2020,centre16,Zone114,Neighbourhood301,Dwelling2
VR_4195,Ont.,0.0,0.0,0.0,0.0,0.0,2020,centre16,Zone114,Neighbourhood302,Dwelling1
VR_4196,Ont.,0.0,0.0,0.0,0.0,0.0,2020,centre16,Zone114,Neighbourhood302,Dwelling2
VR_4197,Ont.,0.0,0.0,0.0,0.0,0.0,2020,centre16,Zone114,Neighbourhood303,Dwelling1
VR_4198,Ont.,0.0,0.7,0.0,0.0,0.2,2020,centre16,Zone114,Neighbourhood303,Dwelling2
VR_4199,Ont.,0.0,0.0,0.0,0.0,0.0,2020,centre16,Zone114,Neighbourhood304,Dwelling1
VR_4200,Ont.,0.0,0.0,0.0,0.0,0.0,2020,centre16,Zone114,Neighbourhood304,Dwelling2
VR_4201,Ont.,0.0,0.0,0.0,0.0,0.0,2020,centre16,Zone115,Neighbourhood305,Dwelling1
VR_4202,Ont.,0.0,0.0,0.0,0.0,0.0,2020,centre16,Zone115,Neighbourhood305,Dwelling2
VR_4203,Ont.,0.0,0.0,0.0,0.0,0.0,2020,centre16,Zone115,Neighbourhood306,Dwelling1
VR_4204,Ont.,1.8,0.0,0.0,0.0,4.2,2020,centre16,Zone115,Neighbourhood306,Dwelling2
VR_4205,Ont.,0.0,0.0,0.0,0.0,0.0,2020,centre16,Zone115,Neighbourhood307,Dwelling1
VR_4206,Ont.,0.0,2.7,1.8,0.0,1.9,2020,centre16,Zone115,Neighbourhood307,Dwelling2
VR_4207,Ont.,0.0,0.0,0.0,0.0,0.0,2020,centre16,Zone116,Neighbourhood308,Dwelling1
VR_4208,Ont.,0.0,0.0,0.0,0.0,0.0,2020,centre16,Zone116,Neighbourhood308,Dwelling2
VR_4209,Ont.,0.0,0.0,0.0,0.0,0.0,2020,centre16,Zone116,Neighbourhood309,Dwelling1
VR_4210,Ont.,0.0,2.4,3.1,0.0,2.8,2020,centre16,Zone116,Neighbourhood309,Dwelling2
VR_4211,Ont.,0.0,0.0,0.0,0.0,0.0,2020,centre16,Zone116,Neighbourhood310,Dwelling1
VR_4212,Ont.,0.0,0.0,0.0,0.0,0.0,2020,centre16,Zone116,Neighbourhood310,Dwelling2
VR_4213,Ont.,0.0,0.0,0.0,0.0,0.0,2020,centre16,Zone116,Neighbourhood311,Dwelling1
VR_4214,Ont.,0.0,1.3,1.1,0.0,1.2,2020,centre16,Zone116,Neighbourhood311,Dwelling2
VR_4215,Ont.,0.0,0.0,0.0,0.0,0.0,2020,centre16,Zone116,Neighbourhood312,Dwelling1
VR_4216,Ont.,0.0,0.0,0.0,0.0,0.0,2020,centre16,Zone116,Neighbourhood312,Dwelling2
VR_4217,Ont.,0.0,0.0,0.0,0.0,0.0,2020,centre16,Zone116,Neighbourhood313,Dwelling1
VR_4218,Ont.,0.0,1.7,0.9,0.0,1.2,2020,centre16,Zone116,Neighbourhood313,Dwelling2
VR_4219,Ont.,0.0,0.0,0.0,0.0,0.0,2020,centre16,Zone3,Neighbourhood314,Dwelling1
VR_4220,Ont.,0.0,8.9,4.0,0.0,4.8,2020,centre16,Zone3,Neighbourhood314,Dwelling2
VR_4221,Ont.,0.0,0.0,0.0,0.0,0.0,2020,centre16,Zone3,Neighbourhood315,Dwelling1
VR_4222,Ont.,0.0,0.0,0.0,0.0,0.6,2020,centre16,Zone3,Neighbourhood315,Dwelling2
VR_4223,Ont.,0.0,0.0,0.0,0.0,0.0,2020,centre16,Zone3,Neighbourhood316,Dwelling1
VR_4224,Ont.,0.0,1.4,1.2,0.0,1.2,2020,centre16,Zone3,Neighbourhood316,Dwelling2
VR_4225,Ont.,0.0,0.0,0.0,0.0,0.0,2020,centre16,Zone3,Neighbourhood317,Dwelling1
VR_4226,Ont.,0.0,0.0,0.0,0.0,0.0,2020,centre16,Zone3,Neighbourhood317,Dwelling2
VR_4227,Ont.,0.0,0.0,1.1,0.7,0.8,2020,centre17,Zone117,Neighbourhood318,Dwelling1
VR_4228,Ont.,0.0,1.3,1.4,1.4,1.3,2020,centre17,Zone117,Neighbourhood318,Dwelling2
VR_4229,Ont.,0.0,0.0,0.0,0.0,0.0,2020,centre17,Zone117,Neighbourhood319,Dwelling1
VR_4230,Ont.,0.0,1.3,2.7,1.6,2.1,2020,centre17,Zone117,Neighbourhood319,Dwelling2
VR_4231,Ont.,0.0,0.0,1.3,0.0,0.5,2020,centre17,Zone117,Neighbourhood320,Dwelling1
VR_4232,Ont.,1.6,1.7,2.2,0.7,2.0,2020,centre17,Zone117,Neighbourhood320,Dwelling2
VR_4233,Ont.,0.0,0.0,0.0,0.0,0.0,2020,centre17,Zone118,Neighbourhood321,Dwelling1
VR_4234,Ont.,0.0,2.2,1.1,0.0,1.6,2020,centre17,Zone118,Neighbourhood321,Dwelling2
VR_4235,Ont.,0.0,0.0,0.0,1.0,1.5,2020,centre17,Zone119,Neighbourhood322,Dwelling1
VR_4236,Ont.,0.0,2.0,2.0,0.0,2.0,2020,centre17,Zone119,Neighbourhood322,Dwelling2
VR_4237,Ont.,0.0,0.0,0.0,0.0,0.0,2020,centre17,Zone119,Neighbourhood323,Dwelling1
VR_4238,Ont.,0.0,0.0,0.0,0.0,3.4,2020,centre17,Zone119,Neighbourhood323,Dwelling2
VR_4239,Ont.,0.0,0.0,0.0,0.0,0.0,2020,centre17,Zone120,Neighbourhood324,Dwelling1
VR_4240,Ont.,0.0,1.4,1.5,0.0,1.4,2020,centre17,Zone120,Neighbourhood324,Dwelling2
VR_4241,Ont.,0.0,0.0,0.0,0.0,0.0,2020,centre17,Zone120,Neighbourhood325,Dwelling1
VR_4242,Ont.,0.0,1.8,0.0,0.0,4.4,2020,centre17,Zone120,Neighbourhood325,Dwelling2
VR_4243,Ont.,0.0,0.0,0.0,0.0,1.3,2020,centre17,Zone120,Neighbourhood326,Dwelling1
VR_4244,Ont.,0.0,0.0,1.5,0.0,1.9,2020,centre17,Zone120,Neighbourhood326,Dwelling2
VR_4245,Ont.,0.0,0.0,0.0,0.0,0.0,2020,centre17,Zone120,Neighbourhood327,Dwelling1
VR_4246,Ont.,0.0,2.5,2.7,17.2,3.3,2020,centre17,Zone120,Neighbourhood327,Dwelling2
VR_4247,Ont.,0.0,0.0,0.0,0.0,0.0,2020,centre17,Zone121,Neighbourhood328,Dwelling1
VR_4248,Ont.,0.0,0.0,1.5,0.0,1.2,2020,centre17,Zone121,Neighbourhood328,Dwelling2
VR_4249,Ont.,0.0,0.0,0.0,0.0,0.0,2020,centre17,Zone121,Neighbourhood329,Dwelling1
VR_4250,Ont.,0.0,1.2,1.8,0.0,1.7,2020,centre17,Zone121,Neighbourhood329,Dwelling2
VR_4251,Ont.,0.0,0.0,0.0,0.0,0.0,2020,centre17,Zone121,Neighbourhood330,Dwelling1
VR_4252,Ont.,0.0,2.3,1.3,0.0,1.6,2020,centre17,Zone121,Neighbourhood330,Dwelling2
VR_4253,Ont.,0.0,0.0,0.0,0.0,0.0,2020,centre17,Zone121,Neighbourhood331,Dwelling1
VR_4254,Ont.,0.0,1.4,2.5,0.0,2.2,2020,centre17,Zone121,Neighbourhood331,Dwelling2
VR_4255,Ont.,0.0,0.0,0.0,0.0,0.0,2020,centre17,Zone121,Neighbourhood332,Dwelling1
VR_4256,Ont.,0.0,0.0,0.0,0.0,0.0,2020,centre17,Zone121,Neighbourhood332,Dwelling2
VR_4257,Ont.,0.0,0.0,0.0,0.0,0.0,2020,centre17,Zone122,Neighbourhood333,Dwelling1
VR_4258,Ont.,0.0,0.5,0.6,0.0,0.4,2020,centre17,Zone122,Neighbourhood333,Dwelling2
VR_4259,Ont.,0.0,0.0,0.0,0.0,0.0,2020,centre18,Zone123,Neighbourhood334,Dwelling1
VR_4260,Ont.,0.0,5.2,6.6,0.0,5.9,2020,centre18,Zone123,Neighbourhood334,Dwelling2
VR_4261,Ont.,0.0,0.0,0.0,1.5,1.2,2020,centre18,Zone124,Neighbourhood335,Dwelling1
VR_4262,Ont.,0.0,4.6,2.4,0.0,3.3,2020,centre18,Zone124,Neighbourhood335,Dwelling2
VR_4263,Ont.,0.0,0.0,0.0,0.0,0.0,2020,centre18,Zone124,Neighbourhood336,Dwelling1
VR_4264,Ont.,0.0,4.3,1.4,0.0,2.3,2020,centre18,Zone124,Neighbourhood336,Dwelling2
VR_4265,Ont.,0.0,0.0,0.0,0.0,0.0,2020,centre18,Zone21,Neighbourhood337,Dwelling1
VR_4266,Ont.,0.0,2.0,3.4,0.0,3.1,2020,centre18,Zone21,Neighbourhood337,Dwelling2
VR_4267,Ont.,0.0,0.0,0.0,0.0,4.6,2020,centre18,Zone21,Neighbourhood338,Dwelling1
VR_4268,Ont.,0.0,1.5,2.6,10.1,2.4,2020,centre18,Zone21,Neighbourhood338,Dwelling2
VR_4269,Ont.,0.0,0.0,0.0,0.0,0.0,2020,centre18,Zone125,Neighbourhood339,Dwelling1
VR_4270,Ont.,3.9,3.9,4.8,6.4,4.4,2020,centre18,Zone125,Neighbourhood339,Dwelling2
VR_4271,Ont.,0.0,0.0,0.0,0.0,0.0,2020,centre18,Zone125,Neighbourhood340,Dwelling1
VR_4272,Ont.,0.0,1.7,1.7,0.0,1.7,2020,centre18,Zone125,Neighbourhood340,Dwelling2
VR_4273,Ont.,0.0,0.0,0.0,0.0,0.0,2020,centre18,Zone125,Neighbourhood341,Dwelling1
VR_4274,Ont.,0.0,6.4,4.7,7.7,5.5,2020,centre18,Zone125,Neighbourhood341,Dwelling2
VR_4275,Ont.,0.0,0.0,0.0,0.0,0.0,2020,centre18,Zone125,Neighbourhood342,Dwelling1
VR_4276,Ont.,0.0,0.0,0.6,0.0,4.2,2020,centre18,Zone125,Neighbourhood342,Dwelling2
VR_4277,Ont.,0.0,0.0,0.9,0.3,0.6,2020,centre18,Zone126,Neighbourhood343,Dwelling1
VR_4278,Ont.,3.3,1.3,1.0,0.0,1.2,2020,centre18,Zone126,Neighbourhood343,Dwelling2
VR_4279,Ont.,0.0,0.0,0.0,0.0,4.2,2020,centre18,Zone126,Neighbourhood344,Dwelling1
VR_4280,Ont.,0.0,0.0,0.0,0.0,0.0,2020,centre18,Zone126,Neighbourhood344,Dwelling2
VR_4281,Ont.,0.0,0.0,0.0,1.4,1.5,2020,centre18,Zone126,Neighbourhood345,Dwelling1
VR_4282,Ont.,4.7,1.6,2.8,2.3,2.4,2020,centre18,Zone126,Neighbourhood345,Dwelling2
VR_4283,Ont.,0.0,0.0,0.0,0.0,0.0,2020,centre18,Zone127,Neighbourhood346,Dwelling1
VR_4284,Ont.,0.0,3.9,3.1,2.1,3.6,2020,centre18,Zone127,Neighbourhood346,Dwelling2
VR_4285,Ont.,0.0,0.0,0.0,0.5,0.5,2020,centre18,Zone19,Neighbourhood347,Dwelling1
VR_4286,Ont.,0.0,0.7,0.6,0.0,0.6,2020,centre18,Zone19,Neighbourhood347,Dwelling2
VR_4287,Ont.,0.0,0.0,0.0,0.0,0.0,2020,centre18,Zone19,Neighbourhood348,Dwelling1
VR_4288,Ont.,0.0,2.4,2.4,0.0,3.0,2020,centre18,Zone19,Neighbourhood348,Dwelling2
VR_4289,Ont.,0.0,0.0,0.0,0.0,0.0,2020,centre18,Zone19,Neighbourhood349,Dwelling1
VR_4290,Ont.,0.0,0.0,0.0,0.0,0.0,2020,centre18,Zone19,Neighbourhood349,Dwelling2
VR_4291,Ont.,0.0,0.0,0.0,0.0,0.0,2020,centre18,Zone22,Neighbourhood350,Dwelling1
VR_4292,Ont.,0.0,8.4,7.5,0.0,7.7,2020,centre18,Zone22,Neighbourhood350,Dwelling2
VR_4293,Ont.,0.0,0.0,0.0,0.0,0.0,2020,centre18,Zone22,Neighbourhood351,Dwelling1
VR_4294,Ont.,0.0,2.6,4.1,0.0,3.2,2020,centre18,Zone22,Neighbourhood351,Dwelling2
VR_4295,Ont.,0.0,0.0,0.0,0.0,0.0,2020,centre18,Zone22,Neighbourhood352,Dwelling1
VR_4296,Ont.,0.0,0.0,0.2,0.0,0.0,2020,centre18,Zone22,Neighbourhood352,Dwelling2
VR_4297,Ont.,0.0,0.0,0.0,0.0,0.0,2020,centre18,Zone128,Neighbourhood353,Dwelling1
VR_4298,Ont.,0.0,0.0,1.0,0.0,2.1,2020,centre18,Zone128,Neighbourhood353,Dwelling2
VR_4299,Ont.,0.0,0.0,0.0,0.0,0.0,2020,centre18,Zone128,Neighbourhood354,Dwelling1
VR_4300,Ont.,0.0,0.0,0.0,0.0,0.5,2020,centre18,Zone128,Neighbourhood354,Dwelling2
VR_4301,Ont.,0.0,0.0,0.0,0.0,0.0,2020,centre18,Zone128,Neighbourhood355,Dwelling1
VR_4302,Ont.,0.0,0.0,0.0,0.0,0.0,2020,centre18,Zone128,Neighbourhood355,Dwelling2
VR_4303,Ont.,0.0,0.0,0.0,0.0,0.0,2020,centre18,Zone128,Neighbourhood356,Dwelling1
VR_4304,Ont.,0.0,0.6,0.0,0.0,0.2,2020,centre18,Zone128,Neighbourhood356,Dwelling2
VR_4305,Ont.,0.0,0.0,0.0,0.0,0.0,2020,centre18,Zone129,Neighbourhood357,Dwelling1
VR_4306,Ont.,0.0,0.0,1.9,0.0,1.9,2020,centre18,Zone129,Neighbourhood357,Dwelling2
VR_4307,Ont.,0.0,0.0,0.0,0.0,0.0,2020,centre18,Zone3,Neighbourhood3,Dwelling1
VR_4308,Ont.,0.0,0.0,0.0,0.0,0.0,2020,centre18,Zone3,Neighbourhood3,Dwelling2
VR_4309,Ont.,0.0,0.0,0.0,0.0,0.0,2020,centre19,Zone130,Neighbourhood358,Dwelling1
VR_4310,Ont.,0.0,6.0,1.5,0.0,4.4,2020,centre19,Zone130,Neighbourhood358,Dwelling2
VR_4311,Ont.,0.0,0.0,0.0,0.0,0.0,2020,centre19,Zone130,Neighbourhood229,Dwelling1
VR_4312,Ont.,0.0,5.1,1.8,0.0,3.8,2020,centre19,Zone130,Neighbourhood229,Dwelling2
VR_4313,Ont.,0.0,0.0,0.0,0.0,0.0,2020,centre19,Zone130,Neighbourhood228,Dwelling1
VR_4314,Ont.,0.0,0.0,5.3,0.0,4.0,2020,centre19,Zone130,Neighbourhood228,Dwelling2
VR_4315,Ont.,0.0,0.0,0.0,0.0,0.0,2020,centre19,Zone131,Neighbourhood231,Dwelling1
VR_4316,Ont.,0.0,1.8,2.0,0.9,1.8,2020,centre19,Zone131,Neighbourhood231,Dwelling2
VR_4317,Ont.,0.0,0.0,0.0,0.0,0.0,2020,centre19,Zone132,Neighbourhood359,Dwelling1
VR_4318,Ont.,0.0,0.0,0.0,0.0,0.0,2020,centre19,Zone132,Neighbourhood359,Dwelling2
VR_4319,Ont.,0.0,0.0,0.0,0.0,0.0,2020,centre19,Zone132,Neighbourhood360,Dwelling1
VR_4320,Ont.,0.0,0.0,0.0,0.0,1.8,2020,centre19,Zone132,Neighbourhood360,Dwelling2
VR_4321,Ont.,0.0,0.0,0.0,0.0,0.0,2020,centre19,Zone132,Neighbourhood361,Dwelling1
VR_4322,Ont.,0.0,4.1,5.8,0.0,5.7,2020,centre19,Zone132,Neighbourhood361,Dwelling2
VR_4323,Ont.,0.0,0.0,0.0,0.0,0.0,2020,centre19,Zone133,Neighbourhood362,Dwelling1
VR_4324,Ont.,0.0,0.0,0.6,0.0,0.3,2020,centre19,Zone133,Neighbourhood362,Dwelling2
VR_4325,Ont.,0.0,0.0,0.0,0.0,0.0,2020,centre19,Zone133,Neighbourhood363,Dwelling1
VR_4326,Ont.,0.0,0.0,0.0,0.0,0.0,2020,centre19,Zone133,Neighbourhood363,Dwelling2
VR_4327,Ont.,0.0,0.0,0.0,0.0,0.0,2020,centre19,Zone133,Neighbourhood364,Dwelling1
VR_4328,Ont.,0.0,0.0,0.0,0.0,0.0,2020,centre19,Zone133,Neighbourhood364,Dwelling2
VR_4329,Ont.,0.0,0.0,0.0,0.0,0.0,2020,centre19,Zone133,Neighbourhood365,Dwelling1
VR_4330,Ont.,0.0,0.7,1.2,0.0,1.0,2020,centre19,Zone133,Neighbourhood365,Dwelling2
VR_4331,Ont.,0.0,0.0,0.0,0.0,0.0,2020,centre19,Zone134,Neighbourhood366,Dwelling1
VR_4332,Ont.,0.0,0.0,0.0,0.0,0.0,2020,centre19,Zone134,Neighbourhood366,Dwelling2
VR_4333,Ont.,0.0,0.0,0.0,0.0,0.0,2020,centre19,Zone134,Neighbourhood367,Dwelling1
VR_4334,Ont.,0.0,0.0,0.0,0.0,0.0,2020,centre19,Zone134,Neighbourhood367,Dwelling2
VR_4335,Ont.,0.0,0.0,0.0,0.0,0.0,2020,centre19,Zone134,Neighbourhood368,Dwelling1
VR_4336,Ont.,0.0,2.4,0.6,0.0,0.8,2020,centre19,Zone134,Neighbourhood368,Dwelling2
VR_4337,Ont.,0.0,0.0,0.0,0.0,0.0,2020,centre19,Zone134,Neighbourhood369,Dwelling1
VR_4338,Ont.,0.0,0.0,4.4,0.0,3.5,2020,centre19,Zone134,Neighbourhood369,Dwelling2
VR_4339,Ont.,0.0,0.0,0.0,0.0,0.0,2020,centre19,Zone134,Neighbourhood370,Dwelling1
VR_4340,Ont.,0.0,0.0,0.0,0.0,0.0,2020,centre19,Zone134,Neighbourhood370,Dwelling2
VR_4341,Ont.,0.0,0.0,0.0,0.0,0.0,2020,centre19,Zone135,Neighbourhood371,Dwelling1
VR_4342,Ont.,0.0,0.0,0.0,0.0,0.0,2020,centre19,Zone135,Neighbourhood371,Dwelling2
VR_4343,Ont.,0.0,0.0,0.0,0.0,0.0,2020,centre19,Zone135,Neighbourhood372,Dwelling1
VR_4344,Ont.,0.0,0.0,0.0,0.0,0.0,2020,centre19,Zone135,Neighbourhood372,Dwelling2
VR_4345,Ont.,0.0,0.0,0.0,0.0,0.0,2020,centre19,Zone135,Neighbourhood373,Dwelling1
VR_4346,Ont.,0.0,0.3,1.8,0.0,0.9,2020,centre19,Zone135,Neighbourhood373,Dwelling2
VR_4347,Ont.,0.0,0.0,0.0,0.0,0.0,2020,centre19,Zone135,Neighbourhood374,Dwelling1
VR_4348,Ont.,0.0,0.0,0.0,0.0,0.0,2020,centre19,Zone135,Neighbourhood374,Dwelling2
VR_4349,Ont.,0.0,0.0,0.0,0.0,0.0,2020,centre19,Zone135,Neighbourhood375,Dwelling1
VR_4350,Ont.,0.0,0.0,0.0,0.0,0.9,2020,centre19,Zone135,Neighbourhood375,Dwelling2
VR_4351,Ont.,0.0,0.0,0.0,0.0,0.0,2020,centre19,Zone3,Neighbourhood376,Dwelling1
VR_4352,Ont.,0.0,0.0,0.0,0.0,0.0,2020,centre19,Zone3,Neighbourhood376,Dwelling2
VR_4353,Ont.,0.0,0.0,0.0,0.0,0.0,2020,centre19,Zone3,Neighbourhood377,Dwelling1
VR_4354,Ont.,0.0,0.0,0.0,0.0,0.0,2020,centre19,Zone3,Neighbourhood377,Dwelling2
VR_4355,Ont.,0.0,0.0,0.0,0.0,0.0,2020,centre19,Zone3,Neighbourhood378,Dwelling1
VR_4356,Ont.,0.0,0.0,0.0,0.0,0.0,2020,centre19,Zone3,Neighbourhood378,Dwelling2
VR_4357,Ont.,0.0,0.0,0.0,0.0,0.0,2020,centre19,Zone3,Neighbourhood379,Dwelling1
VR_4358,Ont.,0.0,0.0,0.0,0.0,0.0,2020,centre19,Zone3,Neighbourhood379,Dwelling2
VR_4359,Ont.,0.0,0.0,0.0,0.0,0.0,2020,centre19,Zone3,Neighbourhood380,Dwelling1
VR_4360,Ont.,0.0,0.0,0.0,0.0,0.0,2020,centre19,Zone3,Neighbourhood380,Dwelling2
VR_4361,Ont.,0.0,0.0,0.0,0.0,0.0,2020,centre19,Zone3,Neighbourhood381,Dwelling1
VR_4362,Ont.,0.0,0.0,0.0,0.0,0.0,2020,centre19,Zone3,Neighbourhood381,Dwelling2
VR_4363,Ont.,0.0,0.0,0.0,0.0,0.0,2020,centre19,Zone3,Neighbourhood382,Dwelling1
VR_4364,Ont.,0.0,0.0,0.0,0.0,0.0,2020,centre19,Zone3,Neighbourhood382,Dwelling2
VR_4365,Ont.,0.0,0.0,0.0,0.0,0.0,2020,centre19,Zone136,Neighbourhood383,Dwelling1
VR_4366,Ont.,0.0,1.4,0.0,0.0,3.0,2020,centre19,Zone136,Neighbourhood383,Dwelling2
VR_4367,Ont.,0.0,0.0,0.0,0.0,0.0,2020,centre19,Zone136,Neighbourhood384,Dwelling1
VR_4368,Ont.,0.0,0.0,0.0,0.0,0.0,2020,centre19,Zone136,Neighbourhood384,Dwelling2
VR_4369,Ont.,0.0,0.0,0.0,0.4,0.4,2020,centre20,Zone137,Neighbourhood385,Dwelling1
VR_4370,Ont.,0.0,2.0,1.8,0.0,1.8,2020,centre20,Zone137,Neighbourhood385,Dwelling2
VR_4371,Ont.,0.0,0.0,0.0,0.0,0.0,2020,centre20,Zone138,Neighbourhood386,Dwelling1
VR_4372,Ont.,0.0,5.4,2.3,0.0,3.1,2020,centre20,Zone138,Neighbourhood386,Dwelling2
VR_4373,Ont.,0.0,0.0,0.0,0.0,0.0,2020,centre20,Zone139,Neighbourhood387,Dwelling1
VR_4374,Ont.,0.0,1.3,1.8,0.0,1.8,2020,centre20,Zone139,Neighbourhood387,Dwelling2
VR_4375,Ont.,0.0,0.0,0.0,0.0,0.0,2020,centre20,Zone140,Neighbourhood388,Dwelling1
VR_4376,Ont.,0.0,0.0,0.6,0.0,0.7,2020,centre20,Zone140,Neighbourhood388,Dwelling2
VR_4377,Ont.,0.0,0.0,0.0,0.0,0.0,2020,centre21,Zone93,Neighbourhood252,Dwelling1
VR_4378,Ont.,3.6,6.5,2.8,0.0,5.3,2020,centre21,Zone93,Neighbourhood252,Dwelling2
VR_4379,Ont.,0.0,0.0,0.0,0.0,0.0,2020,centre21,Zone141,Neighbourhood389,Dwelling1
VR_4380,Ont.,0.0,0.0,0.0,0.0,8.2,2020,centre21,Zone141,Neighbourhood389,Dwelling2
VR_4381,Ont.,0.0,0.0,0.0,0.0,0.0,2020,centre21,Zone141,Neighbourhood390,Dwelling1
VR_4382,Ont.,2.6,5.1,0.0,0.0,5.5,2020,centre21,Zone141,Neighbourhood390,Dwelling2
VR_4383,Ont.,0.0,0.0,0.0,0.0,0.0,2020,centre21,Zone142,Neighbourhood391,Dwelling1
VR_4384,Ont.,0.0,4.4,0.0,0.0,3.2,2020,centre21,Zone142,Neighbourhood391,Dwelling2
VR_4385,Ont.,0.0,0.0,0.0,0.0,0.0,2020,centre21,Zone142,Neighbourhood392,Dwelling1
VR_4386,Ont.,0.0,0.2,0.0,1.4,1.5,2020,centre21,Zone142,Neighbourhood392,Dwelling2
VR_4387,Ont.,0.0,0.0,0.0,8.4,8.7,2020,centre21,Zone143,Neighbourhood393,Dwelling1
VR_4388,Ont.,0.0,4.2,0.0,0.0,6.7,2020,centre21,Zone143,Neighbourhood393,Dwelling2
VR_4389,Ont.,0.0,0.0,0.0,0.0,0.0,2020,centre21,Zone144,Neighbourhood394,Dwelling1
VR_4390,Ont.,0.0,0.0,0.0,0.0,0.0,2020,centre21,Zone144,Neighbourhood394,Dwelling2
VR_4391,Ont.,0.0,0.0,0.0,0.0,0.0,2020,centre21,Zone144,Neighbourhood395,Dwelling1
VR_4392,Ont.,1.0,1.6,1.5,0.0,1.5,2020,centre21,Zone144,Neighbourhood395,Dwelling2
VR_4393,Ont.,0.0,0.0,0.0,0.0,0.0,2020,centre21,Zone144,Neighbourhood396,Dwelling1
VR_4394,Ont.,1.1,1.2,0.8,0.0,1.0,2020,centre21,Zone144,Neighbourhood396,Dwelling2
VR_4395,Ont.,0.0,0.0,0.0,0.0,0.0,2020,centre21,Zone145,Neighbourhood397,Dwelling1
VR_4396,Ont.,0.0,3.4,3.4,0.0,3.1,2020,centre21,Zone145,Neighbourhood397,Dwelling2
VR_4397,Ont.,0.0,0.0,0.0,0.0,0.0,2020,centre21,Zone145,Neighbourhood398,Dwelling1
VR_4398,Ont.,9.1,7.2,0.0,0.0,6.6,2020,centre21,Zone145,Neighbourhood398,Dwelling2
VR_4399,Ont.,0.0,0.0,0.0,0.0,0.0,2020,centre21,Zone145,Neighbourhood399,Dwelling1
VR_4400,Ont.,1.5,3.4,4.2,0.0,3.5,2020,centre21,Zone145,Neighbourhood399,Dwelling2
VR_4401,Ont.,0.0,0.0,0.0,0.0,0.0,2020,centre21,Zone146,Neighbourhood400,Dwelling1
VR_4402,Ont.,1.5,1.1,1.6,0.0,1.3,2020,centre21,Zone146,Neighbourhood400,Dwelling2
VR_4403,Ont.,0.0,0.0,0.0,0.5,0.5,2020,centre21,Zone146,Neighbourhood401,Dwelling1
VR_4404,Ont.,0.0,2.8,1.0,0.0,1.8,2020,centre21,Zone146,Neighbourhood401,Dwelling2
VR_4405,Ont.,0.0,0.0,0.0,0.0,0.0,2020,centre21,Zone147,Neighbourhood402,Dwelling1
VR_4406,Ont.,0.0,0.8,0.1,0.0,0.4,2020,centre21,Zone147,Neighbourhood402,Dwelling2
VR_4407,Ont.,0.0,0.0,0.0,0.0,0.0,2020,centre21,Zone147,Neighbourhood403,Dwelling1
VR_4408,Ont.,2.3,2.2,1.0,0.9,1.7,2020,centre21,Zone147,Neighbourhood403,Dwelling2
VR_4409,Ont.,0.0,0.0,0.0,0.0,0.0,2020,centre21,Zone148,Neighbourhood404,Dwelling1
VR_4410,Ont.,1.7,0.9,1.8,0.0,1.3,2020,centre21,Zone148,Neighbourhood404,Dwelling2
VR_4411,Ont.,0.0,0.0,0.0,0.0,0.0,2020,centre21,Zone149,Neighbourhood194,Dwelling1
VR_4412,Ont.,0.0,5.3,0.0,0.0,0.0,2020,centre21,Zone149,Neighbourhood194,Dwelling2
VR_4413,Ont.,0.0,0.0,0.0,0.4,0.4,2020,centre21,Zone150,Neighbourhood405,Dwelling1
VR_4414,Ont.,0.0,0.0,0.8,0.0,1.1,2020,centre21,Zone150,Neighbourhood405,Dwelling2
VR_4415,Ont.,0.0,0.0,1.2,1.5,1.5,2020,centre21,Zone150,Neighbourhood406,Dwelling1
VR_4416,Ont.,0.7,1.5,2.0,0.0,1.6,2020,centre21,Zone150,Neighbourhood406,Dwelling2
VR_4417,Ont.,0.0,0.0,0.0,0.0,0.0,2020,centre21,Zone151,Neighbourhood407,Dwelling1
VR_4418,Ont.,0.0,0.0,0.0,0.0,0.0,2020,centre21,Zone151,Neighbourhood407,Dwelling2
VR_4419,Ont.,0.0,0.0,0.0,0.0,0.0,2020,centre21,Zone151,Neighbourhood408,Dwelling1
VR_4420,Ont.,0.0,0.0,0.0,0.0,0.0,2020,centre21,Zone151,Neighbourhood408,Dwelling2
VR_4421,Ont.,0.0,0.0,0.0,2.3,2.3,2020,centre21,Zone152,Neighbourhood409,Dwelling1
VR_4422,Ont.,0.0,4.6,2.7,0.0,5.2,2020,centre21,Zone152,Neighbourhood409,Dwelling2
VR_4423,Ont.,0.0,0.0,0.0,0.0,0.0,2020,centre21,Zone152,Neighbourhood410,Dwelling1
VR_4424,Ont.,0.0,0.0,0.5,0.0,1.4,2020,centre21,Zone152,Neighbourhood410,Dwelling2
VR_4425,Ont.,0.0,0.0,8.6,1.4,4.9,2020,centre21,Zone152,Neighbourhood411,Dwelling1
VR_4426,Ont.,0.0,0.0,0.0,0.0,0.0,2020,centre21,Zone152,Neighbourhood411,Dwelling2
VR_4427,Ont.,0.0,0.0,0.0,0.0,0.0,2020,centre21,Zone153,Neighbourhood412,Dwelling1
VR_4428,Ont.,0.0,1.3,4.6,0.0,2.8,2020,centre21,Zone153,Neighbourhood412,Dwelling2
VR_4429,Ont.,0.0,0.0,0.0,0.0,0.0,2020,centre21,Zone153,Neighbourhood413,Dwelling1
VR_4430,Ont.,0.0,0.0,0.0,0.0,0.0,2020,centre21,Zone153,Neighbourhood413,Dwelling2
VR_4431,Ont.,0.0,0.0,0.0,0.0,0.0,2020,centre21,Zone154,Neighbourhood414,Dwelling1
VR_4432,Ont.,0.0,0.0,0.0,0.0,0.0,2020,centre21,Zone154,Neighbourhood414,Dwelling2
VR_4433,Ont.,0.0,0.0,0.0,0.0,0.0,2020,centre22,Zone93,Neighbourhood415,Dwelling1
VR_4434,Ont.,0.0,2.2,4.4,2.8,3.0,2020,centre22,Zone93,Neighbourhood415,Dwelling2
VR_4435,Ont.,0.0,0.0,0.0,0.0,0.0,2020,centre22,Zone93,Neighbourhood416,Dwelling1
VR_4436,Ont.,0.0,3.4,2.7,0.0,2.8,2020,centre22,Zone93,Neighbourhood416,Dwelling2
VR_4437,Ont.,0.0,0.0,0.0,0.0,0.0,2020,centre22,Zone3,Neighbourhood417,Dwelling1
VR_4438,Ont.,0.0,1.8,1.7,3.6,2.0,2020,centre22,Zone3,Neighbourhood417,Dwelling2
VR_4439,Ont.,0.0,0.0,0.0,0.0,0.0,2020,centre22,Zone3,Neighbourhood418,Dwelling1
VR_4440,Ont.,0.0,0.0,0.0,0.0,0.0,2020,centre22,Zone3,Neighbourhood418,Dwelling2
VR_4441,Ont.,0.0,0.0,0.0,0.0,0.0,2020,centre22,Zone3,Neighbourhood419,Dwelling1
VR_4442,Ont.,0.0,0.0,5.2,0.0,4.8,2020,centre22,Zone3,Neighbourhood419,Dwelling2
VR_4443,Ont.,0.0,0.0,0.0,0.0,0.0,2020,centre22,Zone3,Neighbourhood420,Dwelling1
VR_4444,Ont.,0.0,0.0,0.0,0.0,0.0,2020,centre22,Zone3,Neighbourhood420,Dwelling2
VR_4445,Ont.,0.0,0.0,0.0,0.0,0.0,2020,centre22,Zone3,Neighbourhood421,Dwelling1
VR_4446,Ont.,0.0,0.0,0.0,0.0,0.0,2020,centre22,Zone3,Neighbourhood421,Dwelling2
VR_4447,Ont.,0.0,0.0,0.0,0.0,0.0,2020,centre23,Zone155,Neighbourhood422,Dwelling1
VR_4448,Ont.,0.0,0.6,0.7,3.3,0.9,2020,centre23,Zone155,Neighbourhood422,Dwelling2
VR_4449,Ont.,0.0,0.0,0.0,0.0,0.0,2020,centre23,Zone156,Neighbourhood423,Dwelling1
VR_4450,Ont.,0.0,0.0,2.0,0.0,1.6,2020,centre23,Zone156,Neighbourhood423,Dwelling2
VR_4451,Ont.,0.0,0.0,2.0,0.0,2.2,2020,centre23,Zone156,Neighbourhood424,Dwelling1
VR_4452,Ont.,0.0,1.4,0.9,1.4,1.2,2020,centre23,Zone156,Neighbourhood424,Dwelling2
VR_4453,Ont.,0.0,0.0,0.0,0.0,0.0,2020,centre23,Zone157,Neighbourhood425,Dwelling1
VR_4454,Ont.,0.0,0.6,0.0,0.0,0.0,2020,centre23,Zone157,Neighbourhood425,Dwelling2
VR_4455,Ont.,0.0,0.0,0.0,0.0,1.9,2020,centre23,Zone157,Neighbourhood426,Dwelling1
VR_4456,Ont.,0.0,0.0,0.0,0.0,0.0,2020,centre23,Zone157,Neighbourhood426,Dwelling2
VR_4457,Ont.,0.0,0.0,0.0,0.0,0.0,2020,centre23,Zone157,Neighbourhood427,Dwelling1
VR_4458,Ont.,0.0,0.0,0.8,0.0,5.6,2020,centre23,Zone157,Neighbourhood427,Dwelling2
VR_4459,Ont.,0.0,0.0,0.0,0.0,0.0,2020,centre23,Zone3,Neighbourhood428,Dwelling1
VR_4460,Ont.,0.0,0.0,0.0,0.0,0.0,2020,centre23,Zone3,Neighbourhood428,Dwelling2
VR_4461,Ont.,0.0,0.0,0.0,0.0,0.0,2020,centre23,Zone3,Neighbourhood429,Dwelling1
VR_4462,Ont.,0.0,0.0,0.0,0.0,0.0,2020,centre23,Zone3,Neighbourhood429,Dwelling2
VR_4463,Ont.,0.0,0.0,0.0,0.0,0.0,2020,centre23,Zone3,Neighbourhood430,Dwelling1
VR_4464,Ont.,0.0,0.0,0.0,0.0,0.0,2020,centre23,Zone3,Neighbourhood430,Dwelling2
VR_4465,Ont.,0.0,0.0,0.0,0.0,0.0,2020,centre23,Zone3,Neighbourhood431,Dwelling1
VR_4466,Ont.,0.0,1.0,0.0,0.0,2.1,2020,centre23,Zone3,Neighbourhood431,Dwelling2
VR_4467,Ont.,0.0,0.0,0.0,0.0,0.0,2020,centre24,Zone158,Neighbourhood432,Dwelling1
VR_4468,Ont.,0.0,2.7,2.3,0.0,2.6,2020,centre24,Zone158,Neighbourhood432,Dwelling2
VR_4469,Ont.,0.0,0.0,0.0,0.0,0.0,2020,centre24,Zone158,Neighbourhood433,Dwelling1
VR_4470,Ont.,5.8,3.5,2.1,0.0,3.5,2020,centre24,Zone158,Neighbourhood433,Dwelling2
VR_4471,Ont.,0.0,0.0,0.0,0.0,0.0,2020,centre24,Zone158,Neighbourhood434,Dwelling1
VR_4472,Ont.,0.0,0.0,3.0,0.0,2.8,2020,centre24,Zone158,Neighbourhood434,Dwelling2
VR_4473,Ont.,0.0,0.0,0.0,0.0,0.0,2020,centre24,Zone158,Neighbourhood435,Dwelling1
VR_4474,Ont.,0.0,2.7,2.3,0.0,2.6,2020,centre24,Zone158,Neighbourhood435,Dwelling2
VR_4475,Ont.,0.0,0.0,0.0,0.0,0.0,2020,centre24,Zone158,Neighbourhood436,Dwelling1
VR_4476,Ont.,0.0,0.0,0.0,0.0,0.0,2020,centre24,Zone158,Neighbourhood436,Dwelling2
VR_4477,Ont.,0.0,0.0,0.0,0.0,0.0,2020,centre24,Zone159,Neighbourhood255,Dwelling1
VR_4478,Ont.,0.0,0.0,5.9,0.0,7.3,2020,centre24,Zone159,Neighbourhood255,Dwelling2
VR_4479,Ont.,0.0,0.0,0.0,0.0,0.0,2020,centre24,Zone159,Neighbourhood437,Dwelling1
VR_4480,Ont.,9.4,1.1,10.0,0.0,6.7,2020,centre24,Zone159,Neighbourhood437,Dwelling2
VR_4481,Ont.,0.0,0.0,0.0,0.0,0.0,2020,centre24,Zone159,Neighbourhood438,Dwelling1
VR_4482,Ont.,0.0,3.3,4.5,0.0,3.8,2020,centre24,Zone159,Neighbourhood438,Dwelling2
VR_4483,Ont.,0.0,0.0,0.0,0.0,0.0,2020,centre24,Zone159,Neighbourhood439,Dwelling1
VR_4484,Ont.,0.0,0.0,0.0,0.0,0.0,2020,centre24,Zone159,Neighbourhood439,Dwelling2
VR_4485,Ont.,0.0,0.0,0.0,0.0,0.0,2020,centre25,Zone160,Neighbourhood440,Dwelling1
VR_4486,Ont.,0.0,7.8,1.9,0.0,5.2,2020,centre25,Zone160,Neighbourhood440,Dwelling2
VR_4487,Ont.,0.0,0.0,0.0,0.0,0.0,2020,centre25,Zone160,Neighbourhood441,Dwelling1
VR_4488,Ont.,6.9,7.4,3.8,0.0,7.2,2020,centre25,Zone160,Neighbourhood441,Dwelling2
VR_4489,Ont.,0.0,0.0,0.0,0.0,0.0,2020,centre25,Zone160,Neighbourhood442,Dwelling1
VR_4490,Ont.,0.0,0.0,0.0,0.0,0.0,2020,centre25,Zone160,Neighbourhood442,Dwelling2
VR_4491,Ont.,0.0,0.0,0.0,0.0,0.0,2020,centre25,Zone160,Neighbourhood443,Dwelling1
VR_4492,Ont.,5.7,0.0,0.0,0.0,0.0,2020,centre25,Zone160,Neighbourhood443,Dwelling2
VR_4493,Ont.,0.0,0.0,0.0,0.0,0.0,2020,centre25,Zone160,Neighbourhood444,Dwelling1
VR_4494,Ont.,6.8,7.0,0.0,0.0,7.1,2020,centre25,Zone160,Neighbourhood444,Dwelling2
VR_4495,Ont.,0.0,0.0,0.0,0.0,0.0,2020,centre25,Zone160,Neighbourhood445,Dwelling1
VR_4496,Ont.,11.7,10.2,10.8,0.0,10.8,2020,centre25,Zone160,Neighbourhood445,Dwelling2
VR_4497,Ont.,0.0,0.0,0.0,0.0,0.0,2020,centre25,Zone160,Neighbourhood446,Dwelling1
VR_4498,Ont.,0.0,0.0,0.0,0.0,0.0,2020,centre25,Zone160,Neighbourhood446,Dwelling2
VR_4499,Ont.,0.0,0.0,0.0,0.0,0.0,2020,centre25,Zone160,Neighbourhood447,Dwelling1
VR_4500,Ont.,2.9,5.2,3.7,0.0,4.8,2020,centre25,Zone160,Neighbourhood447,Dwelling2
VR_4501,Ont.,0.0,0.0,0.0,0.0,0.0,2020,centre25,Zone160,Neighbourhood448,Dwelling1
VR_4502,Ont.,0.0,0.0,0.0,0.0,0.5,2020,centre25,Zone160,Neighbourhood448,Dwelling2
VR_4503,Ont.,0.0,0.0,0.0,0.0,0.0,2020,centre25,Zone161,Neighbourhood449,Dwelling1
VR_4504,Ont.,0.0,0.0,0.0,0.0,5.3,2020,centre25,Zone161,Neighbourhood449,Dwelling2
VR_4505,Ont.,0.0,0.0,0.0,0.0,0.0,2020,centre25,Zone161,Neighbourhood450,Dwelling1
VR_4506,Ont.,0.0,3.8,1.0,0.0,2.9,2020,centre25,Zone161,Neighbourhood450,Dwelling2
VR_4507,Ont.,0.0,0.0,0.0,0.0,0.0,2020,centre25,Zone161,Neighbourhood451,Dwelling1
VR_4508,Ont.,0.0,7.1,2.4,0.0,5.3,2020,centre25,Zone161,Neighbourhood451,Dwelling2
VR_4509,Ont.,0.0,0.0,0.0,0.0,0.0,2020,centre25,Zone161,Neighbourhood452,Dwelling1
VR_4510,Ont.,4.5,0.0,0.0,0.0,0.0,2020,centre25,Zone161,Neighbourhood452,Dwelling2
VR_4511,Ont.,0.0,0.0,0.0,0.0,0.0,2020,centre25,Zone161,Neighbourhood453,Dwelling1
VR_4512,Ont.,3.2,2.4,1.5,0.0,2.4,2020,centre25,Zone161,Neighbourhood453,Dwelling2
VR_4513,Ont.,0.0,0.0,0.0,0.0,0.0,2020,centre25,Zone162,Neighbourhood454,Dwelling1
VR_4514,Ont.,3.0,4.4,3.9,0.0,4.2,2020,centre25,Zone162,Neighbourhood454,Dwelling2
VR_4515,Ont.,0.0,0.0,0.0,0.0,0.0,2020,centre25,Zone162,Neighbourhood455,Dwelling1
VR_4516,Ont.,0.0,5.4,2.7,0.0,4.0,2020,centre25,Zone162,Neighbourhood455,Dwelling2
VR_4517,Ont.,0.0,0.0,0.0,0.0,0.0,2020,centre25,Zone162,Neighbourhood456,Dwelling1
VR_4518,Ont.,1.0,5.4,0.0,0.0,5.4,2020,centre25,Zone162,Neighbourhood456,Dwelling2
VR_4519,Ont.,0.0,0.0,0.0,0.0,0.0,2020,centre25,Zone162,Neighbourhood457,Dwelling1
VR_4520,Ont.,0.0,0.0,2.3,0.0,5.6,2020,centre25,Zone162,Neighbourhood457,Dwelling2
VR_4521,Ont.,0.0,0.0,0.0,0.0,0.0,2020,centre25,Zone162,Neighbourhood458,Dwelling1
VR_4522,Ont.,5.0,3.8,1.6,0.0,3.5,2020,centre25,Zone162,Neighbourhood458,Dwelling2
VR_4523,Ont.,0.0,0.0,0.0,0.0,0.0,2020,centre25,Zone162,Neighbourhood459,Dwelling1
VR_4524,Ont.,4.5,4.2,4.3,0.0,4.3,2020,centre25,Zone162,Neighbourhood459,Dwelling2
VR_4525,Ont.,0.0,0.0,0.0,0.0,0.0,2020,centre25,Zone162,Neighbourhood460,Dwelling1
VR_4526,Ont.,0.0,3.1,4.4,0.0,4.0,2020,centre25,Zone162,Neighbourhood460,Dwelling2
VR_4527,Ont.,0.0,0.0,0.0,0.0,0.0,2020,centre25,Zone162,Neighbourhood461,Dwelling1
VR_4528,Ont.,2.9,4.4,0.0,0.0,0.0,2020,centre25,Zone162,Neighbourhood461,Dwelling2
VR_4529,Ont.,0.0,0.0,0.0,0.0,0.0,2020,centre25,Zone162,Neighbourhood462,Dwelling1
VR_4530,Ont.,0.0,5.0,0.0,0.0,4.1,2020,centre25,Zone162,Neighbourhood462,Dwelling2
VR_4531,Ont.,0.0,0.0,0.0,0.0,0.0,2020,centre25,Zone162,Neighbourhood463,Dwelling1
VR_4532,Ont.,0.0,2.9,3.4,1.9,3.3,2020,centre25,Zone162,Neighbourhood463,Dwelling2
VR_4533,Ont.,0.0,0.0,0.0,0.0,0.0,2020,centre25,Zone163,Neighbourhood464,Dwelling1
VR_4534,Ont.,4.6,5.3,0.0,0.0,5.5,2020,centre25,Zone163,Neighbourhood464,Dwelling2
VR_4535,Ont.,0.0,0.0,0.0,0.0,0.0,2020,centre25,Zone163,Neighbourhood465,Dwelling1
VR_4536,Ont.,0.0,0.0,0.0,0.0,0.0,2020,centre25,Zone163,Neighbourhood465,Dwelling2
VR_4537,Ont.,0.0,0.0,0.0,0.0,0.0,2020,centre25,Zone163,Neighbourhood466,Dwelling1
VR_4538,Ont.,0.0,0.0,0.0,0.0,0.0,2020,centre25,Zone163,Neighbourhood466,Dwelling2
VR_4539,Ont.,0.0,0.0,0.0,0.0,0.0,2020,centre25,Zone163,Neighbourhood467,Dwelling1
VR_4540,Ont.,0.0,0.0,0.0,0.0,0.0,2020,centre25,Zone163,Neighbourhood467,Dwelling2
VR_4541,Ont.,0.0,0.0,0.0,0.0,0.0,2020,centre25,Zone163,Neighbourhood468,Dwelling1
VR_4542,Ont.,0.0,4.9,0.0,0.0,3.6,2020,centre25,Zone163,Neighbourhood468,Dwelling2
VR_4543,Ont.,0.0,0.0,0.0,0.0,0.0,2020,centre25,Zone163,Neighbourhood469,Dwelling1
VR_4544,Ont.,5.6,6.1,5.2,0.0,6.8,2020,centre25,Zone163,Neighbourhood469,Dwelling2
VR_4545,Ont.,0.0,0.0,0.0,0.0,0.0,2020,centre25,Zone163,Neighbourhood470,Dwelling1
VR_4546,Ont.,0.0,0.0,0.0,0.0,0.0,2020,centre25,Zone163,Neighbourhood470,Dwelling2
VR_4547,Ont.,0.0,0.0,0.0,0.0,0.0,2020,centre25,Zone163,Neighbourhood471,Dwelling1
VR_4548,Ont.,0.0,0.0,0.0,0.0,0.0,2020,centre25,Zone163,Neighbourhood471,Dwelling2
VR_4549,Ont.,0.0,0.0,0.0,0.0,0.0,2020,centre25,Zone164,Neighbourhood472,Dwelling1
VR_4550,Ont.,1.9,2.0,0.0,0.0,3.6,2020,centre25,Zone164,Neighbourhood472,Dwelling2
VR_4551,Ont.,0.0,0.0,0.0,0.0,0.0,2020,centre25,Zone164,Neighbourhood473,Dwelling1
VR_4552,Ont.,0.0,0.0,0.0,0.0,0.0,2020,centre25,Zone164,Neighbourhood473,Dwelling2
VR_4553,Ont.,0.0,0.0,0.0,0.0,0.0,2020,centre25,Zone164,Neighbourhood474,Dwelling1
VR_4554,Ont.,0.0,0.0,4.4,0.0,5.5,2020,centre25,Zone164,Neighbourhood474,Dwelling2
VR_4555,Ont.,0.0,0.0,0.0,0.0,0.0,2020,centre25,Zone164,Neighbourhood475,Dwelling1
VR_4556,Ont.,0.0,0.0,0.0,0.0,0.0,2020,centre25,Zone164,Neighbourhood475,Dwelling2
VR_4557,Ont.,0.0,0.0,0.0,0.0,0.0,2020,centre25,Zone164,Neighbourhood476,Dwelling1
VR_4558,Ont.,0.0,0.0,0.0,0.0,0.3,2020,centre25,Zone164,Neighbourhood476,Dwelling2
VR_4559,Ont.,0.0,0.0,0.0,0.0,0.0,2020,centre25,Zone164,Neighbourhood477,Dwelling1
VR_4560,Ont.,0.0,5.1,1.8,0.0,2.9,2020,centre25,Zone164,Neighbourhood477,Dwelling2
VR_4561,Ont.,0.0,0.0,0.0,0.0,0.0,2020,centre25,Zone165,Neighbourhood478,Dwelling1
VR_4562,Ont.,0.0,0.0,0.0,0.0,0.0,2020,centre25,Zone165,Neighbourhood478,Dwelling2
VR_4563,Ont.,0.0,0.0,0.0,0.0,0.0,2020,centre25,Zone165,Neighbourhood479,Dwelling1
VR_4564,Ont.,7.8,4.7,2.3,1.2,3.5,2020,centre25,Zone165,Neighbourhood479,Dwelling2
VR_4565,Ont.,0.0,0.0,0.0,0.0,0.0,2020,centre25,Zone165,Neighbourhood480,Dwelling1
VR_4566,Ont.,0.0,1.2,2.6,1.3,2.1,2020,centre25,Zone165,Neighbourhood480,Dwelling2
VR_4567,Ont.,0.0,0.0,0.0,0.0,0.0,2020,centre25,Zone165,Neighbourhood481,Dwelling1
VR_4568,Ont.,0.0,0.0,0.3,0.0,0.4,2020,centre25,Zone165,Neighbourhood481,Dwelling2
VR_4569,Ont.,0.0,0.0,0.0,0.0,0.0,2020,centre25,Zone165,Neighbourhood482,Dwelling1
VR_4570,Ont.,0.0,0.0,0.0,0.0,0.0,2020,centre25,Zone165,Neighbourhood482,Dwelling2
VR_4571,Ont.,0.0,0.0,0.0,0.0,0.0,2020,centre25,Zone165,Neighbourhood483,Dwelling1
VR_4572,Ont.,0.0,2.3,1.1,0.0,1.4,2020,centre25,Zone165,Neighbourhood483,Dwelling2
VR_4573,Ont.,0.0,0.0,0.0,0.0,0.0,2020,centre25,Zone165,Neighbourhood484,Dwelling1
VR_4574,Ont.,0.0,0.0,0.6,0.0,0.4,2020,centre25,Zone165,Neighbourhood484,Dwelling2
VR_4575,Ont.,0.0,0.0,0.0,0.0,0.0,2020,centre25,Zone165,Neighbourhood485,Dwelling1
VR_4576,Ont.,0.0,5.9,3.7,0.7,3.3,2020,centre25,Zone165,Neighbourhood485,Dwelling2
VR_4577,Ont.,0.0,0.0,0.0,2.4,1.5,2020,centre25,Zone165,Neighbourhood486,Dwelling1
VR_4578,Ont.,0.0,4.9,3.9,0.3,3.6,2020,centre25,Zone165,Neighbourhood486,Dwelling2
VR_4579,Ont.,0.0,0.0,0.0,0.0,0.0,2020,centre25,Zone166,Neighbourhood487,Dwelling1
VR_4580,Ont.,0.0,0.0,0.3,0.0,0.2,2020,centre25,Zone166,Neighbourhood487,Dwelling2
VR_4581,Ont.,0.0,0.0,0.0,0.0,0.0,2020,centre25,Zone166,Neighbourhood488,Dwelling1
VR_4582,Ont.,0.0,0.4,2.0,0.6,1.0,2020,centre25,Zone166,Neighbourhood488,Dwelling2
VR_4583,Ont.,0.0,0.0,1.3,0.0,0.4,2020,centre25,Zone166,Neighbourhood489,Dwelling1
VR_4584,Ont.,0.0,4.4,0.7,0.0,2.2,2020,centre25,Zone166,Neighbourhood489,Dwelling2
VR_4585,Ont.,0.0,0.0,0.0,0.0,0.0,2020,centre25,Zone166,Neighbourhood490,Dwelling1
VR_4586,Ont.,0.0,3.7,1.7,1.5,1.8,2020,centre25,Zone166,Neighbourhood490,Dwelling2
VR_4587,Ont.,0.0,0.0,0.0,0.0,0.0,2020,centre25,Zone167,Neighbourhood491,Dwelling1
VR_4588,Ont.,0.0,3.7,4.8,1.7,4.4,2020,centre25,Zone167,Neighbourhood491,Dwelling2
VR_4589,Ont.,0.0,0.0,0.0,0.0,0.0,2020,centre25,Zone167,Neighbourhood492,Dwelling1
VR_4590,Ont.,0.0,0.0,0.0,0.0,0.0,2020,centre25,Zone167,Neighbourhood492,Dwelling2
VR_4591,Ont.,0.0,0.0,0.0,0.0,0.0,2020,centre25,Zone167,Neighbourhood493,Dwelling1
VR_4592,Ont.,0.0,0.0,0.0,0.0,0.0,2020,centre25,Zone167,Neighbourhood493,Dwelling2
VR_4593,Ont.,0.0,0.0,0.0,0.0,0.0,2020,centre25,Zone167,Neighbourhood494,Dwelling1
VR_4594,Ont.,0.0,0.0,0.0,0.0,0.0,2020,centre25,Zone167,Neighbourhood494,Dwelling2
VR_4595,Ont.,0.0,0.0,0.0,0.0,0.0,2020,centre25,Zone167,Neighbourhood495,Dwelling1
VR_4596,Ont.,0.0,1.1,0.0,0.0,0.5,2020,centre25,Zone167,Neighbourhood495,Dwelling2
VR_4597,Ont.,0.0,0.0,0.0,0.0,0.0,2020,centre25,Zone167,Neighbourhood496,Dwelling1
VR_4598,Ont.,0.0,0.4,0.2,0.0,0.0,2020,centre25,Zone167,Neighbourhood496,Dwelling2
VR_4599,Ont.,0.0,0.0,0.0,0.0,0.0,2020,centre25,Zone167,Neighbourhood497,Dwelling1
VR_4600,Ont.,0.0,2.0,1.4,0.0,1.8,2020,centre25,Zone167,Neighbourhood497,Dwelling2
VR_4601,Ont.,0.0,0.0,0.0,0.0,0.0,2020,centre25,Zone167,Neighbourhood498,Dwelling1
VR_4602,Ont.,6.0,4.1,0.0,0.0,3.7,2020,centre25,Zone167,Neighbourhood498,Dwelling2
VR_4603,Ont.,0.0,0.0,0.0,0.0,0.0,2020,centre25,Zone167,Neighbourhood499,Dwelling1
VR_4604,Ont.,0.0,4.1,0.0,0.0,2.9,2020,centre25,Zone167,Neighbourhood499,Dwelling2
VR_4605,Ont.,0.0,0.0,0.0,0.0,0.0,2020,centre25,Zone167,Neighbourhood500,Dwelling1
VR_4606,Ont.,9.8,3.1,0.0,0.0,4.5,2020,centre25,Zone167,Neighbourhood500,Dwelling2
VR_4607,Ont.,0.0,0.0,0.0,0.0,0.0,2020,centre25,Zone168,Neighbourhood501,Dwelling1
VR_4608,Ont.,0.0,4.0,2.5,0.0,3.9,2020,centre25,Zone168,Neighbourhood501,Dwelling2
VR_4609,Ont.,0.0,0.0,0.0,0.0,0.0,2020,centre25,Zone168,Neighbourhood502,Dwelling1
VR_4610,Ont.,0.0,1.2,0.0,0.0,0.8,2020,centre25,Zone168,Neighbourhood502,Dwelling2
VR_4611,Ont.,0.0,0.0,0.0,0.0,0.0,2020,centre25,Zone168,Neighbourhood503,Dwelling1
VR_4612,Ont.,0.0,0.0,0.0,0.0,0.0,2020,centre25,Zone168,Neighbourhood503,Dwelling2
VR_4613,Ont.,0.0,0.0,0.0,0.0,0.0,2020,centre25,Zone168,Neighbourhood504,Dwelling1
VR_4614,Ont.,6.7,6.1,4.6,4.4,5.7,2020,centre25,Zone168,Neighbourhood504,Dwelling2
VR_4615,Ont.,0.0,0.0,0.0,0.0,0.0,2020,centre25,Zone168,Neighbourhood505,Dwelling1
VR_4616,Ont.,0.0,4.3,1.4,0.0,2.8,2020,centre25,Zone168,Neighbourhood505,Dwelling2
VR_4617,Ont.,0.0,0.0,0.0,0.0,0.0,2020,centre25,Zone168,Neighbourhood506,Dwelling1
VR_4618,Ont.,0.0,0.0,0.0,0.0,0.0,2020,centre25,Zone168,Neighbourhood506,Dwelling2
VR_4619,Ont.,0.0,0.0,0.0,0.0,0.0,2020,centre25,Zone168,Neighbourhood507,Dwelling1
VR_4620,Ont.,0.0,2.5,1.3,2.2,1.9,2020,centre25,Zone168,Neighbourhood507,Dwelling2
VR_4621,Ont.,0.0,0.0,0.0,0.0,0.0,2020,centre25,Zone168,Neighbourhood508,Dwelling1
VR_4622,Ont.,0.0,3.3,4.4,0.0,3.2,2020,centre25,Zone168,Neighbourhood508,Dwelling2
VR_4623,Ont.,0.0,0.0,0.0,0.0,0.0,2020,centre25,Zone169,Neighbourhood509,Dwelling1
VR_4624,Ont.,0.0,5.2,1.9,0.0,3.4,2020,centre25,Zone169,Neighbourhood509,Dwelling2
VR_4625,Ont.,0.0,0.0,0.0,0.0,0.0,2020,centre25,Zone169,Neighbourhood510,Dwelling1
VR_4626,Ont.,0.0,2.3,1.2,0.0,1.5,2020,centre25,Zone169,Neighbourhood510,Dwelling2
VR_4627,Ont.,0.0,0.0,0.0,0.0,0.0,2020,centre25,Zone169,Neighbourhood511,Dwelling1
VR_4628,Ont.,2.1,3.6,1.4,0.8,1.8,2020,centre25,Zone169,Neighbourhood511,Dwelling2
VR_4629,Ont.,0.0,0.0,0.0,0.0,0.0,2020,centre25,Zone169,Neighbourhood512,Dwelling1
VR_4630,Ont.,0.0,2.3,3.1,0.0,2.4,2020,centre25,Zone169,Neighbourhood512,Dwelling2
VR_4631,Ont.,0.0,0.0,0.0,0.0,0.0,2020,centre25,Zone169,Neighbourhood340,Dwelling1
VR_4632,Ont.,10.3,2.0,1.7,0.0,2.5,2020,centre25,Zone169,Neighbourhood340,Dwelling2
VR_4633,Ont.,0.0,0.0,0.0,0.0,0.0,2020,centre25,Zone169,Neighbourhood513,Dwelling1
VR_4634,Ont.,0.0,1.1,0.0,0.0,0.7,2020,centre25,Zone169,Neighbourhood513,Dwelling2
VR_4635,Ont.,0.0,0.0,0.0,0.0,0.0,2020,centre25,Zone169,Neighbourhood514,Dwelling1
VR_4636,Ont.,3.3,2.4,1.6,0.0,1.9,2020,centre25,Zone169,Neighbourhood514,Dwelling2
VR_4637,Ont.,0.0,0.0,0.0,0.0,0.0,2020,centre25,Zone169,Neighbourhood515,Dwelling1
VR_4638,Ont.,0.0,2.1,0.5,0.0,1.3,2020,centre25,Zone169,Neighbourhood515,Dwelling2
VR_4639,Ont.,0.0,0.0,0.0,0.0,0.0,2020,centre25,Zone169,Neighbourhood516,Dwelling1
VR_4640,Ont.,0.0,2.2,2.8,0.0,2.8,2020,centre25,Zone169,Neighbourhood516,Dwelling2
VR_4641,Ont.,0.0,0.0,0.0,0.0,0.0,2020,centre25,Zone169,Neighbourhood517,Dwelling1
VR_4642,Ont.,0.0,0.0,1.6,0.0,2.1,2020,centre25,Zone169,Neighbourhood517,Dwelling2
VR_4643,Ont.,0.0,0.0,0.0,0.0,0.0,2020,centre25,Zone170,Neighbourhood518,Dwelling1
VR_4644,Ont.,0.0,3.6,1.9,0.0,2.4,2020,centre25,Zone170,Neighbourhood518,Dwelling2
VR_4645,Ont.,0.0,0.0,0.0,0.0,0.0,2020,centre25,Zone170,Neighbourhood519,Dwelling1
VR_4646,Ont.,0.0,3.3,2.3,3.1,2.8,2020,centre25,Zone170,Neighbourhood519,Dwelling2
VR_4647,Ont.,0.0,0.0,0.0,0.0,0.0,2020,centre25,Zone170,Neighbourhood520,Dwelling1
VR_4648,Ont.,0.0,2.6,2.2,0.0,2.1,2020,centre25,Zone170,Neighbourhood520,Dwelling2
VR_4649,Ont.,0.0,0.0,0.0,0.0,0.0,2020,centre25,Zone171,Neighbourhood521,Dwelling1
VR_4650,Ont.,0.0,3.0,0.7,0.3,1.3,2020,centre25,Zone171,Neighbourhood521,Dwelling2
VR_4651,Ont.,0.0,0.0,0.0,0.0,0.0,2020,centre25,Zone171,Neighbourhood522,Dwelling1
VR_4652,Ont.,0.0,0.0,0.0,2.8,1.0,2020,centre25,Zone171,Neighbourhood522,Dwelling2
VR_4653,Ont.,0.0,0.0,0.0,0.0,0.0,2020,centre25,Zone171,Neighbourhood523,Dwelling1
VR_4654,Ont.,0.0,2.3,0.6,0.0,1.4,2020,centre25,Zone171,Neighbourhood523,Dwelling2
VR_4655,Ont.,0.0,0.0,0.0,0.0,0.0,2020,centre25,Zone171,Neighbourhood524,Dwelling1
VR_4656,Ont.,0.0,2.1,1.3,0.8,1.7,2020,centre25,Zone171,Neighbourhood524,Dwelling2
VR_4657,Ont.,0.0,0.0,0.0,0.0,0.0,2020,centre25,Zone171,Neighbourhood525,Dwelling1
VR_4658,Ont.,0.0,3.2,1.2,1.0,2.3,2020,centre25,Zone171,Neighbourhood525,Dwelling2
VR_4659,Ont.,0.0,0.0,0.0,0.0,0.0,2020,centre25,Zone171,Neighbourhood526,Dwelling1
VR_4660,Ont.,0.0,0.0,0.0,0.0,0.0,2020,centre25,Zone171,Neighbourhood526,Dwelling2
VR_4661,Ont.,0.0,0.0,0.0,0.0,0.0,2020,centre25,Zone172,Neighbourhood527,Dwelling1
VR_4662,Ont.,0.0,4.2,1.9,0.4,2.6,2020,centre25,Zone172,Neighbourhood527,Dwelling2
VR_4663,Ont.,0.0,0.0,0.0,0.0,0.0,2020,centre25,Zone172,Neighbourhood528,Dwelling1
VR_4664,Ont.,0.0,1.8,1.0,0.0,1.3,2020,centre25,Zone172,Neighbourhood528,Dwelling2
VR_4665,Ont.,0.0,0.0,0.0,0.0,0.0,2020,centre25,Zone172,Neighbourhood529,Dwelling1
VR_4666,Ont.,0.0,4.2,2.1,3.3,3.0,2020,centre25,Zone172,Neighbourhood529,Dwelling2
VR_4667,Ont.,0.0,0.0,0.0,0.6,0.5,2020,centre25,Zone172,Neighbourhood530,Dwelling1
VR_4668,Ont.,0.0,3.8,1.0,2.4,2.3,2020,centre25,Zone172,Neighbourhood530,Dwelling2
VR_4669,Ont.,0.0,0.0,0.0,0.0,0.0,2020,centre25,Zone172,Neighbourhood531,Dwelling1
VR_4670,Ont.,0.0,4.8,4.6,0.7,3.8,2020,centre25,Zone172,Neighbourhood531,Dwelling2
VR_4671,Ont.,0.0,0.0,0.0,0.0,0.0,2020,centre25,Zone173,Neighbourhood532,Dwelling1
VR_4672,Ont.,0.0,4.1,3.3,3.2,3.6,2020,centre25,Zone173,Neighbourhood532,Dwelling2
VR_4673,Ont.,0.0,0.0,0.0,0.0,0.0,2020,centre25,Zone173,Neighbourhood533,Dwelling1
VR_4674,Ont.,0.0,4.0,1.7,1.8,2.3,2020,centre25,Zone173,Neighbourhood533,Dwelling2
VR_4675,Ont.,0.0,0.0,0.0,0.0,0.0,2020,centre25,Zone173,Neighbourhood534,Dwelling1
VR_4676,Ont.,0.0,6.1,3.2,0.0,4.1,2020,centre25,Zone173,Neighbourhood534,Dwelling2
VR_4677,Ont.,0.0,0.0,0.0,0.0,0.0,2020,centre25,Zone173,Neighbourhood535,Dwelling1
VR_4678,Ont.,0.0,3.2,2.3,0.0,3.0,2020,centre25,Zone173,Neighbourhood535,Dwelling2
VR_4679,Ont.,0.0,0.0,0.0,0.0,0.0,2020,centre25,Zone173,Neighbourhood536,Dwelling1
VR_4680,Ont.,0.0,0.0,0.0,0.0,0.0,2020,centre25,Zone173,Neighbourhood536,Dwelling2
VR_4681,Ont.,0.0,0.0,0.0,0.0,0.0,2020,centre25,Zone174,Neighbourhood537,Dwelling1
VR_4682,Ont.,0.0,2.3,0.0,0.0,3.3,2020,centre25,Zone174,Neighbourhood537,Dwelling2
VR_4683,Ont.,0.0,0.0,0.0,0.0,0.0,2020,centre25,Zone174,Neighbourhood538,Dwelling1
VR_4684,Ont.,0.0,1.3,1.1,0.0,1.2,2020,centre25,Zone174,Neighbourhood538,Dwelling2
VR_4685,Ont.,0.0,0.0,0.0,0.0,0.0,2020,centre25,Zone174,Neighbourhood539,Dwelling1
VR_4686,Ont.,0.0,2.9,0.0,0.0,2.1,2020,centre25,Zone174,Neighbourhood539,Dwelling2
VR_4687,Ont.,0.0,0.0,0.0,0.0,0.0,2020,centre25,Zone174,Neighbourhood540,Dwelling1
VR_4688,Ont.,0.0,2.7,1.6,0.0,2.1,2020,centre25,Zone174,Neighbourhood540,Dwelling2
VR_4689,Ont.,0.0,0.0,0.0,0.0,0.0,2020,centre25,Zone174,Neighbourhood541,Dwelling1
VR_4690,Ont.,0.0,0.0,2.3,0.0,2.5,2020,centre25,Zone174,Neighbourhood541,Dwelling2
VR_4691,Ont.,0.0,0.0,0.0,0.0,0.0,2020,centre25,Zone174,Neighbourhood542,Dwelling1
VR_4692,Ont.,0.0,0.0,0.0,0.0,0.0,2020,centre25,Zone174,Neighbourhood542,Dwelling2
VR_4693,Ont.,0.0,0.0,0.0,0.0,0.0,2020,centre25,Zone175,Neighbourhood543,Dwelling1
VR_4694,Ont.,0.0,4.0,1.4,0.0,2.3,2020,centre25,Zone175,Neighbourhood543,Dwelling2
VR_4695,Ont.,0.0,0.0,0.0,0.0,0.0,2020,centre25,Zone175,Neighbourhood544,Dwelling1
VR_4696,Ont.,0.0,5.6,2.0,0.0,3.8,2020,centre25,Zone175,Neighbourhood544,Dwelling2
VR_4697,Ont.,0.0,0.0,0.0,0.0,0.0,2020,centre25,Zone175,Neighbourhood545,Dwelling1
VR_4698,Ont.,0.0,5.0,0.5,1.2,2.0,2020,centre25,Zone175,Neighbourhood545,Dwelling2
VR_4699,Ont.,0.0,0.0,0.0,0.0,0.0,2020,centre25,Zone175,Neighbourhood546,Dwelling1
VR_4700,Ont.,10.2,3.6,1.7,0.7,2.2,2020,centre25,Zone175,Neighbourhood546,Dwelling2
VR_4701,Ont.,0.0,0.0,0.0,0.0,0.0,2020,centre25,Zone175,Neighbourhood547,Dwelling1
VR_4702,Ont.,5.2,3.1,2.7,0.5,2.7,2020,centre25,Zone175,Neighbourhood547,Dwelling2
VR_4703,Ont.,0.0,0.0,0.0,0.0,0.0,2020,centre25,Zone176,Neighbourhood548,Dwelling1
VR_4704,Ont.,4.5,2.5,1.1,1.0,1.7,2020,centre25,Zone176,Neighbourhood548,Dwelling2
VR_4705,Ont.,0.0,0.0,0.0,1.6,1.5,2020,centre25,Zone176,Neighbourhood549,Dwelling1
VR_4706,Ont.,0.0,1.1,1.3,0.0,1.4,2020,centre25,Zone176,Neighbourhood549,Dwelling2
VR_4707,Ont.,0.0,0.0,0.0,0.0,0.0,2020,centre25,Zone177,Neighbourhood550,Dwelling1
VR_4708,Ont.,0.0,3.0,2.9,0.0,3.1,2020,centre25,Zone177,Neighbourhood550,Dwelling2
VR_4709,Ont.,0.0,0.0,0.0,0.0,0.0,2020,centre25,Zone177,Neighbourhood551,Dwelling1
VR_4710,Ont.,0.0,1.9,1.1,2.7,1.6,2020,centre25,Zone177,Neighbourhood551,Dwelling2
VR_4711,Ont.,0.0,0.0,0.0,0.0,0.0,2020,centre25,Zone177,Neighbourhood552,Dwelling1
VR_4712,Ont.,3.6,2.3,1.3,1.1,1.7,2020,centre25,Zone177,Neighbourhood552,Dwelling2
VR_4713,Ont.,0.0,0.0,0.0,0.0,0.0,2020,centre25,Zone178,Neighbourhood553,Dwelling1
VR_4714,Ont.,0.0,2.1,1.4,0.7,1.6,2020,centre25,Zone178,Neighbourhood553,Dwelling2
VR_4715,Ont.,0.0,0.0,0.0,0.0,0.0,2020,centre25,Zone178,Neighbourhood554,Dwelling1
VR_4716,Ont.,0.0,3.5,3.6,1.9,3.3,2020,centre25,Zone178,Neighbourhood554,Dwelling2
VR_4717,Ont.,0.0,0.0,0.0,0.8,0.8,2020,centre25,Zone179,Neighbourhood555,Dwelling1
VR_4718,Ont.,1.9,4.3,2.4,1.6,3.0,2020,centre25,Zone179,Neighbourhood555,Dwelling2
VR_4719,Ont.,0.0,0.0,0.0,0.0,0.0,2020,centre25,Zone179,Neighbourhood556,Dwelling1
VR_4720,Ont.,0.0,0.0,2.4,2.5,2.2,2020,centre25,Zone179,Neighbourhood556,Dwelling2
VR_4721,Ont.,0.0,0.0,0.0,0.0,0.0,2020,centre25,Zone180,Neighbourhood557,Dwelling1
VR_4722,Ont.,0.0,2.6,2.3,1.4,2.5,2020,centre25,Zone180,Neighbourhood557,Dwelling2
VR_4723,Ont.,0.0,0.0,0.0,0.0,0.0,2020,centre25,Zone181,Neighbourhood558,Dwelling1
VR_4724,Ont.,0.0,3.2,2.4,0.8,2.4,2020,centre25,Zone181,Neighbourhood558,Dwelling2
VR_4725,Ont.,0.0,0.0,0.0,0.0,0.0,2020,centre25,Zone182,Neighbourhood559,Dwelling1
VR_4726,Ont.,0.0,1.6,2.3,0.0,2.0,2020,centre25,Zone182,Neighbourhood559,Dwelling2
VR_4727,Ont.,0.0,0.0,0.0,0.0,0.0,2020,centre25,Zone182,Neighbourhood560,Dwelling1
VR_4728,Ont.,0.0,2.6,4.2,0.9,3.3,2020,centre25,Zone182,Neighbourhood560,Dwelling2
VR_4729,Ont.,0.0,0.0,0.0,0.0,0.0,2020,centre25,Zone183,Neighbourhood561,Dwelling1
VR_4730,Ont.,0.0,0.0,0.0,0.0,0.0,2020,centre25,Zone183,Neighbourhood561,Dwelling2
VR_4731,Ont.,0.0,0.0,0.0,0.0,0.0,2020,centre25,Zone184,Neighbourhood562,Dwelling1
VR_4732,Ont.,0.0,1.7,3.2,0.0,2.2,2020,centre25,Zone184,Neighbourhood562,Dwelling2
VR_4733,Ont.,0.0,0.0,0.0,0.0,0.0,2020,centre25,Zone185,Neighbourhood563,Dwelling1
VR_4734,Ont.,0.0,0.0,0.0,0.0,0.0,2020,centre25,Zone185,Neighbourhood563,Dwelling2
VR_4735,Ont.,0.0,0.0,0.0,0.0,0.0,2020,centre25,Zone185,Neighbourhood564,Dwelling1
VR_4736,Ont.,0.0,1.7,0.7,0.0,0.9,2020,centre25,Zone185,Neighbourhood564,Dwelling2
VR_4737,Ont.,0.0,0.0,0.0,0.0,0.0,2020,centre25,Zone185,Neighbourhood565,Dwelling1
VR_4738,Ont.,0.0,1.5,0.0,0.0,0.8,2020,centre25,Zone185,Neighbourhood565,Dwelling2
VR_4739,Ont.,0.0,0.0,0.0,0.0,0.0,2020,centre25,Zone185,Neighbourhood566,Dwelling1
VR_4740,Ont.,0.0,0.0,0.0,0.0,0.0,2020,centre25,Zone185,Neighbourhood566,Dwelling2
VR_4741,Ont.,0.0,0.0,0.0,0.0,0.0,2020,centre25,Zone186,Neighbourhood567,Dwelling1
VR_4742,Ont.,0.0,2.7,3.7,1.0,3.1,2020,centre25,Zone186,Neighbourhood567,Dwelling2
VR_4743,Ont.,0.0,0.0,0.0,0.0,0.0,2020,centre25,Zone187,Neighbourhood568,Dwelling1
VR_4744,Ont.,0.0,0.0,2.0,1.0,1.7,2020,centre25,Zone187,Neighbourhood568,Dwelling2
VR_4745,Ont.,0.0,0.0,0.0,0.0,0.0,2020,centre25,Zone187,Neighbourhood569,Dwelling1
VR_4746,Ont.,0.0,5.5,0.9,0.0,2.4,2020,centre25,Zone187,Neighbourhood569,Dwelling2
VR_4747,Ont.,0.0,0.0,0.0,0.0,0.0,2020,centre25,Zone188,Neighbourhood570,Dwelling1
VR_4748,Ont.,0.0,2.7,0.7,0.0,1.5,2020,centre25,Zone188,Neighbourhood570,Dwelling2
VR_4749,Ont.,0.0,0.0,0.0,0.0,0.0,2020,centre25,Zone189,Neighbourhood571,Dwelling1
VR_4750,Ont.,0.0,0.7,0.0,0.0,1.0,2020,centre25,Zone189,Neighbourhood571,Dwelling2
VR_4751,Ont.,0.0,0.0,0.0,0.0,0.0,2020,centre25,Zone190,Neighbourhood572,Dwelling1
VR_4752,Ont.,0.0,0.0,1.6,2.1,1.1,2020,centre25,Zone190,Neighbourhood572,Dwelling2
VR_4753,Ont.,0.0,0.0,0.0,0.0,0.0,2020,centre26,Zone191,Neighbourhood252,Dwelling1
VR_4754,Ont.,0.0,5.4,4.5,0.0,5.8,2020,centre26,Zone191,Neighbourhood252,Dwelling2
VR_4755,Ont.,0.0,0.0,0.0,0.0,0.0,2020,centre26,Zone191,Neighbourhood573,Dwelling1
VR_4756,Ont.,0.0,0.0,0.0,0.0,0.0,2020,centre26,Zone191,Neighbourhood573,Dwelling2
VR_4757,Ont.,0.0,0.0,0.0,0.0,0.0,2020,centre26,Zone191,Neighbourhood574,Dwelling1
VR_4758,Ont.,0.0,0.0,0.0,0.0,0.0,2020,centre26,Zone191,Neighbourhood574,Dwelling2
VR_4759,Ont.,0.0,0.0,0.0,0.0,0.0,2020,centre26,Zone192,Neighbourhood575,Dwelling1
VR_4760,Ont.,0.0,0.0,0.0,0.0,0.0,2020,centre26,Zone192,Neighbourhood575,Dwelling2
VR_4761,Ont.,0.0,0.0,0.0,0.0,0.0,2020,centre26,Zone192,Neighbourhood576,Dwelling1
VR_4762,Ont.,0.0,1.8,1.4,0.0,1.6,2020,centre26,Zone192,Neighbourhood576,Dwelling2
VR_4763,Ont.,0.0,0.0,0.0,0.0,0.0,2020,centre26,Zone193,Neighbourhood577,Dwelling1
VR_4764,Ont.,4.0,1.9,0.0,0.0,2.6,2020,centre26,Zone193,Neighbourhood577,Dwelling2
VR_4765,Ont.,0.0,0.0,0.0,0.0,0.0,2020,centre26,Zone193,Neighbourhood578,Dwelling1
VR_4766,Ont.,0.0,0.0,1.2,0.0,0.7,2020,centre26,Zone193,Neighbourhood578,Dwelling2
VR_4767,Ont.,0.0,0.0,2.3,1.3,1.6,2020,centre26,Zone193,Neighbourhood579,Dwelling1
VR_4768,Ont.,0.0,0.6,0.2,0.0,0.3,2020,centre26,Zone193,Neighbourhood579,Dwelling2
VR_4769,Ont.,0.0,0.0,0.0,0.0,0.0,2020,centre26,Zone193,Neighbourhood580,Dwelling1
VR_4770,Ont.,0.0,0.0,0.0,0.0,0.0,2020,centre26,Zone193,Neighbourhood580,Dwelling2
VR_4771,Ont.,0.0,0.0,6.7,0.0,0.0,2020,centre26,Zone193,Neighbourhood581,Dwelling1
VR_4772,Ont.,0.0,0.0,0.0,0.0,0.0,2020,centre26,Zone193,Neighbourhood581,Dwelling2
VR_4773,Ont.,0.0,0.0,0.0,0.0,0.0,2020,centre26,Zone20,Neighbourhood582,Dwelling1
VR_4774,Ont.,0.0,0.0,0.0,0.0,7.6,2020,centre26,Zone20,Neighbourhood582,Dwelling2
VR_4775,Ont.,0.0,0.0,0.0,0.0,0.0,2020,centre26,Zone20,Neighbourhood583,Dwelling1
VR_4776,Ont.,0.0,3.3,4.1,0.0,3.7,2020,centre26,Zone20,Neighbourhood583,Dwelling2
VR_4777,Ont.,0.0,0.0,0.0,0.0,0.0,2020,centre26,Zone20,Neighbourhood584,Dwelling1
VR_4778,Ont.,0.0,0.0,0.0,0.0,0.0,2020,centre26,Zone20,Neighbourhood584,Dwelling2
VR_4779,Ont.,0.0,0.0,0.0,0.0,0.0,2020,centre26,Zone194,Neighbourhood585,Dwelling1
VR_4780,Ont.,0.0,0.0,1.9,0.0,4.7,2020,centre26,Zone194,Neighbourhood585,Dwelling2
VR_4781,Ont.,0.0,0.0,0.0,0.0,0.0,2020,centre26,Zone3,Neighbourhood3,Dwelling1
VR_4782,Ont.,0.0,0.0,0.0,0.0,0.0,2020,centre26,Zone3,Neighbourhood3,Dwelling2
VR_4783,Man.,0.0,0.0,0.0,0.0,0.0,2020,centre27,Zone195,Neighbourhood586,Dwelling1
VR_4784,Man.,0.0,0.0,2.6,0.0,2.0,2020,centre27,Zone195,Neighbourhood586,Dwelling2
VR_4785,Man.,0.0,0.0,0.0,0.0,0.0,2020,centre27,Zone195,Neighbourhood587,Dwelling1
VR_4786,Man.,0.0,4.3,3.5,2.6,3.8,2020,centre27,Zone195,Neighbourhood587,Dwelling2
VR_4787,Man.,0.0,0.0,0.0,0.0,0.0,2020,centre27,Zone195,Neighbourhood588,Dwelling1
VR_4788,Man.,4.2,2.3,4.1,0.0,3.2,2020,centre27,Zone195,Neighbourhood588,Dwelling2
VR_4789,Man.,0.0,0.0,0.0,0.0,0.0,2020,centre27,Zone196,Neighbourhood252,Dwelling1
VR_4790,Man.,4.5,8.0,8.6,0.0,7.4,2020,centre27,Zone196,Neighbourhood252,Dwelling2
VR_4791,Man.,0.0,0.0,0.0,0.0,0.0,2020,centre27,Zone196,Neighbourhood589,Dwelling1
VR_4792,Man.,0.0,0.0,0.0,0.0,0.0,2020,centre27,Zone196,Neighbourhood589,Dwelling2
VR_4793,Man.,0.0,0.0,0.0,0.0,0.0,2020,centre27,Zone196,Neighbourhood590,Dwelling1
VR_4794,Man.,0.0,0.0,0.0,0.0,0.0,2020,centre27,Zone196,Neighbourhood590,Dwelling2
VR_4795,Man.,0.0,0.0,0.0,0.0,0.0,2020,centre27,Zone197,Neighbourhood591,Dwelling1
VR_4796,Man.,0.0,8.3,0.0,0.0,7.5,2020,centre27,Zone197,Neighbourhood591,Dwelling2
VR_4797,Man.,0.0,0.0,0.0,0.0,0.0,2020,centre27,Zone197,Neighbourhood592,Dwelling1
VR_4798,Man.,0.0,3.1,5.4,0.0,3.1,2020,centre27,Zone197,Neighbourhood592,Dwelling2
VR_4799,Man.,0.0,0.0,0.0,9.5,0.0,2020,centre27,Zone197,Neighbourhood253,Dwelling1
VR_4800,Man.,0.0,2.9,5.1,0.0,4.7,2020,centre27,Zone197,Neighbourhood253,Dwelling2
VR_4801,Man.,0.0,0.0,0.0,0.0,0.0,2020,centre27,Zone198,Neighbourhood593,Dwelling1
VR_4802,Man.,0.0,0.0,0.0,0.0,0.0,2020,centre27,Zone198,Neighbourhood593,Dwelling2
VR_4803,Man.,0.0,0.0,0.0,0.0,0.0,2020,centre27,Zone198,Neighbourhood594,Dwelling1
VR_4804,Man.,0.0,3.1,3.9,0.0,3.3,2020,centre27,Zone198,Neighbourhood594,Dwelling2
VR_4805,Man.,0.0,0.0,0.0,2.2,3.7,2020,centre27,Zone199,Neighbourhood595,Dwelling1
VR_4806,Man.,4.5,4.0,4.2,5.8,4.2,2020,centre27,Zone199,Neighbourhood595,Dwelling2
VR_4807,Man.,0.0,0.0,0.0,0.0,0.0,2020,centre27,Zone199,Neighbourhood596,Dwelling1
VR_4808,Man.,1.5,2.8,1.8,1.1,2.2,2020,centre27,Zone199,Neighbourhood596,Dwelling2
VR_4809,Man.,0.0,0.0,0.0,0.0,0.0,2020,centre27,Zone200,Neighbourhood597,Dwelling1
VR_4810,Man.,2.4,4.2,1.8,0.0,2.8,2020,centre27,Zone200,Neighbourhood597,Dwelling2
VR_4811,Man.,0.0,0.0,0.0,0.0,0.0,2020,centre27,Zone200,Neighbourhood598,Dwelling1
VR_4812,Man.,0.0,1.7,0.7,0.0,1.1,2020,centre27,Zone200,Neighbourhood598,Dwelling2
VR_4813,Man.,0.0,0.0,0.0,4.8,3.2,2020,centre27,Zone201,Neighbourhood599,Dwelling1
VR_4814,Man.,0.0,3.9,2.7,0.0,3.3,2020,centre27,Zone201,Neighbourhood599,Dwelling2
VR_4815,Man.,0.0,0.0,0.0,0.0,4.3,2020,centre27,Zone201,Neighbourhood600,Dwelling1
VR_4816,Man.,0.0,1.2,1.3,0.0,1.3,2020,centre27,Zone201,Neighbourhood600,Dwelling2
VR_4817,Man.,0.0,0.0,0.0,0.0,0.0,2020,centre27,Zone201,Neighbourhood601,Dwelling1
VR_4818,Man.,0.6,1.8,2.8,0.0,2.2,2020,centre27,Zone201,Neighbourhood601,Dwelling2
VR_4819,Man.,0.0,0.0,0.0,0.0,0.0,2020,centre27,Zone202,Neighbourhood602,Dwelling1
VR_4820,Man.,0.0,6.6,8.7,0.0,7.6,2020,centre27,Zone202,Neighbourhood602,Dwelling2
VR_4821,Man.,0.0,0.0,0.0,0.0,5.3,2020,centre27,Zone203,Neighbourhood603,Dwelling1
VR_4822,Man.,0.0,3.9,3.2,0.0,3.5,2020,centre27,Zone203,Neighbourhood603,Dwelling2
VR_4823,Man.,0.0,0.0,0.0,0.0,0.0,2020,centre27,Zone203,Neighbourhood604,Dwelling1
VR_4824,Man.,0.0,1.4,0.0,0.0,1.8,2020,centre27,Zone203,Neighbourhood604,Dwelling2
VR_4825,Man.,0.0,0.0,0.0,0.0,0.0,2020,centre27,Zone203,Neighbourhood605,Dwelling1
VR_4826,Man.,0.0,3.5,1.9,0.0,2.3,2020,centre27,Zone203,Neighbourhood605,Dwelling2
VR_4827,Man.,0.0,0.0,0.0,0.0,0.0,2020,centre27,Zone204,Neighbourhood606,Dwelling1
VR_4828,Man.,0.0,7.2,2.7,0.0,5.1,2020,centre27,Zone204,Neighbourhood606,Dwelling2
VR_4829,Man.,0.0,0.0,0.0,0.0,0.0,2020,centre27,Zone204,Neighbourhood607,Dwelling1
VR_4830,Man.,0.0,2.7,2.0,0.0,2.2,2020,centre27,Zone204,Neighbourhood607,Dwelling2
VR_4831,Man.,0.0,0.0,0.0,0.0,0.0,2020,centre27,Zone205,Neighbourhood608,Dwelling1
VR_4832,Man.,1.9,6.1,2.7,3.6,4.2,2020,centre27,Zone205,Neighbourhood608,Dwelling2
VR_4833,Man.,0.0,0.0,0.4,5.1,3.1,2020,centre27,Zone205,Neighbourhood609,Dwelling1
VR_4834,Man.,0.0,5.3,4.1,4.1,4.5,2020,centre27,Zone205,Neighbourhood609,Dwelling2
VR_4835,Man.,0.0,0.0,0.0,0.0,0.0,2020,centre27,Zone206,Neighbourhood610,Dwelling1
VR_4836,Man.,0.0,3.1,2.4,7.9,3.1,2020,centre27,Zone206,Neighbourhood610,Dwelling2
VR_4837,Man.,0.0,0.0,0.0,0.0,0.0,2020,centre27,Zone206,Neighbourhood611,Dwelling1
VR_4838,Man.,2.7,2.9,1.3,0.0,2.2,2020,centre27,Zone206,Neighbourhood611,Dwelling2
VR_4839,Man.,0.0,0.0,14.3,2.9,4.5,2020,centre27,Zone23,Neighbourhood612,Dwelling1
VR_4840,Man.,0.0,0.0,4.6,0.0,2.9,2020,centre27,Zone23,Neighbourhood612,Dwelling2
VR_4841,Sask.,0.0,0.0,0.0,0.0,0.0,2020,centre28,Zone108,Neighbourhood613,Dwelling1
VR_4842,Sask.,12.6,8.2,2.5,0.0,7.6,2020,centre28,Zone108,Neighbourhood613,Dwelling2
VR_4843,Sask.,0.0,0.0,0.0,0.0,0.0,2020,centre28,Zone108,Neighbourhood614,Dwelling1
VR_4844,Sask.,0.0,8.4,4.9,0.0,7.3,2020,centre28,Zone108,Neighbourhood614,Dwelling2
VR_4845,Sask.,0.0,0.0,0.0,0.0,0.0,2020,centre28,Zone108,Neighbourhood271,Dwelling1
VR_4846,Sask.,0.0,0.0,0.0,0.0,0.0,2020,centre28,Zone108,Neighbourhood271,Dwelling2
VR_4847,Sask.,0.0,0.0,0.0,0.0,0.0,2020,centre28,Zone108,Neighbourhood615,Dwelling1
VR_4848,Sask.,0.0,30.3,0.0,0.0,27.0,2020,centre28,Zone108,Neighbourhood615,Dwelling2
VR_4849,Sask.,0.0,0.0,0.0,0.0,0.0,2020,centre28,Zone108,Neighbourhood616,Dwelling1
VR_4850,Sask.,0.0,4.6,4.4,7.2,4.9,2020,centre28,Zone108,Neighbourhood616,Dwelling2
VR_4851,Sask.,0.0,0.0,0.0,0.0,0.0,2020,centre28,Zone207,Neighbourhood617,Dwelling1
VR_4852,Sask.,0.0,0.0,0.0,0.0,0.0,2020,centre28,Zone207,Neighbourhood617,Dwelling2
VR_4853,Sask.,0.0,0.0,0.0,0.0,0.0,2020,centre28,Zone207,Neighbourhood618,Dwelling1
VR_4854,Sask.,4.8,9.1,12.6,0.0,10.1,2020,centre28,Zone207,Neighbourhood618,Dwelling2
VR_4855,Sask.,0.0,0.0,0.0,0.0,0.0,2020,centre28,Zone207,Neighbourhood619,Dwelling1
VR_4856,Sask.,7.8,6.0,3.9,27.2,5.4,2020,centre28,Zone207,Neighbourhood619,Dwelling2
VR_4857,Sask.,0.0,0.0,0.0,0.0,0.0,2020,centre28,Zone207,Neighbourhood620,Dwelling1
VR_4858,Sask.,0.0,4.3,4.5,0.0,4.6,2020,centre28,Zone207,Neighbourhood620,Dwelling2
VR_4859,Sask.,0.0,0.0,0.0,0.0,0.0,2020,centre28,Zone208,Neighbourhood621,Dwelling1
VR_4860,Sask.,5.9,14.7,9.5,0.0,11.1,2020,centre28,Zone208,Neighbourhood621,Dwelling2
VR_4861,Sask.,0.0,0.0,0.0,0.0,0.0,2020,centre28,Zone208,Neighbourhood622,Dwelling1
VR_4862,Sask.,0.0,1.7,8.4,0.0,5.8,2020,centre28,Zone208,Neighbourhood622,Dwelling2
VR_4863,Sask.,0.0,0.0,0.0,0.0,0.0,2020,centre28,Zone22,Neighbourhood623,Dwelling1
VR_4864,Sask.,0.0,0.0,2.9,4.2,4.1,2020,centre28,Zone22,Neighbourhood623,Dwelling2
VR_4865,Sask.,0.0,0.0,0.0,0.0,0.0,2020,centre28,Zone22,Neighbourhood624,Dwelling1
VR_4866,Sask.,0.0,0.0,5.5,8.6,4.9,2020,centre28,Zone22,Neighbourhood624,Dwelling2
VR_4867,Sask.,0.0,0.0,0.0,1.7,1.6,2020,centre28,Zone22,Neighbourhood49,Dwelling1
VR_4868,Sask.,0.0,5.5,5.4,2.4,5.2,2020,centre28,Zone22,Neighbourhood49,Dwelling2
VR_4869,Sask.,0.0,0.0,0.0,0.0,0.0,2020,centre28,Zone20,Neighbourhood625,Dwelling1
VR_4870,Sask.,0.0,0.0,0.0,0.0,12.3,2020,centre28,Zone20,Neighbourhood625,Dwelling2
VR_4871,Sask.,0.0,0.0,0.0,0.0,0.0,2020,centre28,Zone20,Neighbourhood626,Dwelling1
VR_4872,Sask.,0.0,24.6,24.6,0.0,24.6,2020,centre28,Zone20,Neighbourhood626,Dwelling2
VR_4873,Sask.,0.0,0.0,0.0,0.0,0.0,2020,centre28,Zone20,Neighbourhood46,Dwelling1
VR_4874,Sask.,4.6,2.0,3.6,0.0,2.8,2020,centre28,Zone20,Neighbourhood46,Dwelling2
VR_4875,Sask.,0.0,0.0,0.0,0.0,0.0,2020,centre28,Zone124,Neighbourhood627,Dwelling1
VR_4876,Sask.,0.0,12.3,9.2,0.0,10.1,2020,centre28,Zone124,Neighbourhood627,Dwelling2
VR_4877,Sask.,0.0,0.0,0.0,0.0,0.0,2020,centre28,Zone124,Neighbourhood628,Dwelling1
VR_4878,Sask.,0.0,9.2,9.6,0.0,9.4,2020,centre28,Zone124,Neighbourhood628,Dwelling2
VR_4879,Sask.,0.0,0.0,0.0,0.0,0.0,2020,centre28,Zone125,Neighbourhood629,Dwelling1
VR_4880,Sask.,0.0,2.3,2.3,2.3,2.3,2020,centre28,Zone125,Neighbourhood629,Dwelling2
VR_4881,Sask.,0.0,0.0,0.0,0.0,0.0,2020,centre28,Zone23,Neighbourhood612,Dwelling1
VR_4882,Sask.,0.0,0.0,0.0,0.0,0.0,2020,centre28,Zone23,Neighbourhood612,Dwelling2
VR_4883,Sask.,0.0,0.0,0.0,0.0,0.0,2020,centre29,Zone108,Neighbourhood271,Dwelling1
VR_4884,Sask.,5.9,5.3,4.6,14.1,5.3,2020,centre29,Zone108,Neighbourhood271,Dwelling2
VR_4885,Sask.,0.0,0.0,0.0,0.0,0.0,2020,centre29,Zone108,Neighbourhood630,Dwelling1
VR_4886,Sask.,0.0,0.0,1.3,0.0,2.4,2020,centre29,Zone108,Neighbourhood630,Dwelling2
VR_4887,Sask.,0.0,0.0,0.0,0.0,0.0,2020,centre29,Zone19,Neighbourhood631,Dwelling1
VR_4888,Sask.,4.4,3.6,9.3,2.3,5.8,2020,centre29,Zone19,Neighbourhood631,Dwelling2
VR_4889,Sask.,0.0,0.0,0.0,0.0,0.0,2020,centre29,Zone19,Neighbourhood632,Dwelling1
VR_4890,Sask.,3.1,6.2,4.0,5.6,4.8,2020,centre29,Zone19,Neighbourhood632,Dwelling2
VR_4891,Sask.,0.0,0.0,0.0,0.0,0.0,2020,centre29,Zone209,Neighbourhood633,Dwelling1
VR_4892,Sask.,0.0,1.7,11.2,11.1,8.0,2020,centre29,Zone209,Neighbourhood633,Dwelling2
VR_4893,Sask.,0.0,0.0,0.0,0.0,0.0,2020,centre29,Zone209,Neighbourhood634,Dwelling1
VR_4894,Sask.,0.0,5.1,5.1,0.0,5.3,2020,centre29,Zone209,Neighbourhood634,Dwelling2
VR_4895,Sask.,0.0,0.0,0.0,0.0,0.0,2020,centre29,Zone124,Neighbourhood635,Dwelling1
VR_4896,Sask.,7.6,0.0,6.6,0.0,11.9,2020,centre29,Zone124,Neighbourhood635,Dwelling2
VR_4897,Sask.,0.0,0.0,0.0,2.0,2.0,2020,centre29,Zone124,Neighbourhood636,Dwelling1
VR_4898,Sask.,0.0,1.1,2.2,0.0,1.7,2020,centre29,Zone124,Neighbourhood636,Dwelling2
VR_4899,Sask.,0.0,0.0,0.0,0.0,0.0,2020,centre29,Zone21,Neighbourhood637,Dwelling1
VR_4900,Sask.,0.0,0.0,6.0,0.0,6.0,2020,centre29,Zone21,Neighbourhood637,Dwelling2
VR_4901,Sask.,0.0,0.0,0.0,0.0,0.0,2020,centre29,Zone21,Neighbourhood629,Dwelling1
VR_4902,Sask.,0.0,12.4,3.3,0.0,4.7,2020,centre29,Zone21,Neighbourhood629,Dwelling2
VR_4903,Sask.,0.0,0.0,0.0,0.0,0.0,2020,centre29,Zone126,Neighbourhood638,Dwelling1
VR_4904,Sask.,0.0,9.1,11.3,6.1,10.0,2020,centre29,Zone126,Neighbourhood638,Dwelling2
VR_4905,Sask.,0.0,0.0,0.0,0.0,0.0,2020,centre29,Zone126,Neighbourhood639,Dwelling1
VR_4906,Sask.,0.0,0.0,0.0,0.0,0.0,2020,centre29,Zone126,Neighbourhood639,Dwelling2
VR_4907,Sask.,0.0,0.0,0.0,0.0,0.0,2020,centre29,Zone20,Neighbourhood640,Dwelling1
VR_4908,Sask.,0.0,2.5,7.7,0.0,4.7,2020,centre29,Zone20,Neighbourhood640,Dwelling2
VR_4909,Sask.,0.0,0.0,0.0,0.0,0.0,2020,centre29,Zone20,Neighbourhood641,Dwelling1
VR_4910,Sask.,0.0,3.8,9.4,1.0,6.6,2020,centre29,Zone20,Neighbourhood641,Dwelling2
VR_4911,Sask.,0.0,0.0,0.0,0.0,0.0,2020,centre29,Zone20,Neighbourhood46,Dwelling1
VR_4912,Sask.,0.0,7.1,4.8,4.7,5.0,2020,centre29,Zone20,Neighbourhood46,Dwelling2
VR_4913,Sask.,0.0,0.0,2.5,0.0,2.2,2020,centre29,Zone23,Neighbourhood612,Dwelling1
VR_4914,Sask.,0.0,0.0,0.0,0.0,0.5,2020,centre29,Zone23,Neighbourhood612,Dwelling2
VR_4915,Alta,0.0,0.0,0.0,0.0,0.0,2020,centre30,Zone93,Neighbourhood642,Dwelling1
VR_4916,Alta,3.0,9.7,9.6,4.8,9.3,2020,centre30,Zone93,Neighbourhood642,Dwelling2
VR_4917,Alta,0.0,0.0,0.0,0.0,0.0,2020,centre30,Zone93,Neighbourhood643,Dwelling1
VR_4918,Alta,0.0,5.6,0.0,0.0,5.6,2020,centre30,Zone93,Neighbourhood643,Dwelling2
VR_4919,Alta,0.0,0.0,0.0,0.0,0.0,2020,centre30,Zone210,Neighbourhood644,Dwelling1
VR_4920,Alta,0.0,5.6,5.1,5.6,5.5,2020,centre30,Zone210,Neighbourhood644,Dwelling2
VR_4921,Alta,0.0,0.0,0.0,0.0,0.0,2020,centre30,Zone210,Neighbourhood645,Dwelling1
VR_4922,Alta,0.0,0.0,9.3,0.0,6.9,2020,centre30,Zone210,Neighbourhood645,Dwelling2
VR_4923,Alta,0.0,0.0,0.0,0.0,0.0,2020,centre30,Zone210,Neighbourhood646,Dwelling1
VR_4924,Alta,0.0,4.1,6.4,0.0,6.6,2020,centre30,Zone210,Neighbourhood646,Dwelling2
VR_4925,Alta,0.0,0.0,0.0,0.0,0.0,2020,centre30,Zone211,Neighbourhood647,Dwelling1
VR_4926,Alta,0.0,6.2,5.2,0.0,5.9,2020,centre30,Zone211,Neighbourhood647,Dwelling2
VR_4927,Alta,0.0,0.0,0.0,0.0,11.1,2020,centre30,Zone211,Neighbourhood648,Dwelling1
VR_4928,Alta,0.0,11.5,0.0,0.0,0.0,2020,centre30,Zone211,Neighbourhood648,Dwelling2
VR_4929,Alta,0.0,0.0,0.0,0.0,0.0,2020,centre30,Zone211,Neighbourhood649,Dwelling1
VR_4930,Alta,0.0,0.0,0.0,0.0,0.0,2020,centre30,Zone211,Neighbourhood649,Dwelling2
VR_4931,Alta,0.0,0.0,0.0,0.0,0.0,2020,centre30,Zone126,Neighbourhood650,Dwelling1
VR_4932,Alta,0.8,0.0,0.0,0.0,0.0,2020,centre30,Zone126,Neighbourhood650,Dwelling2
VR_4933,Alta,0.0,0.0,0.0,0.0,0.0,2020,centre30,Zone126,Neighbourhood651,Dwelling1
VR_4934,Alta,0.0,1.7,2.2,0.0,2.4,2020,centre30,Zone126,Neighbourhood651,Dwelling2
VR_4935,Alta,0.0,0.0,0.0,0.0,0.0,2020,centre30,Zone126,Neighbourhood652,Dwelling1
VR_4936,Alta,0.0,0.0,0.0,0.0,0.0,2020,centre30,Zone126,Neighbourhood652,Dwelling2
VR_4937,Alta,0.0,0.0,0.0,0.0,0.0,2020,centre30,Zone126,Neighbourhood653,Dwelling1
VR_4938,Alta,0.0,4.0,4.6,0.0,4.3,2020,centre30,Zone126,Neighbourhood653,Dwelling2
VR_4939,Alta,0.0,0.0,0.0,0.0,0.0,2020,centre30,Zone126,Neighbourhood654,Dwelling1
VR_4940,Alta,0.0,2.2,4.2,0.0,3.3,2020,centre30,Zone126,Neighbourhood654,Dwelling2
VR_4941,Alta,0.0,0.0,0.0,0.0,1.5,2020,centre30,Zone126,Neighbourhood655,Dwelling1
VR_4942,Alta,0.0,1.7,0.4,0.0,1.1,2020,centre30,Zone126,Neighbourhood655,Dwelling2
VR_4943,Alta,0.0,0.0,0.0,0.0,0.0,2020,centre30,Zone126,Neighbourhood656,Dwelling1
VR_4944,Alta,0.0,0.0,5.8,0.0,5.8,2020,centre30,Zone126,Neighbourhood656,Dwelling2
VR_4945,Alta,0.0,0.0,0.0,0.0,0.0,2020,centre30,Zone126,Neighbourhood657,Dwelling1
VR_4946,Alta,0.0,0.0,0.0,0.0,0.0,2020,centre30,Zone126,Neighbourhood657,Dwelling2
VR_4947,Alta,0.0,0.0,0.0,3.3,3.1,2020,centre30,Zone209,Neighbourhood658,Dwelling1
VR_4948,Alta,0.0,7.5,10.8,11.3,9.4,2020,centre30,Zone209,Neighbourhood658,Dwelling2
VR_4949,Alta,0.0,0.0,0.0,0.0,0.0,2020,centre30,Zone209,Neighbourhood659,Dwelling1
VR_4950,Alta,0.0,0.0,0.0,0.0,0.0,2020,centre30,Zone209,Neighbourhood659,Dwelling2
VR_4951,Alta,0.0,0.0,0.0,0.0,0.0,2020,centre30,Zone209,Neighbourhood660,Dwelling1
VR_4952,Alta,0.0,0.0,4.3,5.5,4.5,2020,centre30,Zone209,Neighbourhood660,Dwelling2
VR_4953,Alta,0.0,0.0,0.0,0.0,0.0,2020,centre30,Zone209,Neighbourhood661,Dwelling1
VR_4954,Alta,0.0,26.4,5.2,0.0,17.4,2020,centre30,Zone209,Neighbourhood661,Dwelling2
VR_4955,Alta,0.0,12.5,0.0,7.4,5.4,2020,centre30,Zone125,Neighbourhood662,Dwelling1
VR_4956,Alta,0.0,0.0,6.0,0.0,4.2,2020,centre30,Zone125,Neighbourhood662,Dwelling2
VR_4957,Alta,0.0,0.0,0.0,0.0,0.0,2020,centre30,Zone125,Neighbourhood663,Dwelling1
VR_4958,Alta,0.0,0.0,0.0,0.0,0.0,2020,centre30,Zone125,Neighbourhood663,Dwelling2
VR_4959,Alta,0.0,0.0,0.0,0.0,0.0,2020,centre30,Zone125,Neighbourhood664,Dwelling1
VR_4960,Alta,0.0,0.0,0.0,0.0,0.0,2020,centre30,Zone125,Neighbourhood664,Dwelling2
VR_4961,Alta,0.0,0.0,10.3,1.9,5.0,2020,centre30,Zone125,Neighbourhood665,Dwelling1
VR_4962,Alta,0.0,1.5,0.0,0.0,1.2,2020,centre30,Zone125,Neighbourhood665,Dwelling2
VR_4963,Alta,0.0,0.0,0.0,0.0,0.0,2020,centre30,Zone125,Neighbourhood666,Dwelling1
VR_4964,Alta,0.0,0.0,0.0,0.0,0.0,2020,centre30,Zone125,Neighbourhood666,Dwelling2
VR_4965,Alta,0.0,0.0,0.0,0.0,0.0,2020,centre30,Zone125,Neighbourhood667,Dwelling1
VR_4966,Alta,0.0,2.1,1.3,0.0,2.0,2020,centre30,Zone125,Neighbourhood667,Dwelling2
VR_4967,Alta,0.0,0.0,0.0,0.0,0.0,2020,centre30,Zone125,Neighbourhood668,Dwelling1
VR_4968,Alta,0.0,0.0,0.0,0.0,0.0,2020,centre30,Zone125,Neighbourhood668,Dwelling2
VR_4969,Alta,0.0,0.0,0.0,0.0,0.0,2020,centre30,Zone125,Neighbourhood669,Dwelling1
VR_4970,Alta,0.0,0.3,2.2,0.0,1.7,2020,centre30,Zone125,Neighbourhood669,Dwelling2
VR_4971,Alta,0.0,0.0,0.0,0.0,0.0,2020,centre30,Zone125,Neighbourhood670,Dwelling1
VR_4972,Alta,0.0,0.0,1.8,0.0,5.2,2020,centre30,Zone125,Neighbourhood670,Dwelling2
VR_4973,Alta,0.0,0.0,0.0,0.0,0.0,2020,centre30,Zone125,Neighbourhood671,Dwelling1
VR_4974,Alta,0.0,0.0,0.0,0.0,0.0,2020,centre30,Zone125,Neighbourhood671,Dwelling2
VR_4975,Alta,0.0,0.0,0.0,0.0,0.0,2020,centre30,Zone125,Neighbourhood672,Dwelling1
VR_4976,Alta,0.0,0.0,0.0,0.0,0.0,2020,centre30,Zone125,Neighbourhood672,Dwelling2
VR_4977,Alta,0.0,0.0,0.0,0.0,0.0,2020,centre30,Zone125,Neighbourhood673,Dwelling1
VR_4978,Alta,0.0,5.5,4.4,0.0,4.5,2020,centre30,Zone125,Neighbourhood673,Dwelling2
VR_4979,Alta,0.0,0.0,0.0,5.0,7.2,2020,centre30,Zone125,Neighbourhood674,Dwelling1
VR_4980,Alta,0.0,0.0,0.0,0.0,0.0,2020,centre30,Zone125,Neighbourhood674,Dwelling2
VR_4981,Alta,0.0,0.0,6.5,0.9,2.1,2020,centre30,Zone124,Neighbourhood675,Dwelling1
VR_4982,Alta,0.0,0.0,2.8,2.4,2.5,2020,centre30,Zone124,Neighbourhood675,Dwelling2
VR_4983,Alta,0.0,0.0,0.0,0.0,0.5,2020,centre30,Zone124,Neighbourhood676,Dwelling1
VR_4984,Alta,0.0,2.1,3.9,0.0,2.9,2020,centre30,Zone124,Neighbourhood676,Dwelling2
VR_4985,Alta,0.0,0.0,0.0,0.0,0.0,2020,centre30,Zone124,Neighbourhood677,Dwelling1
VR_4986,Alta,0.0,10.4,3.3,0.0,4.8,2020,centre30,Zone124,Neighbourhood677,Dwelling2
VR_4987,Alta,0.0,0.0,1.5,0.0,1.6,2020,centre30,Zone124,Neighbourhood678,Dwelling1
VR_4988,Alta,0.0,0.0,10.1,0.0,6.0,2020,centre30,Zone124,Neighbourhood678,Dwelling2
VR_4989,Alta,0.0,0.0,0.0,0.0,0.0,2020,centre30,Zone124,Neighbourhood679,Dwelling1
VR_4990,Alta,0.0,0.0,7.2,0.0,4.3,2020,centre30,Zone124,Neighbourhood679,Dwelling2
VR_4991,Alta,0.0,0.0,0.0,0.0,0.0,2020,centre30,Zone124,Neighbourhood680,Dwelling1
VR_4992,Alta,0.0,3.9,0.9,0.0,1.6,2020,centre30,Zone124,Neighbourhood680,Dwelling2
VR_4993,Alta,0.0,0.0,0.0,0.0,0.0,2020,centre30,Zone212,Neighbourhood681,Dwelling1
VR_4994,Alta,0.0,0.0,11.5,0.0,8.6,2020,centre30,Zone212,Neighbourhood681,Dwelling2
VR_4995,Alta,0.0,0.0,0.0,0.0,0.0,2020,centre30,Zone212,Neighbourhood682,Dwelling1
VR_4996,Alta,0.0,5.4,3.9,0.0,4.7,2020,centre30,Zone212,Neighbourhood682,Dwelling2
VR_4997,Alta,0.0,0.0,0.0,0.0,0.0,2020,centre30,Zone212,Neighbourhood683,Dwelling1
VR_4998,Alta,0.0,0.0,0.6,0.0,3.2,2020,centre30,Zone212,Neighbourhood683,Dwelling2
VR_4999,Alta,0.0,0.0,0.0,0.0,0.0,2020,centre30,Zone212,Neighbourhood684,Dwelling1
VR_5000,Alta,0.0,7.9,8.5,0.0,8.9,2020,centre30,Zone212,Neighbourhood684,Dwelling2
VR_5001,Alta,0.0,0.0,3.3,2.3,2.7,2020,centre30,Zone213,Neighbourhood685,Dwelling1
VR_5002,Alta,3.3,5.3,4.8,8.8,5.3,2020,centre30,Zone213,Neighbourhood685,Dwelling2
VR_5003,Alta,0.0,0.0,0.0,0.0,0.0,2020,centre30,Zone213,Neighbourhood686,Dwelling1
VR_5004,Alta,19.8,2.1,4.5,0.0,3.6,2020,centre30,Zone213,Neighbourhood686,Dwelling2
VR_5005,Alta,0.0,0.0,0.0,0.0,0.0,2020,centre30,Zone213,Neighbourhood687,Dwelling1
VR_5006,Alta,0.0,0.0,1.9,0.0,1.3,2020,centre30,Zone213,Neighbourhood687,Dwelling2
VR_5007,Alta,0.0,0.0,0.0,0.0,0.0,2020,centre30,Zone213,Neighbourhood688,Dwelling1
VR_5008,Alta,0.0,0.0,2.0,3.3,2.1,2020,centre30,Zone213,Neighbourhood688,Dwelling2
VR_5009,Alta,0.0,0.0,0.0,0.0,0.0,2020,centre30,Zone214,Neighbourhood689,Dwelling1
VR_5010,Alta,0.0,9.5,5.2,0.0,6.8,2020,centre30,Zone214,Neighbourhood689,Dwelling2
VR_5011,Alta,0.0,0.0,0.0,0.0,0.0,2020,centre30,Zone214,Neighbourhood690,Dwelling1
VR_5012,Alta,0.0,0.0,0.0,0.0,0.0,2020,centre30,Zone214,Neighbourhood690,Dwelling2
VR_5013,Alta,0.0,0.0,0.0,0.0,0.0,2020,centre30,Zone214,Neighbourhood691,Dwelling1
VR_5014,Alta,0.0,16.8,5.5,0.0,8.2,2020,centre30,Zone214,Neighbourhood691,Dwelling2
VR_5015,Alta,0.0,0.0,0.0,0.0,0.0,2020,centre31,Zone93,Neighbourhood252,Dwelling1
VR_5016,Alta,7.8,10.4,13.5,0.0,10.9,2020,centre31,Zone93,Neighbourhood252,Dwelling2
VR_5017,Alta,0.0,0.0,0.0,0.0,0.0,2020,centre31,Zone93,Neighbourhood692,Dwelling1
VR_5018,Alta,3.2,10.0,11.8,0.0,10.2,2020,centre31,Zone93,Neighbourhood692,Dwelling2
VR_5019,Alta,0.0,0.0,0.0,0.0,0.0,2020,centre31,Zone93,Neighbourhood693,Dwelling1
VR_5020,Alta,6.3,7.7,13.0,0.0,9.2,2020,centre31,Zone93,Neighbourhood693,Dwelling2
VR_5021,Alta,0.0,0.0,0.0,0.0,0.0,2020,centre31,Zone93,Neighbourhood694,Dwelling1
VR_5022,Alta,0.0,7.6,10.8,0.0,9.2,2020,centre31,Zone93,Neighbourhood694,Dwelling2
VR_5023,Alta,0.0,0.0,0.0,0.0,0.0,2020,centre31,Zone215,Neighbourhood695,Dwelling1
VR_5024,Alta,0.0,7.5,15.7,0.0,10.4,2020,centre31,Zone215,Neighbourhood695,Dwelling2
VR_5025,Alta,0.0,0.0,0.0,0.0,0.0,2020,centre31,Zone215,Neighbourhood696,Dwelling1
VR_5026,Alta,9.1,7.8,8.4,0.0,8.1,2020,centre31,Zone215,Neighbourhood696,Dwelling2
VR_5027,Alta,0.0,0.0,0.0,0.0,0.0,2020,centre31,Zone216,Neighbourhood697,Dwelling1
VR_5028,Alta,0.0,6.2,9.2,0.0,7.6,2020,centre31,Zone216,Neighbourhood697,Dwelling2
VR_5029,Alta,0.0,0.0,0.0,0.0,0.0,2020,centre31,Zone216,Neighbourhood582,Dwelling1
VR_5030,Alta,13.2,7.1,14.6,0.0,10.0,2020,centre31,Zone216,Neighbourhood582,Dwelling2
VR_5031,Alta,0.0,0.0,0.0,0.0,6.4,2020,centre31,Zone217,Neighbourhood698,Dwelling1
VR_5032,Alta,0.0,9.7,4.8,5.5,7.5,2020,centre31,Zone217,Neighbourhood698,Dwelling2
VR_5033,Alta,0.0,0.0,5.5,0.0,4.8,2020,centre31,Zone217,Neighbourhood699,Dwelling1
VR_5034,Alta,10.8,9.4,10.4,0.0,9.8,2020,centre31,Zone217,Neighbourhood699,Dwelling2
VR_5035,Alta,0.0,0.0,0.0,0.0,0.0,2020,centre31,Zone217,Neighbourhood700,Dwelling1
VR_5036,Alta,0.0,0.0,0.0,0.0,0.0,2020,centre31,Zone217,Neighbourhood700,Dwelling2
VR_5037,Alta,0.0,0.0,0.0,0.0,0.0,2020,centre31,Zone218,Neighbourhood701,Dwelling1
VR_5038,Alta,0.0,6.9,6.3,3.2,6.2,2020,centre31,Zone218,Neighbourhood701,Dwelling2
VR_5039,Alta,0.0,0.0,0.0,0.0,0.0,2020,centre31,Zone218,Neighbourhood702,Dwelling1
VR_5040,Alta,0.0,3.8,10.0,0.0,7.2,2020,centre31,Zone218,Neighbourhood702,Dwelling2
VR_5041,Alta,0.0,0.0,0.0,0.0,0.0,2020,centre31,Zone218,Neighbourhood703,Dwelling1
VR_5042,Alta,0.0,8.6,9.2,0.0,8.7,2020,centre31,Zone218,Neighbourhood703,Dwelling2
VR_5043,Alta,0.0,0.0,0.0,0.0,0.0,2020,centre31,Zone218,Neighbourhood704,Dwelling1
VR_5044,Alta,0.0,0.0,0.0,0.0,0.0,2020,centre31,Zone218,Neighbourhood704,Dwelling2
VR_5045,Alta,0.0,0.0,0.0,0.0,0.0,2020,centre31,Zone219,Neighbourhood705,Dwelling1
VR_5046,Alta,1.8,7.6,5.9,0.0,5.4,2020,centre31,Zone219,Neighbourhood705,Dwelling2
VR_5047,Alta,0.0,0.0,3.0,5.0,4.3,2020,centre31,Zone219,Neighbourhood706,Dwelling1
VR_5048,Alta,0.0,4.6,5.1,3.1,4.6,2020,centre31,Zone219,Neighbourhood706,Dwelling2
VR_5049,Alta,0.0,0.0,0.0,0.0,0.0,2020,centre31,Zone219,Neighbourhood707,Dwelling1
VR_5050,Alta,6.0,2.9,6.6,3.9,4.9,2020,centre31,Zone219,Neighbourhood707,Dwelling2
VR_5051,Alta,0.0,0.0,0.0,4.1,5.1,2020,centre31,Zone219,Neighbourhood708,Dwelling1
VR_5052,Alta,0.0,4.9,4.5,9.1,4.6,2020,centre31,Zone219,Neighbourhood708,Dwelling2
VR_5053,Alta,0.0,0.0,0.0,0.0,0.0,2020,centre31,Zone219,Neighbourhood709,Dwelling1
VR_5054,Alta,0.0,0.0,0.0,0.0,0.0,2020,centre31,Zone219,Neighbourhood709,Dwelling2
VR_5055,Alta,0.0,0.0,0.0,0.0,0.0,2020,centre31,Zone220,Neighbourhood710,Dwelling1
VR_5056,Alta,0.0,3.4,6.5,0.0,4.9,2020,centre31,Zone220,Neighbourhood710,Dwelling2
VR_5057,Alta,0.0,0.0,4.2,5.8,5.3,2020,centre31,Zone220,Neighbourhood711,Dwelling1
VR_5058,Alta,4.0,6.8,6.3,7.8,6.5,2020,centre31,Zone220,Neighbourhood711,Dwelling2
VR_5059,Alta,0.0,0.0,0.0,0.0,0.0,2020,centre31,Zone220,Neighbourhood712,Dwelling1
VR_5060,Alta,0.0,3.3,3.6,0.0,3.2,2020,centre31,Zone220,Neighbourhood712,Dwelling2
VR_5061,Alta,0.0,0.0,0.0,0.0,0.0,2020,centre31,Zone220,Neighbourhood713,Dwelling1
VR_5062,Alta,0.0,3.2,5.0,0.0,4.0,2020,centre31,Zone220,Neighbourhood713,Dwelling2
VR_5063,Alta,0.0,0.0,0.0,0.0,0.0,2020,centre31,Zone220,Neighbourhood714,Dwelling1
VR_5064,Alta,22.8,2.8,5.9,4.7,5.5,2020,centre31,Zone220,Neighbourhood714,Dwelling2
VR_5065,Alta,0.0,0.0,0.0,0.0,0.0,2020,centre31,Zone220,Neighbourhood715,Dwelling1
VR_5066,Alta,0.0,4.9,4.1,2.5,4.1,2020,centre31,Zone220,Neighbourhood715,Dwelling2
VR_5067,Alta,0.0,0.0,0.0,0.0,0.0,2020,centre31,Zone221,Neighbourhood716,Dwelling1
VR_5068,Alta,0.0,3.5,0.0,0.0,5.4,2020,centre31,Zone221,Neighbourhood716,Dwelling2
VR_5069,Alta,0.0,0.0,0.0,0.0,0.0,2020,centre31,Zone221,Neighbourhood717,Dwelling1
VR_5070,Alta,0.0,3.6,11.9,0.0,8.2,2020,centre31,Zone221,Neighbourhood717,Dwelling2
VR_5071,Alta,0.0,0.0,0.0,3.5,2.4,2020,centre31,Zone221,Neighbourhood718,Dwelling1
VR_5072,Alta,3.9,8.4,9.0,4.0,8.4,2020,centre31,Zone221,Neighbourhood718,Dwelling2
VR_5073,Alta,0.0,0.0,0.0,3.7,4.6,2020,centre31,Zone221,Neighbourhood719,Dwelling1
VR_5074,Alta,0.0,0.0,0.0,0.0,0.0,2020,centre31,Zone221,Neighbourhood719,Dwelling2
VR_5075,Alta,0.0,0.0,0.0,7.0,4.8,2020,centre31,Zone222,Neighbourhood720,Dwelling1
VR_5076,Alta,0.0,3.1,12.5,8.0,10.3,2020,centre31,Zone222,Neighbourhood720,Dwelling2
VR_5077,Alta,0.0,0.0,0.0,0.0,1.2,2020,centre31,Zone222,Neighbourhood721,Dwelling1
VR_5078,Alta,0.0,4.2,4.9,0.0,4.5,2020,centre31,Zone222,Neighbourhood721,Dwelling2
VR_5079,Alta,0.0,0.0,0.5,5.7,3.4,2020,centre31,Zone222,Neighbourhood722,Dwelling1
VR_5080,Alta,0.0,4.8,3.6,6.9,3.8,2020,centre31,Zone222,Neighbourhood722,Dwelling2
VR_5081,Alta,0.0,0.0,0.0,0.0,10.0,2020,centre31,Zone223,Neighbourhood723,Dwelling1
VR_5082,Alta,0.0,0.0,0.0,0.0,0.0,2020,centre31,Zone223,Neighbourhood723,Dwelling2
VR_5083,Alta,0.0,0.0,0.0,7.5,5.8,2020,centre31,Zone223,Neighbourhood724,Dwelling1
VR_5084,Alta,0.0,0.0,0.0,0.0,0.0,2020,centre31,Zone223,Neighbourhood724,Dwelling2
VR_5085,Alta,0.0,0.0,0.0,0.0,0.0,2020,centre31,Zone223,Neighbourhood725,Dwelling1
VR_5086,Alta,5.9,0.0,0.0,0.0,10.3,2020,centre31,Zone223,Neighbourhood725,Dwelling2
VR_5087,Alta,0.0,0.0,3.0,1.4,1.9,2020,centre31,Zone223,Neighbourhood726,Dwelling1
VR_5088,Alta,0.0,0.0,4.3,0.0,5.0,2020,centre31,Zone223,Neighbourhood726,Dwelling2
VR_5089,Alta,0.0,0.0,0.0,2.1,0.0,2020,centre31,Zone223,Neighbourhood727,Dwelling1
VR_5090,Alta,5.6,9.4,11.9,0.0,10.1,2020,centre31,Zone223,Neighbourhood727,Dwelling2
VR_5091,Alta,0.0,0.0,0.0,0.0,0.0,2020,centre31,Zone224,Neighbourhood728,Dwelling1
VR_5092,Alta,0.0,5.5,9.9,14.9,8.4,2020,centre31,Zone224,Neighbourhood728,Dwelling2
VR_5093,Alta,0.0,0.0,0.0,1.7,3.1,2020,centre31,Zone224,Neighbourhood729,Dwelling1
VR_5094,Alta,0.0,6.7,13.7,11.3,11.1,2020,centre31,Zone224,Neighbourhood729,Dwelling2
VR_5095,Alta,0.0,0.0,0.0,0.0,0.0,2020,centre31,Zone224,Neighbourhood730,Dwelling1
VR_5096,Alta,0.0,4.2,6.1,0.0,4.7,2020,centre31,Zone224,Neighbourhood730,Dwelling2
VR_5097,Alta,0.0,0.0,2.3,3.1,2.9,2020,centre31,Zone224,Neighbourhood731,Dwelling1
VR_5098,Alta,0.0,4.1,4.5,5.6,4.4,2020,centre31,Zone224,Neighbourhood731,Dwelling2
VR_5099,Alta,0.0,0.0,0.0,0.0,0.0,2020,centre31,Zone225,Neighbourhood732,Dwelling1
VR_5100,Alta,0.0,5.4,3.2,1.1,3.4,2020,centre31,Zone225,Neighbourhood732,Dwelling2
VR_5101,Alta,0.0,0.0,0.0,0.0,0.0,2020,centre31,Zone225,Neighbourhood733,Dwelling1
VR_5102,Alta,0.0,5.9,10.8,17.8,9.2,2020,centre31,Zone225,Neighbourhood733,Dwelling2
VR_5103,Alta,0.0,0.0,0.0,4.3,4.3,2020,centre31,Zone225,Neighbourhood734,Dwelling1
VR_5104,Alta,0.0,5.0,5.3,0.0,4.9,2020,centre31,Zone225,Neighbourhood734,Dwelling2
VR_5105,Alta,0.0,0.0,0.0,4.6,4.5,2020,centre31,Zone225,Neighbourhood735,Dwelling1
VR_5106,Alta,0.0,2.5,3.4,3.2,3.1,2020,centre31,Zone225,Neighbourhood735,Dwelling2
VR_5107,Alta,0.0,0.0,0.0,3.3,3.0,2020,centre31,Zone226,Neighbourhood736,Dwelling1
VR_5108,Alta,0.0,3.9,6.1,4.4,5.5,2020,centre31,Zone226,Neighbourhood736,Dwelling2
VR_5109,Alta,0.0,0.0,0.0,0.0,0.0,2020,centre31,Zone227,Neighbourhood737,Dwelling1
VR_5110,Alta,0.0,0.0,0.0,0.0,0.0,2020,centre31,Zone227,Neighbourhood737,Dwelling2
VR_5111,Alta,0.0,0.0,0.0,0.0,0.0,2020,centre31,Zone227,Neighbourhood738,Dwelling1
VR_5112,Alta,0.0,5.1,9.3,0.0,8.0,2020,centre31,Zone227,Neighbourhood738,Dwelling2
VR_5113,Alta,0.0,0.0,0.0,0.0,0.0,2020,centre31,Zone227,Neighbourhood739,Dwelling1
VR_5114,Alta,0.0,8.9,5.0,0.0,5.7,2020,centre31,Zone227,Neighbourhood739,Dwelling2
VR_5115,Alta,0.0,0.0,0.0,1.4,1.4,2020,centre31,Zone228,Neighbourhood740,Dwelling1
VR_5116,Alta,2.5,0.8,5.0,0.0,3.9,2020,centre31,Zone228,Neighbourhood740,Dwelling2
VR_5117,Alta,0.0,0.0,3.2,10.6,0.0,2020,centre31,Zone229,Neighbourhood741,Dwelling1
VR_5118,Alta,0.0,0.0,1.4,0.0,1.4,2020,centre31,Zone229,Neighbourhood741,Dwelling2
VR_5119,Alta,0.0,0.0,0.0,0.0,2.1,2020,centre31,Zone230,Neighbourhood742,Dwelling1
VR_5120,Alta,0.0,4.3,3.9,4.2,4.1,2020,centre31,Zone230,Neighbourhood742,Dwelling2
VR_5121,Alta,0.0,0.0,0.0,0.0,0.0,2020,centre31,Zone231,Neighbourhood743,Dwelling1
VR_5122,Alta,0.0,4.7,2.5,9.7,4.1,2020,centre31,Zone231,Neighbourhood743,Dwelling2
VR_5123,Alta,0.0,0.0,0.0,0.0,0.0,2020,centre31,Zone232,Neighbourhood744,Dwelling1
VR_5124,Alta,0.0,3.1,0.8,4.5,1.7,2020,centre31,Zone232,Neighbourhood744,Dwelling2
VR_5125,Alta,0.0,0.0,0.0,0.0,0.0,2020,centre31,Zone232,Neighbourhood745,Dwelling1
VR_5126,Alta,0.0,6.5,9.4,0.0,8.9,2020,centre31,Zone232,Neighbourhood745,Dwelling2
VR_5127,Alta,0.0,0.0,0.0,0.0,0.0,2020,centre32,Zone233,Neighbourhood252,Dwelling1
VR_5128,Alta,16.4,8.3,10.9,0.0,10.6,2020,centre32,Zone233,Neighbourhood252,Dwelling2
VR_5129,Alta,0.0,0.0,0.0,0.0,0.0,2020,centre32,Zone233,Neighbourhood746,Dwelling1
VR_5130,Alta,0.0,0.0,1.9,0.0,1.3,2020,centre32,Zone233,Neighbourhood746,Dwelling2
VR_5131,Alta,0.0,0.0,0.0,0.0,0.0,2020,centre32,Zone233,Neighbourhood747,Dwelling1
VR_5132,Alta,0.0,0.0,0.0,0.0,0.0,2020,centre32,Zone233,Neighbourhood747,Dwelling2
VR_5133,Alta,0.0,0.0,2.0,0.0,2.0,2020,centre32,Zone233,Neighbourhood748,Dwelling1
VR_5134,Alta,3.7,3.6,1.0,0.0,2.3,2020,centre32,Zone233,Neighbourhood748,Dwelling2
VR_5135,Alta,0.0,0.0,0.0,0.0,0.0,2020,centre32,Zone233,Neighbourhood749,Dwelling1
VR_5136,Alta,0.0,0.0,0.0,0.0,0.0,2020,centre32,Zone233,Neighbourhood749,Dwelling2
VR_5137,Alta,0.0,0.0,0.0,0.0,3.3,2020,centre32,Zone233,Neighbourhood750,Dwelling1
VR_5138,Alta,0.0,3.9,0.0,0.0,3.3,2020,centre32,Zone233,Neighbourhood750,Dwelling2
VR_5139,Alta,0.0,0.0,0.0,0.0,0.0,2020,centre32,Zone233,Neighbourhood751,Dwelling1
VR_5140,Alta,0.0,0.0,0.0,0.0,5.3,2020,centre32,Zone233,Neighbourhood751,Dwelling2
VR_5141,Alta,0.0,0.0,4.6,3.8,4.3,2020,centre32,Zone233,Neighbourhood752,Dwelling1
VR_5142,Alta,0.0,0.0,0.0,0.0,0.0,2020,centre32,Zone233,Neighbourhood752,Dwelling2
VR_5143,Alta,0.0,0.0,2.0,11.5,4.8,2020,centre32,Zone233,Neighbourhood753,Dwelling1
VR_5144,Alta,0.0,0.0,3.9,0.0,2.8,2020,centre32,Zone233,Neighbourhood753,Dwelling2
VR_5145,Alta,0.0,0.0,0.0,0.0,0.0,2020,centre32,Zone233,Neighbourhood754,Dwelling1
VR_5146,Alta,0.0,0.0,0.0,0.0,0.0,2020,centre32,Zone233,Neighbourhood754,Dwelling2
VR_5147,Alta,0.0,0.0,0.0,0.0,0.0,2020,centre32,Zone233,Neighbourhood755,Dwelling1
VR_5148,Alta,0.0,0.0,0.0,0.0,0.0,2020,centre32,Zone233,Neighbourhood755,Dwelling2
VR_5149,Alta,0.0,0.0,13.9,7.7,11.3,2020,centre32,Zone233,Neighbourhood756,Dwelling1
VR_5150,Alta,28.7,13.1,6.2,3.2,8.3,2020,centre32,Zone233,Neighbourhood756,Dwelling2
VR_5151,Alta,0.0,0.0,0.0,0.0,0.0,2020,centre32,Zone233,Neighbourhood757,Dwelling1
VR_5152,Alta,0.0,1.8,7.6,2.1,6.2,2020,centre32,Zone233,Neighbourhood757,Dwelling2
VR_5153,Alta,0.0,0.0,0.0,0.0,0.0,2020,centre32,Zone233,Neighbourhood758,Dwelling1
VR_5154,Alta,0.0,0.0,0.0,0.0,0.0,2020,centre32,Zone233,Neighbourhood758,Dwelling2
VR_5155,Alta,0.0,0.0,0.0,0.0,0.0,2020,centre32,Zone233,Neighbourhood759,Dwelling1
VR_5156,Alta,0.0,0.0,0.0,0.0,0.0,2020,centre32,Zone233,Neighbourhood759,Dwelling2
VR_5157,Alta,0.0,0.0,0.0,0.0,0.0,2020,centre32,Zone233,Neighbourhood760,Dwelling1
VR_5158,Alta,0.0,0.0,0.0,0.0,0.0,2020,centre32,Zone233,Neighbourhood760,Dwelling2
VR_5159,Alta,0.0,0.0,0.0,0.0,0.0,2020,centre32,Zone233,Neighbourhood761,Dwelling1
VR_5160,Alta,0.0,0.0,0.0,0.0,0.0,2020,centre32,Zone233,Neighbourhood761,Dwelling2
VR_5161,B.C.,0.0,0.0,0.0,0.0,0.0,2020,centre33,Zone234,Neighbourhood762,Dwelling1
VR_5162,B.C.,0.0,0.3,0.5,0.0,0.4,2020,centre33,Zone234,Neighbourhood762,Dwelling2
VR_5163,B.C.,0.0,0.0,0.0,0.0,0.0,2020,centre33,Zone234,Neighbourhood763,Dwelling1
VR_5164,B.C.,1.6,0.6,1.2,0.0,0.9,2020,centre33,Zone234,Neighbourhood763,Dwelling2
VR_5165,B.C.,0.0,0.0,0.0,0.0,0.0,2020,centre33,Zone234,Neighbourhood764,Dwelling1
VR_5166,B.C.,1.6,0.7,0.2,0.0,0.5,2020,centre33,Zone234,Neighbourhood764,Dwelling2
VR_5167,B.C.,0.0,0.0,0.0,0.0,0.0,2020,centre33,Zone234,Neighbourhood765,Dwelling1
VR_5168,B.C.,0.0,0.0,0.0,0.0,0.0,2020,centre33,Zone234,Neighbourhood765,Dwelling2
VR_5169,B.C.,0.0,0.0,0.0,0.0,0.0,2020,centre33,Zone234,Neighbourhood766,Dwelling1
VR_5170,B.C.,0.0,0.0,0.0,0.0,0.0,2020,centre33,Zone234,Neighbourhood766,Dwelling2
VR_5171,B.C.,0.0,0.0,0.0,0.0,0.0,2020,centre33,Zone235,Neighbourhood767,Dwelling1
VR_5172,B.C.,0.0,1.4,0.7,0.0,0.9,2020,centre33,Zone235,Neighbourhood767,Dwelling2
VR_5173,B.C.,0.0,0.0,4.2,0.0,4.2,2020,centre34,Zone236,Neighbourhood768,Dwelling1
VR_5174,B.C.,6.4,1.6,1.5,1.6,2.3,2020,centre34,Zone236,Neighbourhood768,Dwelling2
VR_5175,B.C.,0.0,0.0,0.0,3.5,1.5,2020,centre34,Zone237,Neighbourhood769,Dwelling1
VR_5176,B.C.,0.0,0.7,0.4,0.0,0.4,2020,centre34,Zone237,Neighbourhood769,Dwelling2
VR_5177,B.C.,0.0,0.0,0.0,0.0,0.0,2020,centre35,Zone238,Neighbourhood770,Dwelling1
VR_5178,B.C.,1.8,1.2,0.4,0.0,1.1,2020,centre35,Zone238,Neighbourhood770,Dwelling2
VR_5179,B.C.,0.0,0.0,0.0,0.0,0.0,2020,centre35,Zone238,Neighbourhood771,Dwelling1
VR_5180,B.C.,0.4,1.3,2.6,0.0,1.2,2020,centre35,Zone238,Neighbourhood771,Dwelling2
VR_5181,B.C.,0.0,0.0,0.0,0.0,0.0,2020,centre35,Zone239,Neighbourhood772,Dwelling1
VR_5182,B.C.,2.7,1.5,1.4,0.0,1.6,2020,centre35,Zone239,Neighbourhood772,Dwelling2
VR_5183,B.C.,0.0,0.0,0.0,0.0,0.0,2020,centre35,Zone93,Neighbourhood773,Dwelling1
VR_5184,B.C.,5.8,6.2,6.3,0.0,6.1,2020,centre35,Zone93,Neighbourhood773,Dwelling2
VR_5185,B.C.,0.0,0.0,0.0,0.0,0.0,2020,centre35,Zone93,Neighbourhood774,Dwelling1
VR_5186,B.C.,5.2,2.1,0.6,0.0,3.1,2020,centre35,Zone93,Neighbourhood774,Dwelling2
VR_5187,B.C.,0.0,0.0,0.0,0.0,0.0,2020,centre35,Zone93,Neighbourhood334,Dwelling1
VR_5188,B.C.,8.9,9.2,9.6,0.0,9.2,2020,centre35,Zone93,Neighbourhood334,Dwelling2
VR_5189,B.C.,0.0,0.0,0.0,0.0,0.0,2020,centre35,Zone240,Neighbourhood775,Dwelling1
VR_5190,B.C.,0.0,4.1,2.0,0.0,3.4,2020,centre35,Zone240,Neighbourhood775,Dwelling2
VR_5191,B.C.,0.0,0.0,0.0,0.0,0.0,2020,centre35,Zone240,Neighbourhood776,Dwelling1
VR_5192,B.C.,2.9,2.3,2.0,0.0,2.4,2020,centre35,Zone240,Neighbourhood776,Dwelling2
VR_5193,B.C.,0.0,0.0,0.0,0.0,0.0,2020,centre35,Zone240,Neighbourhood777,Dwelling1
VR_5194,B.C.,0.0,1.0,0.0,0.0,1.5,2020,centre35,Zone240,Neighbourhood777,Dwelling2
VR_5195,B.C.,0.0,0.0,0.0,0.0,0.0,2020,centre35,Zone241,Neighbourhood778,Dwelling1
VR_5196,B.C.,1.5,1.4,2.4,0.0,1.6,2020,centre35,Zone241,Neighbourhood778,Dwelling2
VR_5197,B.C.,0.0,0.0,0.0,0.0,0.0,2020,centre35,Zone241,Neighbourhood779,Dwelling1
VR_5198,B.C.,0.0,2.0,2.7,0.0,1.9,2020,centre35,Zone241,Neighbourhood779,Dwelling2
VR_5199,B.C.,0.0,0.0,0.0,0.0,0.0,2020,centre35,Zone241,Neighbourhood780,Dwelling1
VR_5200,B.C.,0.0,2.2,0.0,0.0,2.2,2020,centre35,Zone241,Neighbourhood780,Dwelling2
VR_5201,B.C.,0.0,0.0,0.0,0.0,0.0,2020,centre35,Zone242,Neighbourhood781,Dwelling1
VR_5202,B.C.,1.9,1.7,1.3,0.0,1.8,2020,centre35,Zone242,Neighbourhood781,Dwelling2
VR_5203,B.C.,0.0,0.0,0.0,0.0,0.0,2020,centre35,Zone242,Neighbourhood782,Dwelling1
VR_5204,B.C.,3.8,1.0,4.5,9.6,2.7,2020,centre35,Zone242,Neighbourhood782,Dwelling2
VR_5205,B.C.,0.0,0.0,0.0,0.0,0.0,2020,centre35,Zone243,Neighbourhood783,Dwelling1
VR_5206,B.C.,1.8,1.1,1.0,0.0,1.2,2020,centre35,Zone243,Neighbourhood783,Dwelling2
VR_5207,B.C.,0.0,0.0,0.0,0.0,0.0,2020,centre35,Zone243,Neighbourhood784,Dwelling1
VR_5208,B.C.,0.0,0.9,0.0,0.0,0.6,2020,centre35,Zone243,Neighbourhood784,Dwelling2
VR_5209,B.C.,0.0,0.0,0.0,0.0,0.0,2020,centre35,Zone244,Neighbourhood664,Dwelling1
VR_5210,B.C.,1.3,1.4,2.1,0.0,1.5,2020,centre35,Zone244,Neighbourhood664,Dwelling2
VR_5211,B.C.,0.0,0.0,0.0,0.0,0.0,2020,centre35,Zone244,Neighbourhood785,Dwelling1
VR_5212,B.C.,0.0,0.2,0.0,0.0,0.2,2020,centre35,Zone244,Neighbourhood785,Dwelling2
VR_5213,B.C.,0.0,0.0,0.0,0.0,0.0,2020,centre35,Zone244,Neighbourhood786,Dwelling1
VR_5214,B.C.,1.9,0.0,0.0,0.0,2.1,2020,centre35,Zone244,Neighbourhood786,Dwelling2
VR_5215,B.C.,0.0,0.0,0.0,0.0,0.0,2020,centre35,Zone244,Neighbourhood787,Dwelling1
VR_5216,B.C.,0.0,0.0,0.0,0.0,0.6,2020,centre35,Zone244,Neighbourhood787,Dwelling2
VR_5217,B.C.,0.0,0.0,0.0,0.0,0.0,2020,centre35,Zone245,Neighbourhood788,Dwelling1
VR_5218,B.C.,2.6,1.6,1.3,0.0,1.9,2020,centre35,Zone245,Neighbourhood788,Dwelling2
VR_5219,B.C.,0.0,0.0,0.0,0.0,0.0,2020,centre35,Zone245,Neighbourhood789,Dwelling1
VR_5220,B.C.,1.6,1.2,0.9,0.0,1.2,2020,centre35,Zone245,Neighbourhood789,Dwelling2
VR_5221,B.C.,0.0,0.0,0.0,0.0,0.0,2020,centre35,Zone246,Neighbourhood790,Dwelling1
VR_5222,B.C.,0.0,0.0,0.0,0.0,0.0,2020,centre35,Zone246,Neighbourhood790,Dwelling2
VR_5223,B.C.,0.0,0.0,0.0,0.0,0.0,2020,centre35,Zone246,Neighbourhood791,Dwelling1
VR_5224,B.C.,0.0,3.5,2.3,0.0,2.5,2020,centre35,Zone246,Neighbourhood791,Dwelling2
VR_5225,B.C.,0.0,0.0,0.0,0.0,0.0,2020,centre35,Zone246,Neighbourhood792,Dwelling1
VR_5226,B.C.,7.2,6.2,5.0,0.0,5.8,2020,centre35,Zone246,Neighbourhood792,Dwelling2
VR_5227,B.C.,10.8,0.0,40.0,0.0,28.6,2020,centre35,Zone247,Neighbourhood793,Dwelling1
VR_5228,B.C.,1.1,7.1,24.3,14.7,13.0,2020,centre35,Zone247,Neighbourhood793,Dwelling2
VR_5229,B.C.,0.0,0.0,0.0,0.0,0.0,2020,centre35,Zone248,Neighbourhood794,Dwelling1
VR_5230,B.C.,8.3,3.8,1.9,7.2,3.7,2020,centre35,Zone248,Neighbourhood794,Dwelling2
VR_5231,B.C.,0.0,0.0,0.0,0.0,0.0,2020,centre35,Zone248,Neighbourhood795,Dwelling1
VR_5232,B.C.,5.9,3.5,3.1,0.0,3.5,2020,centre35,Zone248,Neighbourhood795,Dwelling2
VR_5233,B.C.,0.0,0.0,0.0,0.0,0.0,2020,centre35,Zone249,Neighbourhood796,Dwelling1
VR_5234,B.C.,0.0,0.0,0.0,0.0,0.0,2020,centre35,Zone249,Neighbourhood796,Dwelling2
VR_5235,B.C.,0.0,0.0,0.0,0.0,0.0,2020,centre35,Zone249,Neighbourhood797,Dwelling1
VR_5236,B.C.,5.6,1.0,4.2,0.0,2.3,2020,centre35,Zone249,Neighbourhood797,Dwelling2
VR_5237,B.C.,0.0,0.0,0.0,0.0,0.0,2020,centre35,Zone249,Neighbourhood798,Dwelling1
VR_5238,B.C.,2.0,1.4,0.8,0.0,1.2,2020,centre35,Zone249,Neighbourhood798,Dwelling2
VR_5239,B.C.,0.0,0.0,0.0,0.0,0.0,2020,centre35,Zone250,Neighbourhood799,Dwelling1
VR_5240,B.C.,1.3,3.5,3.4,0.0,3.2,2020,centre35,Zone250,Neighbourhood799,Dwelling2
VR_5241,B.C.,0.0,0.0,0.0,0.0,0.0,2020,centre35,Zone250,Neighbourhood800,Dwelling1
VR_5242,B.C.,1.5,1.2,2.2,0.0,1.6,2020,centre35,Zone250,Neighbourhood800,Dwelling2
VR_5243,B.C.,0.0,0.0,0.0,1.6,1.3,2020,centre35,Zone250,Neighbourhood801,Dwelling1
VR_5244,B.C.,0.0,5.6,7.3,6.9,6.1,2020,centre35,Zone250,Neighbourhood801,Dwelling2
VR_5245,B.C.,0.0,0.0,0.0,0.0,0.0,2020,centre35,Zone251,Neighbourhood802,Dwelling1
VR_5246,B.C.,0.0,1.0,2.1,0.0,1.5,2020,centre35,Zone251,Neighbourhood802,Dwelling2
VR_5247,B.C.,0.0,0.0,0.0,0.0,0.0,2020,centre35,Zone251,Neighbourhood252,Dwelling1
VR_5248,B.C.,0.0,1.9,5.2,2.2,2.4,2020,centre35,Zone251,Neighbourhood252,Dwelling2
VR_5249,B.C.,0.0,0.0,0.0,0.0,0.0,2020,centre35,Zone251,Neighbourhood45,Dwelling1
VR_5250,B.C.,2.2,1.3,1.0,0.0,1.3,2020,centre35,Zone251,Neighbourhood45,Dwelling2
VR_5251,B.C.,0.0,0.0,0.0,0.0,0.0,2020,centre35,Zone251,Neighbourhood803,Dwelling1
VR_5252,B.C.,0.0,1.2,0.0,2.8,1.2,2020,centre35,Zone251,Neighbourhood803,Dwelling2
VR_5253,B.C.,0.0,0.0,0.0,0.0,0.0,2020,centre35,Zone252,Neighbourhood804,Dwelling1
VR_5254,B.C.,3.7,2.3,2.2,0.0,2.9,2020,centre35,Zone252,Neighbourhood804,Dwelling2
VR_5255,B.C.,0.0,0.0,0.0,0.0,0.0,2020,centre35,Zone252,Neighbourhood805,Dwelling1
VR_5256,B.C.,1.5,2.7,2.5,0.0,2.6,2020,centre35,Zone252,Neighbourhood805,Dwelling2
VR_5257,B.C.,0.0,0.0,0.0,0.0,0.0,2020,centre35,Zone252,Neighbourhood806,Dwelling1
VR_5258,B.C.,3.2,3.0,2.0,0.0,3.2,2020,centre35,Zone252,Neighbourhood806,Dwelling2
VR_5259,B.C.,0.0,0.0,0.0,0.0,0.0,2020,centre35,Zone252,Neighbourhood807,Dwelling1
VR_5260,B.C.,0.0,0.8,0.4,0.0,0.6,2020,centre35,Zone252,Neighbourhood807,Dwelling2
VR_5261,B.C.,0.0,0.0,0.0,0.0,0.0,2020,centre35,Zone253,Neighbourhood808,Dwelling1
VR_5262,B.C.,0.0,2.1,3.7,3.0,3.1,2020,centre35,Zone253,Neighbourhood808,Dwelling2
VR_5263,B.C.,0.0,0.0,0.0,0.0,5.0,2020,centre35,Zone253,Neighbourhood809,Dwelling1
VR_5264,B.C.,0.0,2.2,3.8,0.0,2.5,2020,centre35,Zone253,Neighbourhood809,Dwelling2
VR_5265,B.C.,0.0,0.0,0.0,0.0,0.0,2020,centre35,Zone254,Neighbourhood810,Dwelling1
VR_5266,B.C.,1.2,2.3,6.6,0.0,3.6,2020,centre35,Zone254,Neighbourhood810,Dwelling2
VR_5267,B.C.,0.0,0.0,0.0,0.0,0.0,2020,centre35,Zone254,Neighbourhood811,Dwelling1
VR_5268,B.C.,3.1,0.6,1.6,0.0,1.3,2020,centre35,Zone254,Neighbourhood811,Dwelling2
VR_5269,B.C.,0.0,0.0,2.6,1.3,1.6,2020,centre35,Zone255,Neighbourhood812,Dwelling1
VR_5270,B.C.,2.4,1.8,1.9,9.4,2.0,2020,centre35,Zone255,Neighbourhood812,Dwelling2
VR_5271,B.C.,0.0,0.0,0.0,0.0,0.0,2020,centre35,Zone255,Neighbourhood813,Dwelling1
VR_5272,B.C.,0.0,0.0,0.0,0.0,0.0,2020,centre35,Zone255,Neighbourhood813,Dwelling2
VR_5273,B.C.,0.0,0.0,0.0,0.0,0.0,2020,centre35,Zone255,Neighbourhood814,Dwelling1
VR_5274,B.C.,0.0,0.4,1.0,0.0,0.6,2020,centre35,Zone255,Neighbourhood814,Dwelling2
VR_5275,B.C.,0.0,0.0,0.0,0.0,0.0,2020,centre35,Zone255,Neighbourhood815,Dwelling1
VR_5276,B.C.,2.4,4.5,2.5,0.0,3.2,2020,centre35,Zone255,Neighbourhood815,Dwelling2
VR_5277,B.C.,0.0,0.0,0.0,0.0,0.0,2020,centre35,Zone255,Neighbourhood816,Dwelling1
VR_5278,B.C.,0.0,2.3,0.0,0.0,1.3,2020,centre35,Zone255,Neighbourhood816,Dwelling2
VR_5279,B.C.,0.0,0.0,0.0,0.0,0.0,2020,centre35,Zone256,Neighbourhood817,Dwelling1
VR_5280,B.C.,0.0,3.0,2.2,0.0,2.5,2020,centre35,Zone256,Neighbourhood817,Dwelling2
VR_5281,B.C.,0.0,0.0,0.0,0.0,0.0,2020,centre35,Zone256,Neighbourhood818,Dwelling1
VR_5282,B.C.,16.6,1.1,2.3,0.0,2.8,2020,centre35,Zone256,Neighbourhood818,Dwelling2
VR_5283,B.C.,0.0,0.0,0.0,0.0,0.0,2020,centre35,Zone256,Neighbourhood819,Dwelling1
VR_5284,B.C.,0.0,1.3,0.9,0.0,1.0,2020,centre35,Zone256,Neighbourhood819,Dwelling2
VR_5285,B.C.,0.0,0.0,0.0,0.0,0.0,2020,centre35,Zone257,Neighbourhood820,Dwelling1
VR_5286,B.C.,0.0,0.9,4.6,5.8,2.7,2020,centre35,Zone257,Neighbourhood820,Dwelling2
VR_5287,B.C.,0.0,0.0,0.0,0.0,0.0,2020,centre35,Zone257,Neighbourhood821,Dwelling1
VR_5288,B.C.,0.0,1.3,1.1,0.0,1.1,2020,centre35,Zone257,Neighbourhood821,Dwelling2
VR_5289,B.C.,0.0,0.0,0.0,0.0,0.0,2020,centre35,Zone257,Neighbourhood822,Dwelling1
VR_5290,B.C.,0.0,1.4,0.6,0.0,0.9,2020,centre35,Zone257,Neighbourhood822,Dwelling2
VR_5291,B.C.,0.0,0.0,0.0,0.0,0.0,2020,centre35,Zone257,Neighbourhood823,Dwelling1
VR_5292,B.C.,0.0,0.0,4.6,0.0,0.0,2020,centre35,Zone257,Neighbourhood823,Dwelling2
VR_5293,B.C.,0.0,0.0,0.0,0.0,0.0,2020,centre35,Zone257,Neighbourhood824,Dwelling1
VR_5294,B.C.,0.0,1.8,0.4,0.0,1.0,2020,centre35,Zone257,Neighbourhood824,Dwelling2
VR_5295,B.C.,0.0,0.0,0.0,0.0,0.0,2020,centre35,Zone257,Neighbourhood825,Dwelling1
VR_5296,B.C.,0.0,0.0,0.9,0.0,0.5,2020,centre35,Zone257,Neighbourhood825,Dwelling2
VR_5297,B.C.,0.0,0.0,0.0,0.0,0.0,2020,centre35,Zone258,Neighbourhood826,Dwelling1
VR_5298,B.C.,1.3,1.0,0.3,0.0,0.8,2020,centre35,Zone258,Neighbourhood826,Dwelling2
VR_5299,B.C.,0.0,0.0,0.0,0.0,0.0,2020,centre35,Zone259,Neighbourhood827,Dwelling1
VR_5300,B.C.,0.0,2.0,1.5,0.0,1.7,2020,centre35,Zone259,Neighbourhood827,Dwelling2
VR_5301,B.C.,0.0,0.0,0.0,0.0,0.0,2020,centre35,Zone259,Neighbourhood828,Dwelling1
VR_5302,B.C.,0.0,1.5,4.4,0.0,2.8,2020,centre35,Zone259,Neighbourhood828,Dwelling2
VR_5303,B.C.,0.0,0.0,0.0,0.0,0.0,2020,centre35,Zone260,Neighbourhood829,Dwelling1
VR_5304,B.C.,0.7,2.4,2.0,0.0,2.2,2020,centre35,Zone260,Neighbourhood829,Dwelling2
VR_5305,B.C.,0.0,0.0,0.0,0.0,0.0,2020,centre35,Zone260,Neighbourhood830,Dwelling1
VR_5306,B.C.,0.0,0.7,4.1,0.0,2.6,2020,centre35,Zone260,Neighbourhood830,Dwelling2
VR_5307,B.C.,0.0,0.0,0.0,0.0,0.0,2020,centre35,Zone260,Neighbourhood831,Dwelling1
VR_5308,B.C.,0.0,0.4,1.0,0.0,0.7,2020,centre35,Zone260,Neighbourhood831,Dwelling2
VR_5309,B.C.,0.0,0.0,0.0,0.0,0.0,2020,centre35,Zone260,Neighbourhood832,Dwelling1
VR_5310,B.C.,0.0,0.0,0.0,0.0,0.0,2020,centre35,Zone260,Neighbourhood832,Dwelling2
VR_5311,B.C.,0.0,0.0,0.0,0.0,0.0,2020,centre35,Zone260,Neighbourhood833,Dwelling1
VR_5312,B.C.,0.0,0.0,0.0,0.0,0.0,2020,centre35,Zone260,Neighbourhood833,Dwelling2
VR_5313,B.C.,0.0,0.0,0.0,0.0,0.0,2020,centre35,Zone261,Neighbourhood834,Dwelling1
VR_5314,B.C.,0.0,0.0,2.2,4.5,1.2,2020,centre35,Zone261,Neighbourhood834,Dwelling2
VR_5315,B.C.,0.0,0.0,0.0,0.0,0.0,2020,centre35,Zone261,Neighbourhood835,Dwelling1
VR_5316,B.C.,0.0,1.0,2.6,0.0,1.5,2020,centre35,Zone261,Neighbourhood835,Dwelling2
VR_5317,B.C.,0.0,0.0,0.0,0.0,0.0,2020,centre36,Zone262,Neighbourhood836,Dwelling1
VR_5318,B.C.,0.0,1.7,0.0,0.0,1.2,2020,centre36,Zone262,Neighbourhood836,Dwelling2
VR_5319,B.C.,0.0,0.0,0.0,0.0,0.0,2020,centre36,Zone262,Neighbourhood837,Dwelling1
VR_5320,B.C.,0.0,2.3,2.0,0.0,2.0,2020,centre36,Zone262,Neighbourhood837,Dwelling2
VR_5321,B.C.,0.0,0.0,0.0,0.0,0.0,2020,centre36,Zone263,Neighbourhood838,Dwelling1
VR_5322,B.C.,0.0,0.0,0.0,0.0,0.0,2020,centre36,Zone263,Neighbourhood838,Dwelling2
VR_5323,B.C.,0.0,0.0,0.0,0.0,0.0,2020,centre36,Zone263,Neighbourhood839,Dwelling1
VR_5324,B.C.,0.0,1.3,1.2,0.0,1.3,2020,centre36,Zone263,Neighbourhood839,Dwelling2
VR_5325,B.C.,0.0,0.0,0.0,0.0,0.0,2020,centre36,Zone263,Neighbourhood840,Dwelling1
VR_5326,B.C.,0.0,1.3,0.0,0.0,0.9,2020,centre36,Zone263,Neighbourhood840,Dwelling2
VR_5327,B.C.,0.0,0.0,0.0,0.0,0.0,2020,centre36,Zone263,Neighbourhood841,Dwelling1
VR_5328,B.C.,0.0,1.7,1.1,0.0,1.6,2020,centre36,Zone263,Neighbourhood841,Dwelling2
VR_5329,B.C.,0.0,0.0,0.0,0.0,0.0,2020,centre36,Zone263,Neighbourhood842,Dwelling1
VR_5330,B.C.,0.9,2.1,3.2,0.0,2.2,2020,centre36,Zone263,Neighbourhood842,Dwelling2
VR_5331,B.C.,0.0,0.0,0.0,0.0,0.0,2020,centre36,Zone264,Neighbourhood843,Dwelling1
VR_5332,B.C.,0.4,2.1,1.7,0.0,1.7,2020,centre36,Zone264,Neighbourhood843,Dwelling2
VR_5333,B.C.,0.0,0.0,0.0,0.0,0.0,2020,centre36,Zone264,Neighbourhood844,Dwelling1
VR_5334,B.C.,6.3,3.0,8.2,18.2,5.0,2020,centre36,Zone264,Neighbourhood844,Dwelling2
VR_5335,B.C.,0.0,0.0,0.0,0.0,0.0,2020,centre36,Zone265,Neighbourhood252,Dwelling1
VR_5336,B.C.,1.9,3.6,3.5,0.0,3.0,2020,centre36,Zone265,Neighbourhood252,Dwelling2
VR_5337,B.C.,0.0,0.0,0.0,0.0,0.0,2020,centre36,Zone265,Neighbourhood845,Dwelling1
VR_5338,B.C.,0.0,1.0,0.7,0.0,0.8,2020,centre36,Zone265,Neighbourhood845,Dwelling2
VR_5339,B.C.,0.0,0.0,0.0,0.0,0.0,2020,centre36,Zone265,Neighbourhood846,Dwelling1
VR_5340,B.C.,0.0,2.5,2.2,0.0,2.3,2020,centre36,Zone265,Neighbourhood846,Dwelling2
VR_5341,B.C.,0.0,0.0,0.0,0.0,0.0,2020,centre36,Zone265,Neighbourhood847,Dwelling1
VR_5342,B.C.,0.0,2.1,0.3,0.0,1.8,2020,centre36,Zone265,Neighbourhood847,Dwelling2
VR_5343,B.C.,0.0,0.0,0.0,0.0,0.0,2020,centre36,Zone265,Neighbourhood848,Dwelling1
VR_5344,B.C.,1.1,2.2,2.0,0.0,2.0,2020,centre36,Zone265,Neighbourhood848,Dwelling2
VR_5345,B.C.,0.0,0.0,0.0,0.0,0.0,2020,centre36,Zone266,Neighbourhood849,Dwelling1
VR_5346,B.C.,5.9,1.3,5.0,0.0,2.9,2020,centre36,Zone266,Neighbourhood849,Dwelling2
VR_5347,B.C.,0.0,0.0,0.0,0.0,0.0,2020,centre36,Zone266,Neighbourhood850,Dwelling1
VR_5348,B.C.,0.5,3.3,2.4,0.0,2.6,2020,centre36,Zone266,Neighbourhood850,Dwelling2
VR_5349,B.C.,0.0,0.0,0.0,0.0,0.0,2020,centre36,Zone266,Neighbourhood851,Dwelling1
VR_5350,B.C.,0.0,0.0,0.0,0.0,0.0,2020,centre36,Zone266,Neighbourhood851,Dwelling2
VR_5351,B.C.,0.0,0.0,0.0,0.0,0.0,2020,centre36,Zone266,Neighbourhood852,Dwelling1
VR_5352,B.C.,0.0,0.0,2.1,0.0,1.3,2020,centre36,Zone266,Neighbourhood852,Dwelling2
VR_5353,B.C.,0.0,0.0,4.8,0.0,2.7,2020,centre36,Zone267,Neighbourhood853,Dwelling1
VR_5354,B.C.,0.9,1.1,1.8,0.0,1.4,2020,centre36,Zone267,Neighbourhood853,Dwelling2
VR_5355,B.C.,0.0,0.0,0.0,0.0,0.0,2020,centre36,Zone268,Neighbourhood854,Dwelling1
VR_5356,B.C.,0.0,0.0,0.9,0.0,0.8,2020,centre36,Zone268,Neighbourhood854,Dwelling2
VR_5357,B.C.,0.0,0.0,0.0,0.0,0.0,2020,centre36,Zone268,Neighbourhood855,Dwelling1
VR_5358,B.C.,3.3,2.0,3.2,0.0,2.5,2020,centre36,Zone268,Neighbourhood855,Dwelling2
VR_5359,B.C.,0.0,0.0,0.0,0.0,0.0,2020,centre36,Zone268,Neighbourhood856,Dwelling1
VR_5360,B.C.,0.0,0.0,0.7,0.0,0.5,2020,centre36,Zone268,Neighbourhood856,Dwelling2
VR_5361,B.C.,0.0,0.0,0.0,0.0,0.0,2020,centre36,Zone268,Neighbourhood857,Dwelling1
VR_5362,B.C.,0.0,0.0,0.0,0.0,0.0,2020,centre36,Zone268,Neighbourhood857,Dwelling2
VR_5363,B.C.,0.0,0.0,0.0,0.0,0.0,2020,centre36,Zone269,Neighbourhood858,Dwelling1
VR_5364,B.C.,0.0,0.0,0.0,0.0,0.0,2020,centre36,Zone269,Neighbourhood858,Dwelling2
VR_5365,B.C.,0.0,0.0,0.0,0.0,0.0,2020,centre36,Zone269,Neighbourhood859,Dwelling1
VR_5366,B.C.,0.0,1.3,0.9,0.0,1.1,2020,centre36,Zone269,Neighbourhood859,Dwelling2
VR_5367,B.C.,0.0,0.0,0.0,0.0,0.0,2020,centre36,Zone270,Neighbourhood860,Dwelling1
VR_5368,B.C.,0.0,0.0,0.0,0.0,0.0,2020,centre36,Zone270,Neighbourhood860,Dwelling2
VR_5369,B.C.,0.0,0.0,0.0,0.0,0.0,2020,centre36,Zone271,Neighbourhood861,Dwelling1
VR_5370,B.C.,0.0,0.0,0.0,0.0,0.0,2020,centre36,Zone271,Neighbourhood861,Dwelling2
VR_5371,Nfld.Lab.,0.0,0.0,0.0,0.0,0.0,2021,centre1,Zone1,Neighbourhood1,Dwelling1
VR_5372,Nfld.Lab.,10.6,0.0,1.9,0.0,3.1,2021,centre1,Zone1,Neighbourhood1,Dwelling2
VR_5373,Nfld.Lab.,0.0,0.0,0.0,0.0,8.7,2021,centre1,Zone2,Neighbourhood2,Dwelling1
VR_5374,Nfld.Lab.,4.6,5.4,2.7,0.8,3.5,2021,centre1,Zone2,Neighbourhood2,Dwelling2
VR_5375,Nfld.Lab.,0.0,0.0,0.0,0.0,0.0,2021,centre1,Zone3,Neighbourhood3,Dwelling1
VR_5376,Nfld.Lab.,0.0,3.2,0.0,0.0,1.7,2021,centre1,Zone3,Neighbourhood3,Dwelling2
VR_5377,N.S.,0.0,0.0,0.0,0.0,0.0,2021,centre2,Zone4,Neighbourhood4,Dwelling1
VR_5378,N.S.,0.0,0.9,0.4,1.1,0.7,2021,centre2,Zone4,Neighbourhood4,Dwelling2
VR_5379,N.S.,0.0,0.0,0.0,0.0,0.0,2021,centre2,Zone4,Neighbourhood5,Dwelling1
VR_5380,N.S.,2.7,1.5,0.6,0.0,1.4,2021,centre2,Zone4,Neighbourhood5,Dwelling2
VR_5381,N.S.,0.0,0.0,0.0,0.0,0.0,2021,centre2,Zone4,Neighbourhood6,Dwelling1
VR_5382,N.S.,0.0,0.6,0.0,0.0,0.3,2021,centre2,Zone4,Neighbourhood6,Dwelling2
VR_5383,N.S.,0.0,0.0,0.0,0.0,0.0,2021,centre2,Zone5,Neighbourhood7,Dwelling1
VR_5384,N.S.,1.2,0.4,1.5,0.6,1.0,2021,centre2,Zone5,Neighbourhood7,Dwelling2
VR_5385,N.S.,0.0,0.0,0.0,0.0,0.0,2021,centre2,Zone5,Neighbourhood8,Dwelling1
VR_5386,N.S.,0.0,0.7,1.5,0.0,1.1,2021,centre2,Zone5,Neighbourhood8,Dwelling2
VR_5387,N.S.,0.0,0.0,0.0,0.0,0.0,2021,centre2,Zone6,Neighbourhood9,Dwelling1
VR_5388,N.S.,0.0,0.0,1.2,0.0,0.9,2021,centre2,Zone6,Neighbourhood9,Dwelling2
VR_5389,N.S.,0.0,0.0,0.0,0.0,0.0,2021,centre2,Zone6,Neighbourhood10,Dwelling1
VR_5390,N.S.,0.0,1.7,0.6,0.6,1.0,2021,centre2,Zone6,Neighbourhood10,Dwelling2
VR_5391,N.S.,0.0,0.0,0.0,0.0,0.0,2021,centre2,Zone7,Neighbourhood11,Dwelling1
VR_5392,N.S.,0.0,0.0,0.0,0.0,0.0,2021,centre2,Zone7,Neighbourhood11,Dwelling2
VR_5393,N.S.,0.0,0.0,0.0,0.0,0.0,2021,centre2,Zone7,Neighbourhood12,Dwelling1
VR_5394,N.S.,0.0,1.2,0.8,0.0,0.9,2021,centre2,Zone7,Neighbourhood12,Dwelling2
VR_5395,N.S.,0.0,0.0,0.0,0.8,2.3,2021,centre2,Zone7,Neighbourhood13,Dwelling1
VR_5396,N.S.,0.0,0.5,0.9,0.9,0.7,2021,centre2,Zone7,Neighbourhood13,Dwelling2
VR_5397,N.S.,0.0,0.0,0.0,0.0,0.0,2021,centre2,Zone7,Neighbourhood14,Dwelling1
VR_5398,N.S.,4.1,0.7,0.1,1.1,0.5,2021,centre2,Zone7,Neighbourhood14,Dwelling2
VR_5399,N.S.,0.0,0.0,0.0,0.0,0.0,2021,centre2,Zone8,Neighbourhood15,Dwelling1
VR_5400,N.S.,0.0,0.0,0.2,0.0,0.3,2021,centre2,Zone8,Neighbourhood15,Dwelling2
VR_5401,N.S.,0.0,0.0,0.0,0.0,0.0,2021,centre2,Zone8,Neighbourhood16,Dwelling1
VR_5402,N.S.,0.0,1.0,0.2,0.0,0.5,2021,centre2,Zone8,Neighbourhood16,Dwelling2
VR_5403,N.S.,0.0,0.0,0.0,0.0,0.0,2021,centre2,Zone8,Neighbourhood17,Dwelling1
VR_5404,N.S.,0.0,2.4,2.1,0.0,2.2,2021,centre2,Zone8,Neighbourhood17,Dwelling2
VR_5405,N.S.,0.0,0.0,0.0,0.0,0.0,2021,centre2,Zone9,Neighbourhood18,Dwelling1
VR_5406,N.S.,0.0,2.1,1.2,1.2,1.7,2021,centre2,Zone9,Neighbourhood18,Dwelling2
VR_5407,N.S.,0.0,0.0,0.0,0.0,0.0,2021,centre2,Zone9,Neighbourhood19,Dwelling1
VR_5408,N.S.,0.0,1.8,0.4,3.1,1.0,2021,centre2,Zone9,Neighbourhood19,Dwelling2
VR_5409,N.S.,0.0,0.0,0.0,0.0,0.0,2021,centre2,Zone10,Neighbourhood20,Dwelling1
VR_5410,N.S.,0.0,0.0,0.0,0.0,0.3,2021,centre2,Zone10,Neighbourhood20,Dwelling2
VR_5411,N.S.,0.0,0.0,0.0,0.0,0.0,2021,centre2,Zone10,Neighbourhood21,Dwelling1
VR_5412,N.S.,0.0,4.4,3.0,1.2,3.2,2021,centre2,Zone10,Neighbourhood21,Dwelling2
VR_5413,N.S.,0.0,0.0,0.0,0.0,0.0,2021,centre2,Zone10,Neighbourhood22,Dwelling1
VR_5414,N.S.,0.0,0.0,2.9,0.0,2.7,2021,centre2,Zone10,Neighbourhood22,Dwelling2
VR_5415,N.S.,0.0,0.0,0.0,0.0,0.0,2021,centre2,Zone11,Neighbourhood23,Dwelling1
VR_5416,N.S.,0.0,2.5,0.7,0.0,1.2,2021,centre2,Zone11,Neighbourhood23,Dwelling2
VR_5417,N.S.,0.0,0.0,0.0,0.0,0.0,2021,centre2,Zone12,Neighbourhood24,Dwelling1
VR_5418,N.S.,0.0,0.0,0.8,0.0,0.8,2021,centre2,Zone12,Neighbourhood24,Dwelling2
VR_5419,N.S.,0.0,0.0,0.0,0.0,0.0,2021,centre2,Zone3,Neighbourhood25,Dwelling1
VR_5420,N.S.,0.0,0.0,0.0,0.0,0.0,2021,centre2,Zone3,Neighbourhood25,Dwelling2
VR_5421,N.S.,0.0,0.0,0.0,0.0,0.0,2021,centre2,Zone3,Neighbourhood26,Dwelling1
VR_5422,N.S.,0.0,0.7,0.3,0.0,0.3,2021,centre2,Zone3,Neighbourhood26,Dwelling2
VR_5423,N.S.,0.0,0.0,0.0,0.0,0.0,2021,centre2,Zone3,Neighbourhood27,Dwelling1
VR_5424,N.S.,0.0,0.0,0.0,0.0,0.0,2021,centre2,Zone3,Neighbourhood27,Dwelling2
VR_5425,N.S.,0.0,0.0,0.0,0.0,0.0,2021,centre2,Zone3,Neighbourhood28,Dwelling1
VR_5426,N.S.,0.0,2.1,0.0,0.0,1.4,2021,centre2,Zone3,Neighbourhood28,Dwelling2
VR_5427,N.S.,0.0,0.0,0.0,0.0,0.0,2021,centre2,Zone3,Neighbourhood29,Dwelling1
VR_5428,N.S.,0.0,0.0,0.0,0.0,0.0,2021,centre2,Zone3,Neighbourhood29,Dwelling2
VR_5429,N.B.,0.0,0.0,0.0,0.0,0.0,2021,centre3,Zone13,Neighbourhood30,Dwelling1
VR_5430,N.B.,0.0,2.3,1.2,0.0,1.5,2021,centre3,Zone13,Neighbourhood30,Dwelling2
VR_5431,N.B.,0.0,0.0,0.0,0.0,0.0,2021,centre3,Zone13,Neighbourhood31,Dwelling1
VR_5432,N.B.,0.0,0.4,0.2,0.0,0.2,2021,centre3,Zone13,Neighbourhood31,Dwelling2
VR_5433,N.B.,0.0,0.0,0.0,0.0,0.0,2021,centre3,Zone14,Neighbourhood32,Dwelling1
VR_5434,N.B.,2.4,0.0,0.7,0.0,1.8,2021,centre3,Zone14,Neighbourhood32,Dwelling2
VR_5435,N.B.,0.0,0.0,0.0,0.0,0.0,2021,centre3,Zone15,Neighbourhood33,Dwelling1
VR_5436,N.B.,0.0,0.0,0.0,0.0,0.0,2021,centre3,Zone15,Neighbourhood33,Dwelling2
VR_5437,N.B.,0.0,0.0,0.0,0.0,0.0,2021,centre3,Zone15,Neighbourhood34,Dwelling1
VR_5438,N.B.,0.0,0.0,0.2,0.0,0.1,2021,centre3,Zone15,Neighbourhood34,Dwelling2
VR_5439,N.B.,0.0,0.0,0.0,0.0,0.0,2021,centre3,Zone15,Neighbourhood35,Dwelling1
VR_5440,N.B.,0.0,3.5,0.4,0.0,0.8,2021,centre3,Zone15,Neighbourhood35,Dwelling2
VR_5441,N.B.,0.0,0.0,0.0,0.0,0.0,2021,centre3,Zone15,Neighbourhood36,Dwelling1
VR_5442,N.B.,0.0,0.0,0.0,0.0,0.0,2021,centre3,Zone15,Neighbourhood36,Dwelling2
VR_5443,N.B.,0.0,0.0,0.0,0.0,0.0,2021,centre3,Zone16,Neighbourhood37,Dwelling1
VR_5444,N.B.,0.0,5.3,2.8,0.0,3.5,2021,centre3,Zone16,Neighbourhood37,Dwelling2
VR_5445,N.B.,0.0,0.0,0.0,0.0,0.0,2021,centre3,Zone16,Neighbourhood38,Dwelling1
VR_5446,N.B.,0.0,0.0,0.0,0.0,0.2,2021,centre3,Zone16,Neighbourhood38,Dwelling2
VR_5447,N.B.,0.0,0.0,0.0,0.0,0.0,2021,centre3,Zone17,Neighbourhood39,Dwelling1
VR_5448,N.B.,0.0,1.0,0.9,0.0,0.9,2021,centre3,Zone17,Neighbourhood39,Dwelling2
VR_5449,N.B.,0.0,0.0,0.0,0.0,0.0,2021,centre3,Zone18,Neighbourhood40,Dwelling1
VR_5450,N.B.,0.0,1.7,2.0,0.0,1.8,2021,centre3,Zone18,Neighbourhood40,Dwelling2
VR_5451,N.B.,0.0,0.0,0.0,0.0,0.0,2021,centre3,Zone18,Neighbourhood41,Dwelling1
VR_5452,N.B.,0.0,0.0,0.0,0.0,0.0,2021,centre3,Zone18,Neighbourhood41,Dwelling2
VR_5453,N.B.,0.0,0.0,0.0,0.0,0.0,2021,centre3,Zone18,Neighbourhood42,Dwelling1
VR_5454,N.B.,0.0,5.1,0.8,0.0,1.2,2021,centre3,Zone18,Neighbourhood42,Dwelling2
VR_5455,N.B.,0.0,0.0,0.0,0.0,0.0,2021,centre3,Zone3,Neighbourhood43,Dwelling1
VR_5456,N.B.,0.0,0.0,0.0,0.0,0.0,2021,centre3,Zone3,Neighbourhood43,Dwelling2
VR_5457,N.B.,0.0,0.0,0.0,0.0,0.0,2021,centre3,Zone3,Neighbourhood44,Dwelling1
VR_5458,N.B.,0.0,0.0,0.0,0.0,0.0,2021,centre3,Zone3,Neighbourhood44,Dwelling2
VR_5459,N.B.,0.0,0.0,0.0,0.0,0.0,2021,centre4,Zone19,Neighbourhood5,Dwelling1
VR_5460,N.B.,11.7,0.0,0.0,0.0,0.0,2021,centre4,Zone19,Neighbourhood5,Dwelling2
VR_5461,N.B.,0.0,0.0,0.0,0.0,0.0,2021,centre4,Zone19,Neighbourhood45,Dwelling1
VR_5462,N.B.,0.6,0.0,0.0,0.0,0.0,2021,centre4,Zone19,Neighbourhood45,Dwelling2
VR_5463,N.B.,0.0,0.0,0.0,0.0,0.0,2021,centre4,Zone20,Neighbourhood46,Dwelling1
VR_5464,N.B.,0.0,0.0,0.4,0.0,0.0,2021,centre4,Zone20,Neighbourhood46,Dwelling2
VR_5465,N.B.,0.0,0.0,0.0,0.0,0.0,2021,centre4,Zone21,Neighbourhood47,Dwelling1
VR_5466,N.B.,0.0,0.0,0.0,0.0,0.0,2021,centre4,Zone21,Neighbourhood47,Dwelling2
VR_5467,N.B.,0.0,0.0,0.0,0.0,0.0,2021,centre4,Zone21,Neighbourhood8,Dwelling1
VR_5468,N.B.,0.0,0.0,1.0,0.0,1.1,2021,centre4,Zone21,Neighbourhood8,Dwelling2
VR_5469,N.B.,0.0,0.0,0.0,0.0,0.0,2021,centre4,Zone21,Neighbourhood48,Dwelling1
VR_5470,N.B.,0.0,0.0,1.5,0.0,1.6,2021,centre4,Zone21,Neighbourhood48,Dwelling2
VR_5471,N.B.,0.0,0.0,0.0,0.0,0.0,2021,centre4,Zone22,Neighbourhood49,Dwelling1
VR_5472,N.B.,0.0,4.9,2.2,3.6,3.2,2021,centre4,Zone22,Neighbourhood49,Dwelling2
VR_5473,N.B.,0.0,0.0,0.0,0.0,0.0,2021,centre4,Zone23,Neighbourhood50,Dwelling1
VR_5474,N.B.,0.0,0.0,1.4,0.0,1.5,2021,centre4,Zone23,Neighbourhood50,Dwelling2
VR_5475,N.B.,0.0,0.0,0.0,0.0,0.0,2021,centre4,Zone23,Neighbourhood51,Dwelling1
VR_5476,N.B.,0.0,0.0,0.0,0.0,0.0,2021,centre4,Zone23,Neighbourhood51,Dwelling2
VR_5477,N.B.,0.0,0.0,0.0,0.0,0.0,2021,centre4,Zone23,Neighbourhood52,Dwelling1
VR_5478,N.B.,0.0,0.0,0.0,0.0,0.0,2021,centre4,Zone23,Neighbourhood52,Dwelling2
VR_5479,N.B.,0.0,0.0,0.0,0.0,0.0,2021,centre4,Zone23,Neighbourhood53,Dwelling1
VR_5480,N.B.,0.0,0.0,0.0,0.0,0.0,2021,centre4,Zone23,Neighbourhood53,Dwelling2
VR_5481,Que,0.0,0.0,0.0,0.0,0.0,2021,centre5,Zone24,Neighbourhood54,Dwelling1
VR_5482,Que,0.0,0.0,0.0,0.4,0.0,2021,centre5,Zone24,Neighbourhood54,Dwelling2
VR_5483,Que,0.0,0.0,0.0,0.0,0.0,2021,centre5,Zone24,Neighbourhood55,Dwelling1
VR_5484,Que,0.0,0.0,0.0,0.0,0.0,2021,centre5,Zone24,Neighbourhood55,Dwelling2
VR_5485,Que,0.0,0.0,0.0,0.0,0.0,2021,centre5,Zone25,Neighbourhood56,Dwelling1
VR_5486,Que,0.0,0.0,0.0,0.0,0.0,2021,centre5,Zone25,Neighbourhood56,Dwelling2
VR_5487,Que,0.0,0.0,0.0,0.0,0.0,2021,centre5,Zone25,Neighbourhood57,Dwelling1
VR_5488,Que,0.0,0.0,0.7,0.0,0.7,2021,centre5,Zone25,Neighbourhood57,Dwelling2
VR_5489,Que,0.0,0.0,0.0,0.0,0.0,2021,centre5,Zone26,Neighbourhood58,Dwelling1
VR_5490,Que,0.0,0.0,0.7,0.0,0.6,2021,centre5,Zone26,Neighbourhood58,Dwelling2
VR_5491,Que,0.0,0.0,0.0,0.0,0.0,2021,centre5,Zone26,Neighbourhood59,Dwelling1
VR_5492,Que,0.0,1.7,0.0,0.0,3.3,2021,centre5,Zone26,Neighbourhood59,Dwelling2
VR_5493,Que,0.0,0.0,0.0,0.0,0.0,2021,centre5,Zone26,Neighbourhood60,Dwelling1
VR_5494,Que,0.0,0.0,0.0,0.0,0.0,2021,centre5,Zone26,Neighbourhood60,Dwelling2
VR_5495,Que,0.0,0.0,0.0,0.0,0.0,2021,centre5,Zone27,Neighbourhood61,Dwelling1
VR_5496,Que,0.0,0.0,0.6,0.0,1.4,2021,centre5,Zone27,Neighbourhood61,Dwelling2
VR_5497,Que,0.0,0.0,0.0,0.0,0.0,2021,centre6,Zone28,Neighbourhood62,Dwelling1
VR_5498,Que,9.1,7.4,7.9,0.0,8.0,2021,centre6,Zone28,Neighbourhood62,Dwelling2
VR_5499,Que,0.0,0.0,0.0,0.0,0.0,2021,centre6,Zone28,Neighbourhood63,Dwelling1
VR_5500,Que,0.0,0.7,0.0,0.0,0.3,2021,centre6,Zone28,Neighbourhood63,Dwelling2
VR_5501,Que,0.0,0.0,0.0,0.0,0.0,2021,centre6,Zone29,Neighbourhood64,Dwelling1
VR_5502,Que,0.0,0.0,0.0,0.0,0.0,2021,centre6,Zone29,Neighbourhood64,Dwelling2
VR_5503,Que,0.0,0.0,0.0,0.0,0.0,2021,centre6,Zone29,Neighbourhood65,Dwelling1
VR_5504,Que,1.4,0.0,0.0,0.0,0.0,2021,centre6,Zone29,Neighbourhood65,Dwelling2
VR_5505,Que,0.0,0.0,0.0,0.0,0.0,2021,centre6,Zone30,Neighbourhood66,Dwelling1
VR_5506,Que,4.9,0.0,1.3,1.5,0.0,2021,centre6,Zone30,Neighbourhood66,Dwelling2
VR_5507,Que,0.0,0.0,0.0,0.0,0.0,2021,centre6,Zone31,Neighbourhood67,Dwelling1
VR_5508,Que,0.0,0.0,0.0,0.0,0.0,2021,centre6,Zone31,Neighbourhood67,Dwelling2
VR_5509,Que,0.0,0.0,0.0,0.0,0.0,2021,centre6,Zone31,Neighbourhood68,Dwelling1
VR_5510,Que,4.1,4.7,5.8,0.0,4.8,2021,centre6,Zone31,Neighbourhood68,Dwelling2
VR_5511,Que,0.0,0.0,0.0,0.0,0.0,2021,centre6,Zone31,Neighbourhood69,Dwelling1
VR_5512,Que,0.0,0.0,0.0,0.0,0.0,2021,centre6,Zone31,Neighbourhood69,Dwelling2
VR_5513,Que,0.0,0.0,0.0,0.0,0.0,2021,centre6,Zone31,Neighbourhood70,Dwelling1
VR_5514,Que,0.0,5.5,0.0,0.0,5.8,2021,centre6,Zone31,Neighbourhood70,Dwelling2
VR_5515,Que,0.0,0.0,0.0,0.0,0.0,2021,centre6,Zone32,Neighbourhood71,Dwelling1
VR_5516,Que,6.1,6.0,3.9,5.1,5.1,2021,centre6,Zone32,Neighbourhood71,Dwelling2
VR_5517,Que,0.0,0.0,0.0,0.0,0.0,2021,centre6,Zone32,Neighbourhood72,Dwelling1
VR_5518,Que,0.0,3.0,1.3,0.0,0.0,2021,centre6,Zone32,Neighbourhood72,Dwelling2
VR_5519,Que,0.0,0.0,0.0,0.0,0.0,2021,centre6,Zone32,Neighbourhood73,Dwelling1
VR_5520,Que,0.0,5.7,5.5,0.0,5.0,2021,centre6,Zone32,Neighbourhood73,Dwelling2
VR_5521,Que,0.0,0.0,0.0,0.0,0.0,2021,centre6,Zone33,Neighbourhood74,Dwelling1
VR_5522,Que,0.0,2.3,0.0,0.0,0.0,2021,centre6,Zone33,Neighbourhood74,Dwelling2
VR_5523,Que,0.0,0.0,0.0,0.0,0.0,2021,centre6,Zone34,Neighbourhood75,Dwelling1
VR_5524,Que,0.0,0.0,0.0,0.0,0.0,2021,centre6,Zone34,Neighbourhood75,Dwelling2
VR_5525,Que,0.0,0.0,0.0,0.0,0.0,2021,centre6,Zone34,Neighbourhood76,Dwelling1
VR_5526,Que,0.0,0.0,0.2,0.0,0.0,2021,centre6,Zone34,Neighbourhood76,Dwelling2
VR_5527,Que,0.0,0.0,0.0,0.0,0.0,2021,centre6,Zone34,Neighbourhood77,Dwelling1
VR_5528,Que,0.0,0.0,0.0,0.0,0.0,2021,centre6,Zone34,Neighbourhood77,Dwelling2
VR_5529,Que,0.0,0.0,0.0,0.0,0.0,2021,centre6,Zone35,Neighbourhood78,Dwelling1
VR_5530,Que,0.0,0.0,0.0,0.2,0.0,2021,centre6,Zone35,Neighbourhood78,Dwelling2
VR_5531,Que,0.0,0.0,0.0,0.0,0.0,2021,centre6,Zone35,Neighbourhood79,Dwelling1
VR_5532,Que,0.0,0.0,0.4,0.0,1.6,2021,centre6,Zone35,Neighbourhood79,Dwelling2
VR_5533,Que,0.0,0.0,0.0,0.0,0.0,2021,centre6,Zone36,Neighbourhood80,Dwelling1
VR_5534,Que,3.0,0.0,0.0,0.1,0.0,2021,centre6,Zone36,Neighbourhood80,Dwelling2
VR_5535,Que,0.0,0.0,0.0,0.0,0.0,2021,centre6,Zone37,Neighbourhood81,Dwelling1
VR_5536,Que,0.0,0.0,0.6,0.0,1.3,2021,centre6,Zone37,Neighbourhood81,Dwelling2
VR_5537,Que,0.0,0.0,0.0,0.0,0.0,2021,centre6,Zone37,Neighbourhood82,Dwelling1
VR_5538,Que,0.0,0.4,0.2,0.0,0.2,2021,centre6,Zone37,Neighbourhood82,Dwelling2
VR_5539,Que,0.0,0.0,0.0,0.0,0.0,2021,centre6,Zone38,Neighbourhood83,Dwelling1
VR_5540,Que,0.0,1.5,0.0,0.0,0.0,2021,centre6,Zone38,Neighbourhood83,Dwelling2
VR_5541,Que,0.0,0.0,0.0,0.0,0.0,2021,centre6,Zone39,Neighbourhood84,Dwelling1
VR_5542,Que,0.0,2.3,0.0,0.0,0.0,2021,centre6,Zone39,Neighbourhood84,Dwelling2
VR_5543,Que,0.0,0.0,0.0,0.0,0.0,2021,centre6,Zone39,Neighbourhood85,Dwelling1
VR_5544,Que,0.0,4.7,3.3,0.0,3.5,2021,centre6,Zone39,Neighbourhood85,Dwelling2
VR_5545,Que,0.0,0.0,0.0,0.0,0.0,2021,centre6,Zone40,Neighbourhood86,Dwelling1
VR_5546,Que,2.8,4.1,2.3,0.0,3.8,2021,centre6,Zone40,Neighbourhood86,Dwelling2
VR_5547,Que,0.0,0.0,0.0,0.0,0.0,2021,centre6,Zone41,Neighbourhood87,Dwelling1
VR_5548,Que,0.0,0.0,2.2,0.0,3.9,2021,centre6,Zone41,Neighbourhood87,Dwelling2
VR_5549,Que,0.0,0.0,0.0,0.0,0.0,2021,centre6,Zone41,Neighbourhood88,Dwelling1
VR_5550,Que,6.8,3.9,5.2,5.1,4.9,2021,centre6,Zone41,Neighbourhood88,Dwelling2
VR_5551,Que,0.0,0.0,0.0,0.0,0.0,2021,centre6,Zone42,Neighbourhood89,Dwelling1
VR_5552,Que,0.0,3.0,5.1,5.9,4.5,2021,centre6,Zone42,Neighbourhood89,Dwelling2
VR_5553,Que,0.0,0.0,0.0,0.0,0.0,2021,centre6,Zone42,Neighbourhood90,Dwelling1
VR_5554,Que,0.0,0.0,0.6,0.0,0.4,2021,centre6,Zone42,Neighbourhood90,Dwelling2
VR_5555,Que,0.0,0.0,0.0,0.0,0.0,2021,centre6,Zone42,Neighbourhood91,Dwelling1
VR_5556,Que,0.0,1.7,0.5,0.0,1.1,2021,centre6,Zone42,Neighbourhood91,Dwelling2
VR_5557,Que,0.0,0.0,1.4,1.3,1.3,2021,centre6,Zone43,Neighbourhood92,Dwelling1
VR_5558,Que,0.0,1.0,2.7,0.0,2.2,2021,centre6,Zone43,Neighbourhood92,Dwelling2
VR_5559,Que,0.0,0.0,0.0,0.0,0.0,2021,centre6,Zone43,Neighbourhood93,Dwelling1
VR_5560,Que,1.3,2.8,2.6,0.0,2.5,2021,centre6,Zone43,Neighbourhood93,Dwelling2
VR_5561,Que,0.0,0.0,0.0,0.0,0.0,2021,centre6,Zone43,Neighbourhood94,Dwelling1
VR_5562,Que,0.0,0.0,0.0,0.5,0.2,2021,centre6,Zone43,Neighbourhood94,Dwelling2
VR_5563,Que,0.0,0.0,0.0,0.0,0.0,2021,centre6,Zone44,Neighbourhood95,Dwelling1
VR_5564,Que,0.0,1.0,1.1,0.1,0.9,2021,centre6,Zone44,Neighbourhood95,Dwelling2
VR_5565,Que,0.0,0.0,0.0,0.0,0.0,2021,centre6,Zone45,Neighbourhood96,Dwelling1
VR_5566,Que,0.0,0.7,0.0,0.0,0.0,2021,centre6,Zone45,Neighbourhood96,Dwelling2
VR_5567,Que,0.0,0.0,0.0,0.0,0.0,2021,centre6,Zone45,Neighbourhood97,Dwelling1
VR_5568,Que,4.1,3.0,1.5,0.0,2.0,2021,centre6,Zone45,Neighbourhood97,Dwelling2
VR_5569,Que,0.0,0.0,0.0,0.0,0.0,2021,centre6,Zone45,Neighbourhood98,Dwelling1
VR_5570,Que,0.0,0.0,0.1,0.0,0.2,2021,centre6,Zone45,Neighbourhood98,Dwelling2
VR_5571,Que,0.0,0.0,0.0,0.0,0.0,2021,centre6,Zone46,Neighbourhood99,Dwelling1
VR_5572,Que,0.0,0.0,0.4,0.0,0.3,2021,centre6,Zone46,Neighbourhood99,Dwelling2
VR_5573,Que,0.0,0.0,0.0,0.0,0.0,2021,centre6,Zone46,Neighbourhood100,Dwelling1
VR_5574,Que,0.0,2.5,3.7,0.8,3.1,2021,centre6,Zone46,Neighbourhood100,Dwelling2
VR_5575,Que,0.0,0.0,0.0,0.0,0.0,2021,centre6,Zone47,Neighbourhood101,Dwelling1
VR_5576,Que,0.0,0.0,0.0,0.0,0.0,2021,centre6,Zone47,Neighbourhood101,Dwelling2
VR_5577,Que,0.0,0.0,0.0,0.0,0.0,2021,centre6,Zone48,Neighbourhood102,Dwelling1
VR_5578,Que,10.0,4.8,0.0,0.0,3.0,2021,centre6,Zone48,Neighbourhood102,Dwelling2
VR_5579,Que,0.0,0.0,0.0,0.0,0.0,2021,centre6,Zone49,Neighbourhood103,Dwelling1
VR_5580,Que,0.0,0.0,0.0,0.0,0.0,2021,centre6,Zone49,Neighbourhood103,Dwelling2
VR_5581,Que,0.0,0.0,0.0,0.0,0.0,2021,centre6,Zone49,Neighbourhood104,Dwelling1
VR_5582,Que,0.0,0.0,0.0,0.0,1.4,2021,centre6,Zone49,Neighbourhood104,Dwelling2
VR_5583,Que,0.0,0.0,0.0,0.0,0.0,2021,centre6,Zone49,Neighbourhood105,Dwelling1
VR_5584,Que,0.0,0.0,0.0,0.0,0.0,2021,centre6,Zone49,Neighbourhood105,Dwelling2
VR_5585,Que,0.0,0.0,0.0,0.0,0.0,2021,centre6,Zone50,Neighbourhood106,Dwelling1
VR_5586,Que,0.0,0.7,0.5,0.0,0.4,2021,centre6,Zone50,Neighbourhood106,Dwelling2
VR_5587,Que,0.0,0.0,0.0,0.0,0.0,2021,centre6,Zone50,Neighbourhood107,Dwelling1
VR_5588,Que,0.0,0.0,0.0,0.0,0.0,2021,centre6,Zone50,Neighbourhood107,Dwelling2
VR_5589,Que,0.0,0.0,0.0,0.0,0.0,2021,centre6,Zone51,Neighbourhood108,Dwelling1
VR_5590,Que,0.0,0.0,0.0,0.0,0.0,2021,centre6,Zone51,Neighbourhood108,Dwelling2
VR_5591,Que,0.0,0.0,0.0,0.0,0.0,2021,centre6,Zone51,Neighbourhood109,Dwelling1
VR_5592,Que,0.0,0.8,0.0,0.0,1.4,2021,centre6,Zone51,Neighbourhood109,Dwelling2
VR_5593,Que,0.0,0.0,0.0,0.0,0.0,2021,centre6,Zone51,Neighbourhood110,Dwelling1
VR_5594,Que,0.0,0.0,0.0,0.0,0.0,2021,centre6,Zone51,Neighbourhood110,Dwelling2
VR_5595,Que,0.0,0.0,0.0,0.0,0.0,2021,centre6,Zone52,Neighbourhood111,Dwelling1
VR_5596,Que,0.0,0.0,0.0,0.0,0.0,2021,centre6,Zone52,Neighbourhood111,Dwelling2
VR_5597,Que,0.0,0.0,0.0,0.0,0.0,2021,centre6,Zone52,Neighbourhood112,Dwelling1
VR_5598,Que,0.0,0.0,0.0,0.0,0.0,2021,centre6,Zone52,Neighbourhood112,Dwelling2
VR_5599,Que,0.0,0.0,0.0,0.0,0.0,2021,centre6,Zone52,Neighbourhood113,Dwelling1
VR_5600,Que,0.0,0.4,0.0,0.4,0.0,2021,centre6,Zone52,Neighbourhood113,Dwelling2
VR_5601,Que,0.0,0.0,0.0,0.0,0.0,2021,centre6,Zone52,Neighbourhood114,Dwelling1
VR_5602,Que,0.0,0.0,0.0,0.0,0.0,2021,centre6,Zone52,Neighbourhood114,Dwelling2
VR_5603,Que,0.0,0.0,0.0,0.0,0.0,2021,centre6,Zone52,Neighbourhood115,Dwelling1
VR_5604,Que,0.0,0.4,0.0,0.0,0.1,2021,centre6,Zone52,Neighbourhood115,Dwelling2
VR_5605,Que,0.0,0.0,0.0,0.0,0.0,2021,centre6,Zone53,Neighbourhood116,Dwelling1
VR_5606,Que,0.0,1.1,0.2,0.0,0.3,2021,centre6,Zone53,Neighbourhood116,Dwelling2
VR_5607,Que,0.0,0.0,0.0,0.0,0.0,2021,centre6,Zone53,Neighbourhood117,Dwelling1
VR_5608,Que,0.0,0.5,0.2,0.2,0.3,2021,centre6,Zone53,Neighbourhood117,Dwelling2
VR_5609,Que,0.0,0.0,0.0,0.0,0.0,2021,centre6,Zone53,Neighbourhood118,Dwelling1
VR_5610,Que,0.0,0.0,0.5,0.0,0.4,2021,centre6,Zone53,Neighbourhood118,Dwelling2
VR_5611,Que,0.0,0.0,0.0,0.0,0.0,2021,centre6,Zone53,Neighbourhood119,Dwelling1
VR_5612,Que,0.0,0.0,0.0,0.0,0.0,2021,centre6,Zone53,Neighbourhood119,Dwelling2
VR_5613,Que,0.0,0.0,0.0,0.0,0.0,2021,centre6,Zone53,Neighbourhood120,Dwelling1
VR_5614,Que,0.0,0.0,0.1,0.0,0.2,2021,centre6,Zone53,Neighbourhood120,Dwelling2
VR_5615,Que,0.0,0.0,0.0,0.0,0.0,2021,centre6,Zone54,Neighbourhood121,Dwelling1
VR_5616,Que,0.0,0.1,0.4,0.3,0.3,2021,centre6,Zone54,Neighbourhood121,Dwelling2
VR_5617,Que,0.0,0.0,0.0,0.0,0.0,2021,centre6,Zone54,Neighbourhood122,Dwelling1
VR_5618,Que,0.0,0.0,0.0,0.0,0.0,2021,centre6,Zone54,Neighbourhood122,Dwelling2
VR_5619,Que,0.0,0.0,0.0,0.0,0.0,2021,centre6,Zone54,Neighbourhood123,Dwelling1
VR_5620,Que,0.0,0.0,0.0,0.0,0.0,2021,centre6,Zone54,Neighbourhood123,Dwelling2
VR_5621,Que,0.0,0.0,0.0,0.0,0.0,2021,centre6,Zone54,Neighbourhood124,Dwelling1
VR_5622,Que,0.0,0.0,0.0,0.0,0.0,2021,centre6,Zone54,Neighbourhood124,Dwelling2
VR_5623,Que,0.0,0.0,0.0,0.0,0.0,2021,centre6,Zone55,Neighbourhood125,Dwelling1
VR_5624,Que,0.0,0.0,0.0,0.0,1.4,2021,centre6,Zone55,Neighbourhood125,Dwelling2
VR_5625,Que,0.0,0.0,0.0,0.0,0.0,2021,centre6,Zone55,Neighbourhood126,Dwelling1
VR_5626,Que,0.0,0.3,0.0,0.0,0.0,2021,centre6,Zone55,Neighbourhood126,Dwelling2
VR_5627,Que,0.0,0.0,0.0,0.0,0.0,2021,centre6,Zone55,Neighbourhood127,Dwelling1
VR_5628,Que,0.0,0.0,0.0,0.0,0.0,2021,centre6,Zone55,Neighbourhood127,Dwelling2
VR_5629,Que,0.0,0.0,0.0,0.0,0.0,2021,centre6,Zone55,Neighbourhood128,Dwelling1
VR_5630,Que,0.0,0.0,0.0,0.0,0.0,2021,centre6,Zone55,Neighbourhood128,Dwelling2
VR_5631,Que,0.0,0.0,0.0,0.0,0.0,2021,centre6,Zone55,Neighbourhood129,Dwelling1
VR_5632,Que,0.0,0.0,0.0,0.0,0.0,2021,centre6,Zone55,Neighbourhood129,Dwelling2
VR_5633,Que,0.0,0.0,0.0,0.0,0.0,2021,centre6,Zone55,Neighbourhood130,Dwelling1
VR_5634,Que,0.0,0.0,0.0,0.0,0.0,2021,centre6,Zone55,Neighbourhood130,Dwelling2
VR_5635,Que,0.0,0.0,0.0,0.0,0.0,2021,centre6,Zone56,Neighbourhood131,Dwelling1
VR_5636,Que,0.0,0.0,0.0,0.0,0.0,2021,centre6,Zone56,Neighbourhood131,Dwelling2
VR_5637,Que,0.0,0.0,0.0,0.0,0.0,2021,centre6,Zone56,Neighbourhood132,Dwelling1
VR_5638,Que,0.5,0.0,0.1,0.1,0.3,2021,centre6,Zone56,Neighbourhood132,Dwelling2
VR_5639,Que,0.0,0.0,0.0,0.0,0.0,2021,centre6,Zone56,Neighbourhood133,Dwelling1
VR_5640,Que,0.0,0.0,0.0,0.0,0.0,2021,centre6,Zone56,Neighbourhood133,Dwelling2
VR_5641,Que,0.0,0.0,0.0,0.0,0.0,2021,centre6,Zone56,Neighbourhood134,Dwelling1
VR_5642,Que,0.0,0.0,0.0,0.0,0.7,2021,centre6,Zone56,Neighbourhood134,Dwelling2
VR_5643,Que,0.0,0.0,0.0,0.0,0.0,2021,centre6,Zone57,Neighbourhood135,Dwelling1
VR_5644,Que,1.5,1.1,0.7,0.0,1.1,2021,centre6,Zone57,Neighbourhood135,Dwelling2
VR_5645,Que,0.0,0.0,0.0,0.0,0.0,2021,centre6,Zone58,Neighbourhood136,Dwelling1
VR_5646,Que,3.3,1.8,1.5,0.0,1.6,2021,centre6,Zone58,Neighbourhood136,Dwelling2
VR_5647,Que,0.0,0.0,0.0,0.0,0.0,2021,centre6,Zone58,Neighbourhood137,Dwelling1
VR_5648,Que,0.0,0.0,0.0,0.0,0.0,2021,centre6,Zone58,Neighbourhood137,Dwelling2
VR_5649,Que,0.0,0.0,0.0,0.0,0.0,2021,centre6,Zone58,Neighbourhood138,Dwelling1
VR_5650,Que,0.0,0.0,0.0,0.0,2.6,2021,centre6,Zone58,Neighbourhood138,Dwelling2
VR_5651,Que,0.0,0.0,0.0,0.0,0.0,2021,centre6,Zone58,Neighbourhood139,Dwelling1
VR_5652,Que,0.0,0.0,0.7,0.0,0.0,2021,centre6,Zone58,Neighbourhood139,Dwelling2
VR_5653,Que,0.0,0.0,0.0,0.0,0.0,2021,centre6,Zone58,Neighbourhood140,Dwelling1
VR_5654,Que,0.0,2.5,1.1,0.0,1.0,2021,centre6,Zone58,Neighbourhood140,Dwelling2
VR_5655,Que,0.0,0.0,0.0,0.0,0.0,2021,centre6,Zone58,Neighbourhood141,Dwelling1
VR_5656,Que,0.0,0.8,0.9,0.0,0.7,2021,centre6,Zone58,Neighbourhood141,Dwelling2
VR_5657,Que,0.0,0.0,0.0,0.0,0.0,2021,centre6,Zone59,Neighbourhood142,Dwelling1
VR_5658,Que,0.0,0.0,0.0,0.6,0.4,2021,centre6,Zone59,Neighbourhood142,Dwelling2
VR_5659,Que,0.0,0.0,0.0,0.0,0.0,2021,centre6,Zone59,Neighbourhood143,Dwelling1
VR_5660,Que,0.0,0.0,0.0,0.0,0.0,2021,centre6,Zone59,Neighbourhood143,Dwelling2
VR_5661,Que,0.0,0.0,0.0,0.0,0.0,2021,centre6,Zone59,Neighbourhood144,Dwelling1
VR_5662,Que,0.0,0.0,0.0,0.0,0.0,2021,centre6,Zone59,Neighbourhood144,Dwelling2
VR_5663,Que,0.0,0.0,0.0,0.0,0.0,2021,centre6,Zone59,Neighbourhood145,Dwelling1
VR_5664,Que,0.0,0.0,0.0,0.0,0.0,2021,centre6,Zone59,Neighbourhood145,Dwelling2
VR_5665,Que,0.0,0.0,0.0,0.0,0.0,2021,centre6,Zone59,Neighbourhood146,Dwelling1
VR_5666,Que,0.0,0.0,0.0,0.0,0.0,2021,centre6,Zone59,Neighbourhood146,Dwelling2
VR_5667,Que,0.0,0.0,0.0,0.0,0.0,2021,centre6,Zone59,Neighbourhood147,Dwelling1
VR_5668,Que,0.0,0.3,1.4,0.0,0.9,2021,centre6,Zone59,Neighbourhood147,Dwelling2
VR_5669,Que,0.0,0.0,0.0,0.0,0.0,2021,centre6,Zone59,Neighbourhood148,Dwelling1
VR_5670,Que,0.0,0.0,0.0,0.0,0.0,2021,centre6,Zone59,Neighbourhood148,Dwelling2
VR_5671,Que,0.0,0.0,0.0,0.0,0.0,2021,centre6,Zone59,Neighbourhood149,Dwelling1
VR_5672,Que,0.0,0.0,0.0,0.0,0.0,2021,centre6,Zone59,Neighbourhood149,Dwelling2
VR_5673,Que,0.0,0.0,0.0,0.0,0.0,2021,centre6,Zone60,Neighbourhood150,Dwelling1
VR_5674,Que,0.0,0.0,0.5,0.0,0.5,2021,centre6,Zone60,Neighbourhood150,Dwelling2
VR_5675,Que,0.0,0.0,0.0,0.0,0.0,2021,centre6,Zone60,Neighbourhood151,Dwelling1
VR_5676,Que,0.0,0.0,0.0,0.0,0.0,2021,centre6,Zone60,Neighbourhood151,Dwelling2
VR_5677,Que,0.0,0.0,0.0,0.0,0.0,2021,centre6,Zone60,Neighbourhood152,Dwelling1
VR_5678,Que,0.0,0.0,0.0,0.0,0.0,2021,centre6,Zone60,Neighbourhood152,Dwelling2
VR_5679,Que,0.0,0.0,0.0,0.0,0.0,2021,centre6,Zone60,Neighbourhood153,Dwelling1
VR_5680,Que,0.0,0.4,0.2,0.0,0.2,2021,centre6,Zone60,Neighbourhood153,Dwelling2
VR_5681,Que,0.0,0.0,0.0,0.0,0.0,2021,centre6,Zone60,Neighbourhood154,Dwelling1
VR_5682,Que,0.0,0.0,0.0,0.0,0.4,2021,centre6,Zone60,Neighbourhood154,Dwelling2
VR_5683,Que,0.0,0.0,0.0,0.0,0.0,2021,centre6,Zone60,Neighbourhood155,Dwelling1
VR_5684,Que,0.0,0.0,0.0,0.0,0.0,2021,centre6,Zone60,Neighbourhood155,Dwelling2
VR_5685,Que,0.0,0.0,0.0,0.0,0.0,2021,centre6,Zone60,Neighbourhood156,Dwelling1
VR_5686,Que,0.0,0.0,0.0,0.0,0.0,2021,centre6,Zone60,Neighbourhood156,Dwelling2
VR_5687,Que,0.0,0.0,0.0,0.0,0.0,2021,centre6,Zone60,Neighbourhood157,Dwelling1
VR_5688,Que,0.0,0.0,0.0,0.0,0.0,2021,centre6,Zone60,Neighbourhood157,Dwelling2
VR_5689,Que,0.0,0.0,0.0,0.0,0.0,2021,centre6,Zone61,Neighbourhood158,Dwelling1
VR_5690,Que,0.0,0.0,0.0,0.0,0.0,2021,centre6,Zone61,Neighbourhood158,Dwelling2
VR_5691,Que,0.0,0.0,0.0,0.0,0.0,2021,centre6,Zone61,Neighbourhood159,Dwelling1
VR_5692,Que,0.0,0.0,0.0,0.0,0.0,2021,centre6,Zone61,Neighbourhood159,Dwelling2
VR_5693,Que,0.0,0.0,0.0,0.0,0.0,2021,centre6,Zone61,Neighbourhood160,Dwelling1
VR_5694,Que,0.0,0.0,0.0,0.0,0.0,2021,centre6,Zone61,Neighbourhood160,Dwelling2
VR_5695,Que,0.0,0.0,0.0,0.0,0.0,2021,centre6,Zone61,Neighbourhood161,Dwelling1
VR_5696,Que,0.0,0.0,0.0,0.0,0.4,2021,centre6,Zone61,Neighbourhood161,Dwelling2
VR_5697,Que,0.0,0.0,0.0,0.0,0.0,2021,centre6,Zone61,Neighbourhood162,Dwelling1
VR_5698,Que,0.0,0.0,0.0,0.0,0.0,2021,centre6,Zone61,Neighbourhood162,Dwelling2
VR_5699,Que,0.0,0.0,0.0,0.0,0.0,2021,centre6,Zone62,Neighbourhood163,Dwelling1
VR_5700,Que,0.0,0.5,1.7,0.0,1.8,2021,centre6,Zone62,Neighbourhood163,Dwelling2
VR_5701,Que,0.0,0.0,0.0,0.0,0.0,2021,centre6,Zone62,Neighbourhood164,Dwelling1
VR_5702,Que,0.0,0.0,0.0,0.0,0.7,2021,centre6,Zone62,Neighbourhood164,Dwelling2
VR_5703,Que,0.0,0.0,0.0,0.0,0.0,2021,centre6,Zone62,Neighbourhood165,Dwelling1
VR_5704,Que,0.0,0.0,0.0,0.0,0.0,2021,centre6,Zone62,Neighbourhood165,Dwelling2
VR_5705,Que,0.0,0.0,0.0,0.0,0.0,2021,centre6,Zone62,Neighbourhood166,Dwelling1
VR_5706,Que,0.0,0.0,0.0,0.0,0.0,2021,centre6,Zone62,Neighbourhood166,Dwelling2
VR_5707,Que,0.0,0.0,0.0,0.0,0.0,2021,centre6,Zone63,Neighbourhood167,Dwelling1
VR_5708,Que,0.0,0.3,0.0,0.2,0.0,2021,centre6,Zone63,Neighbourhood167,Dwelling2
VR_5709,Que,0.0,0.0,0.0,0.0,0.0,2021,centre6,Zone64,Neighbourhood168,Dwelling1
VR_5710,Que,0.0,0.0,0.3,0.0,0.2,2021,centre6,Zone64,Neighbourhood168,Dwelling2
VR_5711,Que,0.0,0.0,0.0,0.0,0.0,2021,centre6,Zone65,Neighbourhood169,Dwelling1
VR_5712,Que,0.0,0.0,0.0,0.0,0.0,2021,centre6,Zone65,Neighbourhood169,Dwelling2
VR_5713,Que,0.0,0.0,0.0,0.0,0.0,2021,centre6,Zone65,Neighbourhood170,Dwelling1
VR_5714,Que,0.0,0.0,0.0,0.0,0.0,2021,centre6,Zone65,Neighbourhood170,Dwelling2
VR_5715,Que,0.0,0.0,0.0,0.0,0.0,2021,centre6,Zone272,Neighbourhood171,Dwelling1
VR_5716,Que,0.0,0.0,0.0,0.0,0.0,2021,centre6,Zone272,Neighbourhood171,Dwelling2
VR_5717,Que,0.0,0.0,0.0,0.0,0.0,2021,centre7,Zone67,Neighbourhood172,Dwelling1
VR_5718,Que,0.0,1.6,1.0,1.3,1.2,2021,centre7,Zone67,Neighbourhood172,Dwelling2
VR_5719,Que,0.0,0.0,0.0,0.0,0.0,2021,centre7,Zone67,Neighbourhood173,Dwelling1
VR_5720,Que,0.0,1.1,2.1,0.4,1.6,2021,centre7,Zone67,Neighbourhood173,Dwelling2
VR_5721,Que,0.0,0.0,0.0,0.0,0.0,2021,centre7,Zone68,Neighbourhood174,Dwelling1
VR_5722,Que,0.0,0.0,0.0,4.8,0.0,2021,centre7,Zone68,Neighbourhood174,Dwelling2
VR_5723,Que,0.0,0.0,0.0,0.0,0.0,2021,centre7,Zone68,Neighbourhood175,Dwelling1
VR_5724,Que,0.0,0.0,0.0,0.0,0.0,2021,centre7,Zone68,Neighbourhood175,Dwelling2
VR_5725,Que,0.0,0.0,0.0,0.0,0.0,2021,centre7,Zone68,Neighbourhood176,Dwelling1
VR_5726,Que,0.0,0.0,0.0,0.0,0.0,2021,centre7,Zone68,Neighbourhood176,Dwelling2
VR_5727,Que,0.0,0.0,0.0,0.0,0.0,2021,centre7,Zone69,Neighbourhood177,Dwelling1
VR_5728,Que,0.0,1.5,0.6,0.0,0.7,2021,centre7,Zone69,Neighbourhood177,Dwelling2
VR_5729,Que,0.0,0.0,0.0,0.0,0.0,2021,centre7,Zone69,Neighbourhood178,Dwelling1
VR_5730,Que,0.0,0.2,0.1,0.3,0.2,2021,centre7,Zone69,Neighbourhood178,Dwelling2
VR_5731,Que,0.0,0.0,0.0,0.0,0.0,2021,centre7,Zone69,Neighbourhood179,Dwelling1
VR_5732,Que,0.0,0.0,0.0,0.0,0.0,2021,centre7,Zone69,Neighbourhood179,Dwelling2
VR_5733,Que,0.0,0.0,0.0,0.0,0.0,2021,centre7,Zone69,Neighbourhood180,Dwelling1
VR_5734,Que,0.0,0.0,0.0,0.0,0.0,2021,centre7,Zone69,Neighbourhood180,Dwelling2
VR_5735,Que,0.0,0.0,0.0,0.0,0.0,2021,centre7,Zone69,Neighbourhood181,Dwelling1
VR_5736,Que,0.0,0.3,0.2,0.0,0.2,2021,centre7,Zone69,Neighbourhood181,Dwelling2
VR_5737,Que,0.0,0.0,0.0,0.0,0.0,2021,centre7,Zone70,Neighbourhood182,Dwelling1
VR_5738,Que,0.0,0.0,0.0,0.0,0.0,2021,centre7,Zone70,Neighbourhood182,Dwelling2
VR_5739,Que,0.0,0.0,0.0,0.0,0.0,2021,centre7,Zone70,Neighbourhood183,Dwelling1
VR_5740,Que,0.0,0.0,0.0,0.0,0.0,2021,centre7,Zone70,Neighbourhood183,Dwelling2
VR_5741,Que,0.0,0.0,0.0,0.0,0.0,2021,centre8,Zone71,Neighbourhood184,Dwelling1
VR_5742,Que,0.0,0.7,0.0,0.0,0.0,2021,centre8,Zone71,Neighbourhood184,Dwelling2
VR_5743,Que,0.0,0.0,0.0,0.0,0.0,2021,centre8,Zone71,Neighbourhood185,Dwelling1
VR_5744,Que,0.0,0.0,0.0,0.0,4.9,2021,centre8,Zone71,Neighbourhood185,Dwelling2
VR_5745,Que,0.0,0.0,0.0,0.0,0.0,2021,centre8,Zone71,Neighbourhood186,Dwelling1
VR_5746,Que,2.2,3.8,0.0,0.0,4.0,2021,centre8,Zone71,Neighbourhood186,Dwelling2
VR_5747,Que,0.0,0.0,0.0,0.0,0.0,2021,centre8,Zone71,Neighbourhood187,Dwelling1
VR_5748,Que,0.0,3.5,2.7,0.0,2.7,2021,centre8,Zone71,Neighbourhood187,Dwelling2
VR_5749,Que,0.0,0.0,0.0,0.0,0.0,2021,centre8,Zone72,Neighbourhood188,Dwelling1
VR_5750,Que,0.0,0.0,0.0,0.0,0.0,2021,centre8,Zone72,Neighbourhood188,Dwelling2
VR_5751,Que,0.0,0.0,0.0,0.0,0.0,2021,centre8,Zone72,Neighbourhood189,Dwelling1
VR_5752,Que,0.0,0.0,0.0,0.0,0.5,2021,centre8,Zone72,Neighbourhood189,Dwelling2
VR_5753,Que,0.0,0.0,0.0,0.0,0.0,2021,centre8,Zone72,Neighbourhood190,Dwelling1
VR_5754,Que,0.0,2.5,1.2,0.4,1.5,2021,centre8,Zone72,Neighbourhood190,Dwelling2
VR_5755,Que,0.0,0.0,0.0,0.0,0.0,2021,centre8,Zone73,Neighbourhood191,Dwelling1
VR_5756,Que,0.0,0.0,0.0,0.5,0.4,2021,centre8,Zone73,Neighbourhood191,Dwelling2
VR_5757,Que,0.0,0.0,0.0,0.0,0.0,2021,centre8,Zone73,Neighbourhood192,Dwelling1
VR_5758,Que,4.0,5.9,5.0,0.8,4.7,2021,centre8,Zone73,Neighbourhood192,Dwelling2
VR_5759,Que,0.0,0.0,0.0,0.0,0.0,2021,centre8,Zone73,Neighbourhood193,Dwelling1
VR_5760,Que,0.0,0.0,4.0,1.8,5.4,2021,centre8,Zone73,Neighbourhood193,Dwelling2
VR_5761,Que,0.0,0.0,0.0,0.0,0.0,2021,centre8,Zone74,Neighbourhood194,Dwelling1
VR_5762,Que,0.0,0.0,4.5,0.0,4.4,2021,centre8,Zone74,Neighbourhood194,Dwelling2
VR_5763,Que,0.0,0.0,0.0,0.0,0.0,2021,centre8,Zone74,Neighbourhood195,Dwelling1
VR_5764,Que,0.0,0.0,0.0,0.6,4.5,2021,centre8,Zone74,Neighbourhood195,Dwelling2
VR_5765,Que,0.0,0.0,0.0,0.0,0.0,2021,centre8,Zone74,Neighbourhood196,Dwelling1
VR_5766,Que,0.0,4.1,0.0,0.0,1.4,2021,centre8,Zone74,Neighbourhood196,Dwelling2
VR_5767,Que,0.0,0.0,0.0,0.0,0.0,2021,centre8,Zone74,Neighbourhood197,Dwelling1
VR_5768,Que,0.0,5.4,3.1,2.0,3.4,2021,centre8,Zone74,Neighbourhood197,Dwelling2
VR_5769,Que,0.0,0.0,0.0,0.0,0.0,2021,centre8,Zone75,Neighbourhood198,Dwelling1
VR_5770,Que,0.0,0.7,0.0,0.6,0.0,2021,centre8,Zone75,Neighbourhood198,Dwelling2
VR_5771,Que,0.0,0.0,0.0,0.0,0.0,2021,centre8,Zone75,Neighbourhood199,Dwelling1
VR_5772,Que,2.4,0.0,1.2,0.0,0.0,2021,centre8,Zone75,Neighbourhood199,Dwelling2
VR_5773,Que,0.0,0.0,0.0,0.0,0.0,2021,centre8,Zone75,Neighbourhood200,Dwelling1
VR_5774,Que,0.0,0.0,0.4,0.0,0.3,2021,centre8,Zone75,Neighbourhood200,Dwelling2
VR_5775,Que,0.0,0.0,0.0,0.0,0.0,2021,centre8,Zone75,Neighbourhood201,Dwelling1
VR_5776,Que,0.0,0.0,0.0,0.0,0.0,2021,centre8,Zone75,Neighbourhood201,Dwelling2
VR_5777,Que,0.0,0.0,0.0,0.0,0.0,2021,centre8,Zone76,Neighbourhood202,Dwelling1
VR_5778,Que,0.0,1.7,1.2,1.0,1.4,2021,centre8,Zone76,Neighbourhood202,Dwelling2
VR_5779,Que,0.0,0.0,0.0,0.0,0.0,2021,centre8,Zone76,Neighbourhood203,Dwelling1
VR_5780,Que,0.0,0.0,0.9,0.0,1.3,2021,centre8,Zone76,Neighbourhood203,Dwelling2
VR_5781,Que,0.0,0.0,0.0,0.0,0.0,2021,centre8,Zone76,Neighbourhood204,Dwelling1
VR_5782,Que,0.0,0.0,0.0,0.0,0.0,2021,centre8,Zone76,Neighbourhood204,Dwelling2
VR_5783,Que,0.0,0.0,0.0,0.0,0.0,2021,centre8,Zone77,Neighbourhood205,Dwelling1
VR_5784,Que,0.0,0.6,0.3,0.0,0.3,2021,centre8,Zone77,Neighbourhood205,Dwelling2
VR_5785,Que,0.0,0.0,0.0,0.0,0.0,2021,centre8,Zone77,Neighbourhood206,Dwelling1
VR_5786,Que,0.0,0.6,2.0,0.0,1.8,2021,centre8,Zone77,Neighbourhood206,Dwelling2
VR_5787,Que,0.0,0.0,0.0,0.0,0.0,2021,centre8,Zone77,Neighbourhood207,Dwelling1
VR_5788,Que,0.0,0.0,0.0,0.0,0.4,2021,centre8,Zone77,Neighbourhood207,Dwelling2
VR_5789,Que,0.0,0.0,0.0,0.0,0.0,2021,centre8,Zone78,Neighbourhood208,Dwelling1
VR_5790,Que,0.0,0.0,0.0,0.0,0.0,2021,centre8,Zone78,Neighbourhood208,Dwelling2
VR_5791,Que,0.0,0.0,0.0,0.0,0.0,2021,centre8,Zone78,Neighbourhood209,Dwelling1
VR_5792,Que,0.0,0.0,0.0,0.0,0.0,2021,centre8,Zone78,Neighbourhood209,Dwelling2
VR_5793,Que,0.0,0.0,0.0,0.0,0.0,2021,centre8,Zone78,Neighbourhood210,Dwelling1
VR_5794,Que,0.0,0.0,1.0,0.0,1.1,2021,centre8,Zone78,Neighbourhood210,Dwelling2
VR_5795,Que,0.0,0.0,0.0,0.0,0.0,2021,centre8,Zone79,Neighbourhood211,Dwelling1
VR_5796,Que,0.0,0.0,1.1,0.0,1.5,2021,centre8,Zone79,Neighbourhood211,Dwelling2
VR_5797,Que,0.0,0.0,0.0,0.0,0.0,2021,centre8,Zone79,Neighbourhood212,Dwelling1
VR_5798,Que,0.0,8.0,1.7,0.0,3.2,2021,centre8,Zone79,Neighbourhood212,Dwelling2
VR_5799,Que,0.0,0.0,0.0,0.0,0.0,2021,centre8,Zone80,Neighbourhood213,Dwelling1
VR_5800,Que,0.0,0.0,0.0,0.0,0.0,2021,centre8,Zone80,Neighbourhood213,Dwelling2
VR_5801,Que,0.0,0.0,0.0,0.0,0.0,2021,centre8,Zone80,Neighbourhood214,Dwelling1
VR_5802,Que,0.0,0.0,0.0,0.0,0.0,2021,centre8,Zone80,Neighbourhood214,Dwelling2
VR_5803,Que,0.0,0.0,0.0,0.0,0.0,2021,centre8,Zone80,Neighbourhood215,Dwelling1
VR_5804,Que,0.0,0.0,0.0,0.0,0.0,2021,centre8,Zone80,Neighbourhood215,Dwelling2
VR_5805,Que,0.0,0.0,0.0,0.0,0.0,2021,centre8,Zone81,Neighbourhood216,Dwelling1
VR_5806,Que,0.0,0.0,4.0,0.4,0.0,2021,centre8,Zone81,Neighbourhood216,Dwelling2
VR_5807,Que,0.0,0.0,0.0,0.0,0.0,2021,centre8,Zone81,Neighbourhood217,Dwelling1
VR_5808,Que,0.0,0.0,0.0,0.0,0.0,2021,centre8,Zone81,Neighbourhood217,Dwelling2
VR_5809,Que,0.0,0.0,0.0,0.0,0.0,2021,centre8,Zone81,Neighbourhood218,Dwelling1
VR_5810,Que,0.0,0.0,0.7,0.0,0.4,2021,centre8,Zone81,Neighbourhood218,Dwelling2
VR_5811,Que,0.0,0.0,0.0,0.0,0.0,2021,centre8,Zone82,Neighbourhood219,Dwelling1
VR_5812,Que,0.0,2.6,1.0,0.0,1.4,2021,centre8,Zone82,Neighbourhood219,Dwelling2
VR_5813,Que,0.0,0.0,0.0,0.0,0.0,2021,centre8,Zone82,Neighbourhood220,Dwelling1
VR_5814,Que,0.0,0.0,1.0,0.0,1.1,2021,centre8,Zone82,Neighbourhood220,Dwelling2
VR_5815,Que,0.0,0.0,0.0,0.0,0.0,2021,centre8,Zone82,Neighbourhood221,Dwelling1
VR_5816,Que,0.0,0.0,0.4,0.0,0.7,2021,centre8,Zone82,Neighbourhood221,Dwelling2
VR_5817,Que,0.0,0.0,0.0,0.0,0.0,2021,centre8,Zone82,Neighbourhood222,Dwelling1
VR_5818,Que,0.0,0.0,0.0,0.0,0.0,2021,centre8,Zone82,Neighbourhood222,Dwelling2
VR_5819,Que,0.0,0.0,0.0,0.0,0.0,2021,centre8,Zone83,Neighbourhood223,Dwelling1
VR_5820,Que,0.0,0.0,0.4,0.0,0.5,2021,centre8,Zone83,Neighbourhood223,Dwelling2
VR_5821,Que,0.0,0.0,0.0,0.0,0.0,2021,centre8,Zone83,Neighbourhood224,Dwelling1
VR_5822,Que,0.0,0.9,0.9,0.0,1.0,2021,centre8,Zone83,Neighbourhood224,Dwelling2
VR_5823,Que,0.0,0.0,0.0,0.0,0.0,2021,centre8,Zone83,Neighbourhood225,Dwelling1
VR_5824,Que,0.0,0.0,0.3,0.0,0.6,2021,centre8,Zone83,Neighbourhood225,Dwelling2
VR_5825,Que,0.0,0.0,0.0,0.0,0.0,2021,centre8,Zone83,Neighbourhood226,Dwelling1
VR_5826,Que,0.0,0.0,0.3,0.0,0.2,2021,centre8,Zone83,Neighbourhood226,Dwelling2
VR_5827,Que,0.0,0.0,0.0,0.0,0.0,2021,centre8,Zone83,Neighbourhood227,Dwelling1
VR_5828,Que,0.0,0.0,0.0,0.0,0.0,2021,centre8,Zone83,Neighbourhood227,Dwelling2
VR_5829,Que,0.0,0.0,0.0,0.0,0.0,2021,centre9,Zone84,Neighbourhood228,Dwelling1
VR_5830,Que,0.0,0.0,0.6,0.2,1.3,2021,centre9,Zone84,Neighbourhood228,Dwelling2
VR_5831,Que,0.0,0.0,0.0,0.0,0.0,2021,centre9,Zone85,Neighbourhood229,Dwelling1
VR_5832,Que,0.0,0.0,0.0,0.0,0.8,2021,centre9,Zone85,Neighbourhood229,Dwelling2
VR_5833,Que,0.0,0.0,0.0,0.0,0.0,2021,centre9,Zone86,Neighbourhood230,Dwelling1
VR_5834,Que,3.0,0.0,0.5,0.3,0.8,2021,centre9,Zone86,Neighbourhood230,Dwelling2
VR_5835,Que,0.0,0.0,0.0,0.0,0.0,2021,centre9,Zone87,Neighbourhood231,Dwelling1
VR_5836,Que,0.2,0.6,0.8,0.0,0.8,2021,centre9,Zone87,Neighbourhood231,Dwelling2
VR_5837,Que,0.0,0.0,0.0,0.0,0.0,2021,centre9,Zone88,Neighbourhood232,Dwelling1
VR_5838,Que,0.0,0.0,0.0,0.0,0.0,2021,centre9,Zone88,Neighbourhood232,Dwelling2
VR_5839,Que,0.0,0.0,0.0,0.0,0.0,2021,centre9,Zone89,Neighbourhood233,Dwelling1
VR_5840,Que,0.0,0.5,0.2,0.0,0.2,2021,centre9,Zone89,Neighbourhood233,Dwelling2
VR_5841,Que,0.0,0.0,0.0,0.0,0.0,2021,centre9,Zone90,Neighbourhood234,Dwelling1
VR_5842,Que,5.7,0.7,0.6,0.7,0.8,2021,centre9,Zone90,Neighbourhood234,Dwelling2
VR_5843,Que,0.0,0.0,0.0,0.0,0.0,2021,centre9,Zone91,Neighbourhood235,Dwelling1
VR_5844,Que,0.0,0.4,0.2,0.0,0.4,2021,centre9,Zone91,Neighbourhood235,Dwelling2
VR_5845,Que,0.0,0.0,0.0,0.0,0.0,2021,centre9,Zone92,Neighbourhood236,Dwelling1
VR_5846,Que,0.0,0.5,1.1,4.4,1.5,2021,centre9,Zone92,Neighbourhood236,Dwelling2
VR_5847,Que,0.0,0.0,0.0,0.0,0.0,2021,centre9,Zone3,Neighbourhood3,Dwelling1
VR_5848,Que,0.0,0.0,0.0,0.0,0.0,2021,centre9,Zone3,Neighbourhood3,Dwelling2
VR_5849,Que,0.0,0.0,0.0,0.0,0.0,2021,centre10,Zone93,Neighbourhood237,Dwelling1
VR_5850,Que,0.0,0.0,0.0,0.0,0.0,2021,centre10,Zone93,Neighbourhood237,Dwelling2
VR_5851,Que,0.0,0.0,0.0,0.0,0.0,2021,centre10,Zone93,Neighbourhood238,Dwelling1
VR_5852,Que,0.0,0.0,0.0,0.0,0.0,2021,centre10,Zone93,Neighbourhood238,Dwelling2
VR_5853,Que,0.0,0.0,0.0,0.0,0.0,2021,centre10,Zone93,Neighbourhood239,Dwelling1
VR_5854,Que,0.0,0.0,0.0,0.0,0.0,2021,centre10,Zone93,Neighbourhood239,Dwelling2
VR_5855,Que,0.0,0.0,0.0,0.0,0.0,2021,centre10,Zone94,Neighbourhood240,Dwelling1
VR_5856,Que,0.4,0.0,0.0,0.0,1.8,2021,centre10,Zone94,Neighbourhood240,Dwelling2
VR_5857,Que,0.0,0.0,0.0,0.0,0.0,2021,centre10,Zone24,Neighbourhood241,Dwelling1
VR_5858,Que,0.0,0.0,0.5,0.6,0.7,2021,centre10,Zone24,Neighbourhood241,Dwelling2
VR_5859,Que,0.0,0.0,0.0,0.0,0.0,2021,centre10,Zone95,Neighbourhood242,Dwelling1
VR_5860,Que,0.0,0.4,0.0,0.0,0.1,2021,centre10,Zone95,Neighbourhood242,Dwelling2
VR_5861,Que,0.0,0.0,0.0,0.0,0.0,2021,centre10,Zone95,Neighbourhood243,Dwelling1
VR_5862,Que,0.0,0.0,0.0,0.0,0.0,2021,centre10,Zone95,Neighbourhood243,Dwelling2
VR_5863,Que,0.0,0.0,0.0,0.0,0.0,2021,centre10,Zone96,Neighbourhood244,Dwelling1
VR_5864,Que,0.0,0.0,0.0,0.0,0.0,2021,centre10,Zone96,Neighbourhood244,Dwelling2
VR_5865,Que,0.0,0.0,0.0,0.0,0.0,2021,centre10,Zone97,Neighbourhood245,Dwelling1
VR_5866,Que,0.0,0.0,0.8,0.0,0.5,2021,centre10,Zone97,Neighbourhood245,Dwelling2
VR_5867,Que,0.0,0.0,0.0,0.0,0.0,2021,centre10,Zone97,Neighbourhood246,Dwelling1
VR_5868,Que,0.0,0.0,0.0,0.0,0.0,2021,centre10,Zone97,Neighbourhood246,Dwelling2
VR_5869,Que,0.0,0.0,0.0,0.0,0.0,2021,centre10,Zone98,Neighbourhood247,Dwelling1
VR_5870,Que,0.0,0.0,0.0,0.0,0.0,2021,centre10,Zone98,Neighbourhood247,Dwelling2
VR_5871,Que,0.0,0.0,0.0,0.0,0.0,2021,centre10,Zone98,Neighbourhood248,Dwelling1
VR_5872,Que,0.0,0.0,0.0,0.0,0.0,2021,centre10,Zone98,Neighbourhood248,Dwelling2
VR_5873,Que,0.0,0.0,0.0,0.0,0.0,2021,centre10,Zone98,Neighbourhood249,Dwelling1
VR_5874,Que,0.0,0.0,0.0,0.0,0.0,2021,centre10,Zone98,Neighbourhood249,Dwelling2
VR_5875,Que,0.0,0.0,0.0,0.0,0.0,2021,centre10,Zone99,Neighbourhood250,Dwelling1
VR_5876,Que,0.0,0.0,0.0,0.0,0.0,2021,centre10,Zone99,Neighbourhood250,Dwelling2
VR_5877,Que,0.0,0.0,0.0,0.0,0.0,2021,centre10,Zone99,Neighbourhood251,Dwelling1
VR_5878,Que,0.0,0.0,0.0,0.0,0.0,2021,centre10,Zone99,Neighbourhood251,Dwelling2
VR_5879,Ont.,0.0,0.0,0.0,0.0,0.0,2021,centre11,Zone100,Neighbourhood252,Dwelling1
VR_5880,Ont.,5.2,1.5,1.0,0.0,1.7,2021,centre11,Zone100,Neighbourhood252,Dwelling2
VR_5881,Ont.,0.0,0.0,0.0,0.0,0.0,2021,centre11,Zone100,Neighbourhood253,Dwelling1
VR_5882,Ont.,0.0,5.4,0.3,0.0,1.2,2021,centre11,Zone100,Neighbourhood253,Dwelling2
VR_5883,Ont.,0.0,0.0,0.0,0.0,0.0,2021,centre11,Zone100,Neighbourhood254,Dwelling1
VR_5884,Ont.,0.0,0.0,2.7,0.0,1.1,2021,centre11,Zone100,Neighbourhood254,Dwelling2
VR_5885,Ont.,0.0,0.0,0.0,0.0,0.0,2021,centre11,Zone100,Neighbourhood255,Dwelling1
VR_5886,Ont.,0.0,3.0,2.7,0.0,2.8,2021,centre11,Zone100,Neighbourhood255,Dwelling2
VR_5887,Ont.,0.0,0.0,0.0,0.0,4.7,2021,centre11,Zone100,Neighbourhood256,Dwelling1
VR_5888,Ont.,0.0,0.0,0.4,0.0,0.3,2021,centre11,Zone100,Neighbourhood256,Dwelling2
VR_5889,Ont.,0.0,0.0,0.0,0.0,0.0,2021,centre11,Zone100,Neighbourhood257,Dwelling1
VR_5890,Ont.,0.0,0.0,0.0,0.0,0.0,2021,centre11,Zone100,Neighbourhood257,Dwelling2
VR_5891,Ont.,0.0,0.0,0.0,0.0,0.0,2021,centre11,Zone100,Neighbourhood258,Dwelling1
VR_5892,Ont.,0.0,0.0,0.0,0.0,0.0,2021,centre11,Zone100,Neighbourhood258,Dwelling2
VR_5893,Ont.,0.0,0.0,0.0,0.0,0.0,2021,centre12,Zone101,Neighbourhood259,Dwelling1
VR_5894,Ont.,0.0,1.2,1.3,0.0,1.3,2021,centre12,Zone101,Neighbourhood259,Dwelling2
VR_5895,Ont.,0.0,0.0,0.0,0.0,0.0,2021,centre12,Zone101,Neighbourhood252,Dwelling1
VR_5896,Ont.,0.0,0.0,1.2,0.0,0.0,2021,centre12,Zone101,Neighbourhood252,Dwelling2
VR_5897,Ont.,0.0,0.0,0.0,0.0,0.0,2021,centre12,Zone101,Neighbourhood260,Dwelling1
VR_5898,Ont.,0.0,2.6,2.9,0.0,2.7,2021,centre12,Zone101,Neighbourhood260,Dwelling2
VR_5899,Ont.,0.0,0.0,0.0,0.0,0.0,2021,centre12,Zone101,Neighbourhood261,Dwelling1
VR_5900,Ont.,0.0,0.0,1.3,0.0,0.9,2021,centre12,Zone101,Neighbourhood261,Dwelling2
VR_5901,Ont.,0.0,0.0,0.0,0.0,0.0,2021,centre12,Zone101,Neighbourhood262,Dwelling1
VR_5902,Ont.,0.0,0.0,0.0,0.0,0.0,2021,centre12,Zone101,Neighbourhood262,Dwelling2
VR_5903,Ont.,0.0,0.0,0.0,0.0,0.0,2021,centre12,Zone102,Neighbourhood263,Dwelling1
VR_5904,Ont.,0.0,0.0,0.0,0.0,0.0,2021,centre12,Zone102,Neighbourhood263,Dwelling2
VR_5905,Ont.,0.0,0.0,0.0,0.0,0.0,2021,centre12,Zone102,Neighbourhood264,Dwelling1
VR_5906,Ont.,0.0,2.9,1.8,0.0,2.0,2021,centre12,Zone102,Neighbourhood264,Dwelling2
VR_5907,Ont.,0.0,0.0,0.0,0.0,0.0,2021,centre13,Zone103,Neighbourhood265,Dwelling1
VR_5908,Ont.,0.0,6.9,2.2,0.0,4.8,2021,centre13,Zone103,Neighbourhood265,Dwelling2
VR_5909,Ont.,0.0,0.0,0.0,0.0,2.5,2021,centre13,Zone103,Neighbourhood266,Dwelling1
VR_5910,Ont.,0.0,0.0,0.0,0.0,0.0,2021,centre13,Zone103,Neighbourhood266,Dwelling2
VR_5911,Ont.,0.0,0.0,0.0,0.0,0.0,2021,centre13,Zone103,Neighbourhood267,Dwelling1
VR_5912,Ont.,0.0,3.5,0.0,0.0,2.6,2021,centre13,Zone103,Neighbourhood267,Dwelling2
VR_5913,Ont.,0.0,0.0,0.0,0.9,0.6,2021,centre13,Zone103,Neighbourhood268,Dwelling1
VR_5914,Ont.,0.0,1.2,0.4,0.0,0.7,2021,centre13,Zone103,Neighbourhood268,Dwelling2
VR_5915,Ont.,0.0,0.0,0.0,0.0,0.0,2021,centre13,Zone103,Neighbourhood269,Dwelling1
VR_5916,Ont.,0.0,1.8,0.0,3.1,2.4,2021,centre13,Zone103,Neighbourhood269,Dwelling2
VR_5917,Ont.,0.0,0.0,0.0,0.0,0.0,2021,centre13,Zone103,Neighbourhood270,Dwelling1
VR_5918,Ont.,0.0,0.0,0.0,0.0,0.0,2021,centre13,Zone103,Neighbourhood270,Dwelling2
VR_5919,Ont.,0.0,0.0,0.0,0.0,0.0,2021,centre14,Zone20,Neighbourhood46,Dwelling1
VR_5920,Ont.,0.0,2.7,2.2,0.0,2.4,2021,centre14,Zone20,Neighbourhood46,Dwelling2
VR_5921,Ont.,0.0,0.0,0.0,0.0,0.0,2021,centre14,Zone19,Neighbourhood271,Dwelling1
VR_5922,Ont.,0.0,0.9,1.2,0.0,1.2,2021,centre14,Zone19,Neighbourhood271,Dwelling2
VR_5923,Ont.,0.0,0.0,1.8,0.6,0.8,2021,centre14,Zone19,Neighbourhood272,Dwelling1
VR_5924,Ont.,0.0,1.6,1.7,0.0,1.7,2021,centre14,Zone19,Neighbourhood272,Dwelling2
VR_5925,Ont.,0.0,0.0,0.0,0.0,0.0,2021,centre14,Zone22,Neighbourhood49,Dwelling1
VR_5926,Ont.,0.0,4.0,0.9,2.4,2.2,2021,centre14,Zone22,Neighbourhood49,Dwelling2
VR_5927,Ont.,0.0,0.0,0.0,0.0,0.0,2021,centre14,Zone104,Neighbourhood273,Dwelling1
VR_5928,Ont.,0.0,0.0,0.0,0.0,0.0,2021,centre14,Zone104,Neighbourhood273,Dwelling2
VR_5929,Ont.,0.0,0.0,0.0,0.0,0.0,2021,centre15,Zone105,Neighbourhood274,Dwelling1
VR_5930,Ont.,0.0,4.8,3.6,0.0,4.3,2021,centre15,Zone105,Neighbourhood274,Dwelling2
VR_5931,Ont.,0.0,0.0,0.0,0.0,0.0,2021,centre15,Zone105,Neighbourhood275,Dwelling1
VR_5932,Ont.,5.7,3.2,4.4,3.1,3.8,2021,centre15,Zone105,Neighbourhood275,Dwelling2
VR_5933,Ont.,0.0,0.0,0.0,0.0,0.0,2021,centre15,Zone105,Neighbourhood276,Dwelling1
VR_5934,Ont.,4.7,4.6,0.0,0.0,3.5,2021,centre15,Zone105,Neighbourhood276,Dwelling2
VR_5935,Ont.,0.0,0.0,0.0,0.0,0.0,2021,centre15,Zone106,Neighbourhood277,Dwelling1
VR_5936,Ont.,0.0,0.0,0.0,0.0,0.0,2021,centre15,Zone106,Neighbourhood277,Dwelling2
VR_5937,Ont.,0.0,0.0,0.0,0.0,0.0,2021,centre15,Zone106,Neighbourhood278,Dwelling1
VR_5938,Ont.,0.0,3.3,3.2,0.0,3.8,2021,centre15,Zone106,Neighbourhood278,Dwelling2
VR_5939,Ont.,0.0,0.0,0.0,2.9,2.8,2021,centre15,Zone107,Neighbourhood279,Dwelling1
VR_5940,Ont.,0.0,2.9,3.9,3.6,3.5,2021,centre15,Zone107,Neighbourhood279,Dwelling2
VR_5941,Ont.,0.0,0.0,0.0,0.0,0.0,2021,centre15,Zone107,Neighbourhood280,Dwelling1
VR_5942,Ont.,2.5,1.7,2.2,3.9,2.1,2021,centre15,Zone107,Neighbourhood280,Dwelling2
VR_5943,Ont.,0.0,0.0,0.0,0.0,0.0,2021,centre15,Zone108,Neighbourhood281,Dwelling1
VR_5944,Ont.,0.0,0.0,0.0,0.0,0.0,2021,centre15,Zone108,Neighbourhood281,Dwelling2
VR_5945,Ont.,0.0,0.0,0.0,0.0,0.0,2021,centre15,Zone108,Neighbourhood282,Dwelling1
VR_5946,Ont.,0.0,0.0,2.9,0.0,4.9,2021,centre15,Zone108,Neighbourhood282,Dwelling2
VR_5947,Ont.,0.0,0.0,0.0,0.0,0.0,2021,centre15,Zone108,Neighbourhood283,Dwelling1
VR_5948,Ont.,0.0,2.7,4.0,0.0,3.7,2021,centre15,Zone108,Neighbourhood283,Dwelling2
VR_5949,Ont.,0.0,0.0,0.0,0.0,0.0,2021,centre15,Zone109,Neighbourhood284,Dwelling1
VR_5950,Ont.,0.0,3.5,5.0,6.4,4.1,2021,centre15,Zone109,Neighbourhood284,Dwelling2
VR_5951,Ont.,0.0,0.0,0.0,0.0,0.0,2021,centre15,Zone109,Neighbourhood285,Dwelling1
VR_5952,Ont.,0.0,2.6,1.2,3.3,2.0,2021,centre15,Zone109,Neighbourhood285,Dwelling2
VR_5953,Ont.,0.0,0.0,0.0,0.0,0.0,2021,centre15,Zone110,Neighbourhood286,Dwelling1
VR_5954,Ont.,0.0,2.9,2.6,3.5,2.7,2021,centre15,Zone110,Neighbourhood286,Dwelling2
VR_5955,Ont.,0.0,0.0,0.0,0.0,0.0,2021,centre15,Zone110,Neighbourhood287,Dwelling1
VR_5956,Ont.,0.0,2.5,2.0,1.1,2.0,2021,centre15,Zone110,Neighbourhood287,Dwelling2
VR_5957,Ont.,0.0,0.0,0.0,0.0,0.0,2021,centre15,Zone110,Neighbourhood288,Dwelling1
VR_5958,Ont.,0.0,0.0,0.0,0.0,0.0,2021,centre15,Zone110,Neighbourhood288,Dwelling2
VR_5959,Ont.,0.0,0.0,0.0,0.0,0.0,2021,centre15,Zone110,Neighbourhood289,Dwelling1
VR_5960,Ont.,0.0,0.0,0.0,0.0,0.0,2021,centre15,Zone110,Neighbourhood289,Dwelling2
VR_5961,Ont.,0.0,0.0,0.0,0.0,0.0,2021,centre15,Zone111,Neighbourhood290,Dwelling1
VR_5962,Ont.,0.0,4.4,3.1,0.0,3.6,2021,centre15,Zone111,Neighbourhood290,Dwelling2
VR_5963,Ont.,0.0,0.0,0.0,0.0,0.0,2021,centre15,Zone111,Neighbourhood291,Dwelling1
VR_5964,Ont.,0.0,0.0,0.0,0.0,0.8,2021,centre15,Zone111,Neighbourhood291,Dwelling2
VR_5965,Ont.,0.0,0.0,0.0,0.0,0.0,2021,centre15,Zone112,Neighbourhood292,Dwelling1
VR_5966,Ont.,0.0,0.2,1.1,1.3,0.9,2021,centre15,Zone112,Neighbourhood292,Dwelling2
VR_5967,Ont.,0.0,0.0,0.0,2.8,2.4,2021,centre15,Zone112,Neighbourhood293,Dwelling1
VR_5968,Ont.,0.0,1.0,1.1,0.9,1.1,2021,centre15,Zone112,Neighbourhood293,Dwelling2
VR_5969,Ont.,0.0,0.0,0.0,0.0,0.0,2021,centre15,Zone112,Neighbourhood294,Dwelling1
VR_5970,Ont.,0.0,2.1,1.4,0.0,1.5,2021,centre15,Zone112,Neighbourhood294,Dwelling2
VR_5971,Ont.,0.0,0.0,0.0,0.7,0.6,2021,centre15,Zone112,Neighbourhood295,Dwelling1
VR_5972,Ont.,0.0,0.9,0.8,0.0,0.8,2021,centre15,Zone112,Neighbourhood295,Dwelling2
VR_5973,Ont.,0.0,0.0,0.0,0.0,0.0,2021,centre15,Zone112,Neighbourhood296,Dwelling1
VR_5974,Ont.,0.0,0.0,0.0,0.0,0.0,2021,centre15,Zone112,Neighbourhood296,Dwelling2
VR_5975,Ont.,0.0,0.0,0.0,0.0,0.0,2021,centre15,Zone113,Neighbourhood297,Dwelling1
VR_5976,Ont.,0.0,3.1,2.2,1.7,2.5,2021,centre15,Zone113,Neighbourhood297,Dwelling2
VR_5977,Ont.,0.0,0.0,0.0,0.0,0.0,2021,centre15,Zone113,Neighbourhood298,Dwelling1
VR_5978,Ont.,0.0,0.0,0.0,0.0,0.4,2021,centre15,Zone113,Neighbourhood298,Dwelling2
VR_5979,Ont.,0.0,0.0,0.0,0.0,0.0,2021,centre15,Zone113,Neighbourhood299,Dwelling1
VR_5980,Ont.,0.0,0.0,0.0,0.0,0.0,2021,centre15,Zone113,Neighbourhood299,Dwelling2
VR_5981,Ont.,0.0,0.0,0.0,0.0,0.0,2021,centre15,Zone113,Neighbourhood300,Dwelling1
VR_5982,Ont.,0.0,0.0,0.0,0.0,0.0,2021,centre15,Zone113,Neighbourhood300,Dwelling2
VR_5983,Ont.,0.0,0.0,0.0,0.0,0.0,2021,centre16,Zone114,Neighbourhood301,Dwelling1
VR_5984,Ont.,0.0,0.0,0.0,0.0,0.1,2021,centre16,Zone114,Neighbourhood301,Dwelling2
VR_5985,Ont.,0.0,0.0,0.0,0.0,0.0,2021,centre16,Zone114,Neighbourhood302,Dwelling1
VR_5986,Ont.,0.0,0.0,0.0,0.0,0.0,2021,centre16,Zone114,Neighbourhood302,Dwelling2
VR_5987,Ont.,0.0,0.0,0.0,0.0,0.0,2021,centre16,Zone114,Neighbourhood303,Dwelling1
VR_5988,Ont.,0.0,0.0,0.0,0.0,0.0,2021,centre16,Zone114,Neighbourhood303,Dwelling2
VR_5989,Ont.,0.0,0.0,0.0,0.0,0.0,2021,centre16,Zone114,Neighbourhood304,Dwelling1
VR_5990,Ont.,0.7,0.0,1.9,0.0,4.0,2021,centre16,Zone114,Neighbourhood304,Dwelling2
VR_5991,Ont.,0.0,0.0,0.0,0.0,0.0,2021,centre16,Zone115,Neighbourhood305,Dwelling1
VR_5992,Ont.,0.0,0.0,0.0,0.0,0.6,2021,centre16,Zone115,Neighbourhood305,Dwelling2
VR_5993,Ont.,0.0,0.0,0.0,0.0,0.0,2021,centre16,Zone115,Neighbourhood306,Dwelling1
VR_5994,Ont.,0.0,1.1,1.4,0.0,1.3,2021,centre16,Zone115,Neighbourhood306,Dwelling2
VR_5995,Ont.,0.0,0.0,0.0,0.0,0.0,2021,centre16,Zone115,Neighbourhood307,Dwelling1
VR_5996,Ont.,1.0,0.3,0.2,0.0,0.2,2021,centre16,Zone115,Neighbourhood307,Dwelling2
VR_5997,Ont.,0.0,0.0,0.0,0.0,0.0,2021,centre16,Zone116,Neighbourhood308,Dwelling1
VR_5998,Ont.,0.0,0.0,0.0,0.0,0.0,2021,centre16,Zone116,Neighbourhood308,Dwelling2
VR_5999,Ont.,0.0,0.0,0.0,0.0,0.0,2021,centre16,Zone116,Neighbourhood309,Dwelling1
VR_6000,Ont.,0.0,1.8,2.3,0.0,3.0,2021,centre16,Zone116,Neighbourhood309,Dwelling2
VR_6001,Ont.,0.0,0.0,0.0,0.0,0.0,2021,centre16,Zone116,Neighbourhood310,Dwelling1
VR_6002,Ont.,0.0,0.0,2.3,0.0,2.3,2021,centre16,Zone116,Neighbourhood310,Dwelling2
VR_6003,Ont.,0.0,0.0,0.0,0.0,0.0,2021,centre16,Zone116,Neighbourhood311,Dwelling1
VR_6004,Ont.,0.0,0.0,0.0,0.0,0.0,2021,centre16,Zone116,Neighbourhood311,Dwelling2
VR_6005,Ont.,0.0,0.0,0.0,0.0,0.0,2021,centre16,Zone116,Neighbourhood312,Dwelling1
VR_6006,Ont.,0.0,0.0,3.4,0.0,3.8,2021,centre16,Zone116,Neighbourhood312,Dwelling2
VR_6007,Ont.,0.0,0.0,0.0,0.0,0.0,2021,centre16,Zone116,Neighbourhood313,Dwelling1
VR_6008,Ont.,0.0,1.1,0.4,0.0,0.6,2021,centre16,Zone116,Neighbourhood313,Dwelling2
VR_6009,Ont.,0.0,0.0,0.0,0.0,0.0,2021,centre16,Zone3,Neighbourhood314,Dwelling1
VR_6010,Ont.,0.0,0.0,0.0,0.0,1.3,2021,centre16,Zone3,Neighbourhood314,Dwelling2
VR_6011,Ont.,0.0,0.0,0.0,0.0,0.0,2021,centre16,Zone3,Neighbourhood315,Dwelling1
VR_6012,Ont.,0.0,1.1,0.7,0.0,1.0,2021,centre16,Zone3,Neighbourhood315,Dwelling2
VR_6013,Ont.,0.0,0.0,0.0,0.0,0.0,2021,centre16,Zone3,Neighbourhood316,Dwelling1
VR_6014,Ont.,0.0,0.9,1.0,0.0,1.0,2021,centre16,Zone3,Neighbourhood316,Dwelling2
VR_6015,Ont.,0.0,0.0,0.0,0.0,0.0,2021,centre16,Zone3,Neighbourhood317,Dwelling1
VR_6016,Ont.,0.0,0.0,0.0,0.0,0.0,2021,centre16,Zone3,Neighbourhood317,Dwelling2
VR_6017,Ont.,0.0,0.0,0.0,4.7,3.8,2021,centre17,Zone117,Neighbourhood318,Dwelling1
VR_6018,Ont.,0.0,1.2,1.2,0.0,1.1,2021,centre17,Zone117,Neighbourhood318,Dwelling2
VR_6019,Ont.,0.0,0.0,0.0,0.0,0.0,2021,centre17,Zone117,Neighbourhood319,Dwelling1
VR_6020,Ont.,0.0,1.2,1.3,1.2,1.2,2021,centre17,Zone117,Neighbourhood319,Dwelling2
VR_6021,Ont.,0.0,0.0,0.0,0.0,0.0,2021,centre17,Zone117,Neighbourhood320,Dwelling1
VR_6022,Ont.,4.9,3.3,2.4,1.4,2.6,2021,centre17,Zone117,Neighbourhood320,Dwelling2
VR_6023,Ont.,0.0,0.0,0.0,0.0,0.0,2021,centre17,Zone118,Neighbourhood321,Dwelling1
VR_6024,Ont.,0.0,2.0,1.0,0.0,1.4,2021,centre17,Zone118,Neighbourhood321,Dwelling2
VR_6025,Ont.,0.0,0.0,0.0,0.0,0.0,2021,centre17,Zone119,Neighbourhood322,Dwelling1
VR_6026,Ont.,0.0,2.8,1.9,0.0,2.5,2021,centre17,Zone119,Neighbourhood322,Dwelling2
VR_6027,Ont.,0.0,0.0,0.0,0.0,0.0,2021,centre17,Zone119,Neighbourhood323,Dwelling1
VR_6028,Ont.,0.0,4.1,1.5,0.0,2.8,2021,centre17,Zone119,Neighbourhood323,Dwelling2
VR_6029,Ont.,0.0,0.0,0.0,0.0,0.0,2021,centre17,Zone120,Neighbourhood324,Dwelling1
VR_6030,Ont.,0.0,0.0,1.2,0.0,1.3,2021,centre17,Zone120,Neighbourhood324,Dwelling2
VR_6031,Ont.,0.0,0.0,0.0,0.0,0.0,2021,centre17,Zone120,Neighbourhood325,Dwelling1
VR_6032,Ont.,0.0,0.0,0.0,0.0,2.7,2021,centre17,Zone120,Neighbourhood325,Dwelling2
VR_6033,Ont.,0.0,0.0,0.0,0.0,1.3,2021,centre17,Zone120,Neighbourhood326,Dwelling1
VR_6034,Ont.,0.0,0.0,0.0,0.0,4.2,2021,centre17,Zone120,Neighbourhood326,Dwelling2
VR_6035,Ont.,0.0,0.0,0.0,0.0,0.0,2021,centre17,Zone120,Neighbourhood327,Dwelling1
VR_6036,Ont.,0.0,0.9,1.6,5.9,1.6,2021,centre17,Zone120,Neighbourhood327,Dwelling2
VR_6037,Ont.,0.0,0.0,0.0,0.0,0.0,2021,centre17,Zone121,Neighbourhood328,Dwelling1
VR_6038,Ont.,0.0,0.4,0.5,0.0,0.4,2021,centre17,Zone121,Neighbourhood328,Dwelling2
VR_6039,Ont.,0.0,0.0,0.0,0.0,0.0,2021,centre17,Zone121,Neighbourhood329,Dwelling1
VR_6040,Ont.,0.0,1.5,0.9,0.0,1.2,2021,centre17,Zone121,Neighbourhood329,Dwelling2
VR_6041,Ont.,0.0,0.0,0.0,0.0,1.3,2021,centre17,Zone121,Neighbourhood330,Dwelling1
VR_6042,Ont.,0.0,0.0,0.0,0.0,0.0,2021,centre17,Zone121,Neighbourhood330,Dwelling2
VR_6043,Ont.,0.0,0.0,0.0,0.0,0.0,2021,centre17,Zone121,Neighbourhood331,Dwelling1
VR_6044,Ont.,0.0,1.0,1.3,0.0,1.2,2021,centre17,Zone121,Neighbourhood331,Dwelling2
VR_6045,Ont.,0.0,0.0,0.0,0.0,0.0,2021,centre17,Zone121,Neighbourhood332,Dwelling1
VR_6046,Ont.,0.0,0.0,0.0,0.0,0.0,2021,centre17,Zone121,Neighbourhood332,Dwelling2
VR_6047,Ont.,0.0,0.0,0.0,0.0,0.0,2021,centre17,Zone122,Neighbourhood333,Dwelling1
VR_6048,Ont.,0.0,0.3,3.6,1.5,2.1,2021,centre17,Zone122,Neighbourhood333,Dwelling2
VR_6049,Ont.,0.0,0.0,0.0,0.0,0.0,2021,centre18,Zone123,Neighbourhood334,Dwelling1
VR_6050,Ont.,0.0,2.6,1.7,0.0,2.4,2021,centre18,Zone123,Neighbourhood334,Dwelling2
VR_6051,Ont.,0.0,0.0,0.0,0.0,0.6,2021,centre18,Zone124,Neighbourhood335,Dwelling1
VR_6052,Ont.,0.0,3.4,2.8,0.0,3.0,2021,centre18,Zone124,Neighbourhood335,Dwelling2
VR_6053,Ont.,0.0,0.0,0.0,0.0,0.0,2021,centre18,Zone124,Neighbourhood336,Dwelling1
VR_6054,Ont.,2.7,1.6,1.5,0.0,1.6,2021,centre18,Zone124,Neighbourhood336,Dwelling2
VR_6055,Ont.,0.0,0.0,0.0,0.0,0.0,2021,centre18,Zone21,Neighbourhood337,Dwelling1
VR_6056,Ont.,0.0,0.8,2.6,2.2,1.7,2021,centre18,Zone21,Neighbourhood337,Dwelling2
VR_6057,Ont.,0.0,0.0,0.0,0.0,0.0,2021,centre18,Zone21,Neighbourhood338,Dwelling1
VR_6058,Ont.,0.0,1.7,1.2,0.0,1.3,2021,centre18,Zone21,Neighbourhood338,Dwelling2
VR_6059,Ont.,0.0,0.0,0.0,0.0,0.0,2021,centre18,Zone125,Neighbourhood339,Dwelling1
VR_6060,Ont.,1.2,2.2,2.0,1.0,2.0,2021,centre18,Zone125,Neighbourhood339,Dwelling2
VR_6061,Ont.,0.0,0.0,0.0,0.0,0.0,2021,centre18,Zone125,Neighbourhood340,Dwelling1
VR_6062,Ont.,0.0,1.6,1.3,0.0,1.4,2021,centre18,Zone125,Neighbourhood340,Dwelling2
VR_6063,Ont.,0.0,0.0,0.0,0.0,0.0,2021,centre18,Zone125,Neighbourhood341,Dwelling1
VR_6064,Ont.,0.0,1.5,0.5,0.0,0.9,2021,centre18,Zone125,Neighbourhood341,Dwelling2
VR_6065,Ont.,0.0,0.0,0.0,0.0,0.0,2021,centre18,Zone125,Neighbourhood342,Dwelling1
VR_6066,Ont.,0.0,0.0,0.0,0.0,0.3,2021,centre18,Zone125,Neighbourhood342,Dwelling2
VR_6067,Ont.,0.0,0.0,0.3,0.3,0.3,2021,centre18,Zone126,Neighbourhood343,Dwelling1
VR_6068,Ont.,0.0,1.0,1.0,0.0,1.0,2021,centre18,Zone126,Neighbourhood343,Dwelling2
VR_6069,Ont.,0.0,0.0,0.0,0.0,1.4,2021,centre18,Zone126,Neighbourhood344,Dwelling1
VR_6070,Ont.,0.0,1.3,0.0,3.3,0.6,2021,centre18,Zone126,Neighbourhood344,Dwelling2
VR_6071,Ont.,0.0,0.0,2.2,0.2,0.6,2021,centre18,Zone126,Neighbourhood345,Dwelling1
VR_6072,Ont.,7.2,1.2,1.5,1.2,1.5,2021,centre18,Zone126,Neighbourhood345,Dwelling2
VR_6073,Ont.,0.0,0.0,0.0,0.0,0.0,2021,centre18,Zone127,Neighbourhood346,Dwelling1
VR_6074,Ont.,0.0,1.9,2.6,0.6,2.0,2021,centre18,Zone127,Neighbourhood346,Dwelling2
VR_6075,Ont.,0.0,0.0,0.0,0.0,0.0,2021,centre18,Zone19,Neighbourhood347,Dwelling1
VR_6076,Ont.,0.0,0.8,1.2,2.8,1.1,2021,centre18,Zone19,Neighbourhood347,Dwelling2
VR_6077,Ont.,0.0,0.0,0.0,0.0,0.0,2021,centre18,Zone19,Neighbourhood348,Dwelling1
VR_6078,Ont.,0.0,3.6,2.7,0.0,3.2,2021,centre18,Zone19,Neighbourhood348,Dwelling2
VR_6079,Ont.,0.0,0.0,0.0,0.0,0.0,2021,centre18,Zone19,Neighbourhood349,Dwelling1
VR_6080,Ont.,0.0,0.0,0.0,0.0,0.0,2021,centre18,Zone19,Neighbourhood349,Dwelling2
VR_6081,Ont.,0.0,0.0,0.0,0.0,0.0,2021,centre18,Zone22,Neighbourhood350,Dwelling1
VR_6082,Ont.,0.0,0.0,0.0,0.0,3.3,2021,centre18,Zone22,Neighbourhood350,Dwelling2
VR_6083,Ont.,0.0,0.0,0.0,0.0,0.0,2021,centre18,Zone22,Neighbourhood351,Dwelling1
VR_6084,Ont.,0.0,3.1,0.0,0.0,2.8,2021,centre18,Zone22,Neighbourhood351,Dwelling2
VR_6085,Ont.,0.0,0.0,0.0,0.0,0.0,2021,centre18,Zone22,Neighbourhood352,Dwelling1
VR_6086,Ont.,0.0,0.0,0.0,0.0,0.0,2021,centre18,Zone22,Neighbourhood352,Dwelling2
VR_6087,Ont.,0.0,0.0,0.0,0.0,0.0,2021,centre18,Zone128,Neighbourhood353,Dwelling1
VR_6088,Ont.,0.0,0.0,1.2,0.0,2.3,2021,centre18,Zone128,Neighbourhood353,Dwelling2
VR_6089,Ont.,0.0,0.0,0.0,0.0,0.0,2021,centre18,Zone128,Neighbourhood354,Dwelling1
VR_6090,Ont.,0.0,0.0,0.0,0.0,0.0,2021,centre18,Zone128,Neighbourhood354,Dwelling2
VR_6091,Ont.,0.0,0.0,0.0,0.0,0.0,2021,centre18,Zone128,Neighbourhood355,Dwelling1
VR_6092,Ont.,0.0,0.0,0.0,0.0,0.0,2021,centre18,Zone128,Neighbourhood355,Dwelling2
VR_6093,Ont.,0.0,0.0,0.0,0.0,0.0,2021,centre18,Zone128,Neighbourhood356,Dwelling1
VR_6094,Ont.,0.0,0.5,0.2,0.0,0.3,2021,centre18,Zone128,Neighbourhood356,Dwelling2
VR_6095,Ont.,0.0,0.0,0.0,0.0,0.0,2021,centre18,Zone129,Neighbourhood357,Dwelling1
VR_6096,Ont.,0.0,0.0,0.9,0.0,0.6,2021,centre18,Zone129,Neighbourhood357,Dwelling2
VR_6097,Ont.,0.0,0.0,0.0,0.0,0.0,2021,centre18,Zone3,Neighbourhood3,Dwelling1
VR_6098,Ont.,0.0,0.0,9.1,0.0,6.5,2021,centre18,Zone3,Neighbourhood3,Dwelling2
VR_6099,Ont.,0.0,0.0,0.0,0.0,0.0,2021,centre19,Zone130,Neighbourhood358,Dwelling1
VR_6100,Ont.,0.0,0.0,0.0,0.0,3.2,2021,centre19,Zone130,Neighbourhood358,Dwelling2
VR_6101,Ont.,0.0,0.0,0.0,0.0,0.0,2021,centre19,Zone130,Neighbourhood229,Dwelling1
VR_6102,Ont.,0.0,5.1,1.4,0.0,3.2,2021,centre19,Zone130,Neighbourhood229,Dwelling2
VR_6103,Ont.,0.0,0.0,0.0,0.0,0.0,2021,centre19,Zone130,Neighbourhood228,Dwelling1
VR_6104,Ont.,0.0,0.0,0.0,0.0,2.6,2021,centre19,Zone130,Neighbourhood228,Dwelling2
VR_6105,Ont.,0.0,0.0,0.0,0.0,0.0,2021,centre19,Zone131,Neighbourhood231,Dwelling1
VR_6106,Ont.,0.0,2.3,0.9,1.0,1.3,2021,centre19,Zone131,Neighbourhood231,Dwelling2
VR_6107,Ont.,0.0,0.0,0.0,0.0,0.0,2021,centre19,Zone132,Neighbourhood359,Dwelling1
VR_6108,Ont.,0.0,0.0,0.0,0.0,0.0,2021,centre19,Zone132,Neighbourhood359,Dwelling2
VR_6109,Ont.,0.0,0.0,0.0,0.0,0.0,2021,centre19,Zone132,Neighbourhood360,Dwelling1
VR_6110,Ont.,0.0,0.0,1.4,0.0,1.0,2021,centre19,Zone132,Neighbourhood360,Dwelling2
VR_6111,Ont.,0.0,0.0,0.0,0.0,0.0,2021,centre19,Zone132,Neighbourhood361,Dwelling1
VR_6112,Ont.,0.0,0.0,0.0,0.0,0.0,2021,centre19,Zone132,Neighbourhood361,Dwelling2
VR_6113,Ont.,0.0,0.0,0.0,0.0,0.0,2021,centre19,Zone133,Neighbourhood362,Dwelling1
VR_6114,Ont.,0.0,0.0,0.0,0.0,0.0,2021,centre19,Zone133,Neighbourhood362,Dwelling2
VR_6115,Ont.,0.0,0.0,0.0,0.0,0.0,2021,centre19,Zone133,Neighbourhood363,Dwelling1
VR_6116,Ont.,0.0,0.0,0.0,0.0,0.0,2021,centre19,Zone133,Neighbourhood363,Dwelling2
VR_6117,Ont.,0.0,0.0,0.0,0.0,0.0,2021,centre19,Zone133,Neighbourhood364,Dwelling1
VR_6118,Ont.,0.0,0.0,0.0,0.0,0.0,2021,centre19,Zone133,Neighbourhood364,Dwelling2
VR_6119,Ont.,0.0,0.0,0.0,0.0,0.0,2021,centre19,Zone133,Neighbourhood365,Dwelling1
VR_6120,Ont.,0.0,0.0,1.7,0.0,1.6,2021,centre19,Zone133,Neighbourhood365,Dwelling2
VR_6121,Ont.,0.0,0.0,0.0,0.0,0.0,2021,centre19,Zone134,Neighbourhood366,Dwelling1
VR_6122,Ont.,0.0,0.0,3.7,0.0,0.0,2021,centre19,Zone134,Neighbourhood366,Dwelling2
VR_6123,Ont.,0.0,0.0,0.0,0.0,0.0,2021,centre19,Zone134,Neighbourhood367,Dwelling1
VR_6124,Ont.,0.0,0.0,2.4,0.0,0.0,2021,centre19,Zone134,Neighbourhood367,Dwelling2
VR_6125,Ont.,0.0,0.0,0.0,0.0,0.0,2021,centre19,Zone134,Neighbourhood368,Dwelling1
VR_6126,Ont.,0.0,0.0,2.1,0.0,2.2,2021,centre19,Zone134,Neighbourhood368,Dwelling2
VR_6127,Ont.,0.0,0.0,0.0,0.0,0.0,2021,centre19,Zone134,Neighbourhood369,Dwelling1
VR_6128,Ont.,23.7,2.9,1.0,0.0,3.2,2021,centre19,Zone134,Neighbourhood369,Dwelling2
VR_6129,Ont.,0.0,0.0,0.0,0.0,0.0,2021,centre19,Zone134,Neighbourhood370,Dwelling1
VR_6130,Ont.,0.0,0.0,0.0,0.0,0.0,2021,centre19,Zone134,Neighbourhood370,Dwelling2
VR_6131,Ont.,0.0,0.0,0.0,0.0,0.0,2021,centre19,Zone135,Neighbourhood371,Dwelling1
VR_6132,Ont.,0.0,0.0,0.0,0.0,0.0,2021,centre19,Zone135,Neighbourhood371,Dwelling2
VR_6133,Ont.,0.0,0.0,0.0,0.0,0.0,2021,centre19,Zone135,Neighbourhood372,Dwelling1
VR_6134,Ont.,0.0,0.0,0.0,0.0,0.0,2021,centre19,Zone135,Neighbourhood372,Dwelling2
VR_6135,Ont.,0.0,0.0,0.0,0.0,0.0,2021,centre19,Zone135,Neighbourhood373,Dwelling1
VR_6136,Ont.,0.0,0.6,1.9,0.0,0.9,2021,centre19,Zone135,Neighbourhood373,Dwelling2
VR_6137,Ont.,0.0,0.0,0.0,0.0,0.0,2021,centre19,Zone135,Neighbourhood374,Dwelling1
VR_6138,Ont.,0.0,0.0,0.0,0.0,0.6,2021,centre19,Zone135,Neighbourhood374,Dwelling2
VR_6139,Ont.,0.0,0.0,0.0,0.0,0.0,2021,centre19,Zone135,Neighbourhood375,Dwelling1
VR_6140,Ont.,0.0,0.3,0.0,0.0,1.4,2021,centre19,Zone135,Neighbourhood375,Dwelling2
VR_6141,Ont.,0.0,0.0,0.0,0.0,0.0,2021,centre19,Zone3,Neighbourhood376,Dwelling1
VR_6142,Ont.,0.0,0.0,0.0,0.0,0.0,2021,centre19,Zone3,Neighbourhood376,Dwelling2
VR_6143,Ont.,0.0,0.0,0.0,0.0,0.0,2021,centre19,Zone3,Neighbourhood377,Dwelling1
VR_6144,Ont.,0.0,0.0,0.0,0.0,0.0,2021,centre19,Zone3,Neighbourhood377,Dwelling2
VR_6145,Ont.,0.0,0.0,0.0,0.0,0.0,2021,centre19,Zone3,Neighbourhood378,Dwelling1
VR_6146,Ont.,0.0,0.0,0.0,0.0,0.0,2021,centre19,Zone3,Neighbourhood378,Dwelling2
VR_6147,Ont.,0.0,0.0,0.0,0.0,0.0,2021,centre19,Zone3,Neighbourhood379,Dwelling1
VR_6148,Ont.,0.0,0.0,0.0,0.0,0.0,2021,centre19,Zone3,Neighbourhood379,Dwelling2
VR_6149,Ont.,0.0,0.0,0.0,0.0,0.0,2021,centre19,Zone3,Neighbourhood380,Dwelling1
VR_6150,Ont.,0.0,0.0,0.0,0.0,0.0,2021,centre19,Zone3,Neighbourhood380,Dwelling2
VR_6151,Ont.,0.0,0.0,0.0,0.0,0.0,2021,centre19,Zone3,Neighbourhood381,Dwelling1
VR_6152,Ont.,0.0,0.0,0.0,0.0,0.0,2021,centre19,Zone3,Neighbourhood381,Dwelling2
VR_6153,Ont.,0.0,0.0,0.0,0.0,0.0,2021,centre19,Zone3,Neighbourhood382,Dwelling1
VR_6154,Ont.,0.0,0.0,0.0,0.0,0.0,2021,centre19,Zone3,Neighbourhood382,Dwelling2
VR_6155,Ont.,0.0,0.0,0.0,0.0,0.0,2021,centre19,Zone136,Neighbourhood383,Dwelling1
VR_6156,Ont.,0.0,0.0,0.0,0.0,2.7,2021,centre19,Zone136,Neighbourhood383,Dwelling2
VR_6157,Ont.,0.0,0.0,0.0,0.0,0.0,2021,centre19,Zone136,Neighbourhood384,Dwelling1
VR_6158,Ont.,0.0,0.0,0.0,0.0,0.0,2021,centre19,Zone136,Neighbourhood384,Dwelling2
VR_6159,Ont.,0.0,0.0,0.0,0.0,0.0,2021,centre20,Zone137,Neighbourhood385,Dwelling1
VR_6160,Ont.,0.0,2.8,2.0,1.3,2.1,2021,centre20,Zone137,Neighbourhood385,Dwelling2
VR_6161,Ont.,0.0,0.0,0.0,0.0,0.0,2021,centre20,Zone138,Neighbourhood386,Dwelling1
VR_6162,Ont.,0.0,3.1,2.6,2.8,2.8,2021,centre20,Zone138,Neighbourhood386,Dwelling2
VR_6163,Ont.,0.0,0.0,0.0,0.0,0.0,2021,centre20,Zone139,Neighbourhood387,Dwelling1
VR_6164,Ont.,0.0,1.9,0.0,1.1,1.8,2021,centre20,Zone139,Neighbourhood387,Dwelling2
VR_6165,Ont.,0.0,0.0,0.0,0.0,0.0,2021,centre20,Zone140,Neighbourhood388,Dwelling1
VR_6166,Ont.,0.0,0.0,0.0,0.0,0.0,2021,centre20,Zone140,Neighbourhood388,Dwelling2
VR_6167,Ont.,0.0,0.0,0.0,0.0,0.0,2021,centre21,Zone93,Neighbourhood252,Dwelling1
VR_6168,Ont.,3.6,3.1,2.2,0.0,3.2,2021,centre21,Zone93,Neighbourhood252,Dwelling2
VR_6169,Ont.,0.0,0.0,0.0,0.0,0.0,2021,centre21,Zone141,Neighbourhood389,Dwelling1
VR_6170,Ont.,4.0,0.0,0.0,0.0,0.0,2021,centre21,Zone141,Neighbourhood389,Dwelling2
VR_6171,Ont.,0.0,0.0,0.0,0.0,0.0,2021,centre21,Zone141,Neighbourhood390,Dwelling1
VR_6172,Ont.,0.0,3.4,2.6,0.0,3.7,2021,centre21,Zone141,Neighbourhood390,Dwelling2
VR_6173,Ont.,0.0,0.0,0.0,0.0,0.0,2021,centre21,Zone142,Neighbourhood391,Dwelling1
VR_6174,Ont.,0.0,0.0,0.0,0.0,0.0,2021,centre21,Zone142,Neighbourhood391,Dwelling2
VR_6175,Ont.,0.0,0.0,0.0,0.0,0.0,2021,centre21,Zone142,Neighbourhood392,Dwelling1
VR_6176,Ont.,0.0,0.0,0.6,0.0,0.8,2021,centre21,Zone142,Neighbourhood392,Dwelling2
VR_6177,Ont.,0.0,0.0,0.0,0.0,16.8,2021,centre21,Zone143,Neighbourhood393,Dwelling1
VR_6178,Ont.,0.0,6.0,0.0,3.8,7.9,2021,centre21,Zone143,Neighbourhood393,Dwelling2
VR_6179,Ont.,0.0,0.0,0.0,0.0,0.0,2021,centre21,Zone144,Neighbourhood394,Dwelling1
VR_6180,Ont.,0.0,0.0,0.0,0.0,0.0,2021,centre21,Zone144,Neighbourhood394,Dwelling2
VR_6181,Ont.,0.0,0.0,0.0,0.0,0.0,2021,centre21,Zone144,Neighbourhood395,Dwelling1
VR_6182,Ont.,0.5,1.1,0.6,0.0,0.9,2021,centre21,Zone144,Neighbourhood395,Dwelling2
VR_6183,Ont.,0.0,0.0,0.0,0.0,0.0,2021,centre21,Zone144,Neighbourhood396,Dwelling1
VR_6184,Ont.,0.0,0.7,0.6,0.0,0.0,2021,centre21,Zone144,Neighbourhood396,Dwelling2
VR_6185,Ont.,0.0,0.0,0.0,0.0,0.0,2021,centre21,Zone145,Neighbourhood397,Dwelling1
VR_6186,Ont.,0.0,1.1,1.2,0.0,1.0,2021,centre21,Zone145,Neighbourhood397,Dwelling2
VR_6187,Ont.,0.0,0.0,0.0,0.0,0.0,2021,centre21,Zone145,Neighbourhood398,Dwelling1
VR_6188,Ont.,0.0,0.0,5.3,0.0,5.1,2021,centre21,Zone145,Neighbourhood398,Dwelling2
VR_6189,Ont.,0.0,0.0,0.0,0.0,0.0,2021,centre21,Zone145,Neighbourhood399,Dwelling1
VR_6190,Ont.,0.0,4.2,0.0,0.0,4.3,2021,centre21,Zone145,Neighbourhood399,Dwelling2
VR_6191,Ont.,0.0,0.0,0.2,0.0,0.2,2021,centre21,Zone146,Neighbourhood400,Dwelling1
VR_6192,Ont.,0.0,5.7,3.3,0.0,3.9,2021,centre21,Zone146,Neighbourhood400,Dwelling2
VR_6193,Ont.,0.0,0.0,0.0,0.0,0.0,2021,centre21,Zone146,Neighbourhood401,Dwelling1
VR_6194,Ont.,0.0,2.4,2.5,0.0,2.5,2021,centre21,Zone146,Neighbourhood401,Dwelling2
VR_6195,Ont.,0.0,0.0,0.0,0.0,0.0,2021,centre21,Zone147,Neighbourhood402,Dwelling1
VR_6196,Ont.,0.0,0.5,0.2,0.0,0.3,2021,centre21,Zone147,Neighbourhood402,Dwelling2
VR_6197,Ont.,0.0,0.0,0.0,0.0,0.0,2021,centre21,Zone147,Neighbourhood403,Dwelling1
VR_6198,Ont.,0.4,1.8,1.5,0.0,1.7,2021,centre21,Zone147,Neighbourhood403,Dwelling2
VR_6199,Ont.,0.0,0.0,0.0,0.0,0.0,2021,centre21,Zone148,Neighbourhood404,Dwelling1
VR_6200,Ont.,0.0,0.8,1.1,3.2,1.0,2021,centre21,Zone148,Neighbourhood404,Dwelling2
VR_6201,Ont.,0.0,0.0,0.0,0.0,0.0,2021,centre21,Zone149,Neighbourhood194,Dwelling1
VR_6202,Ont.,0.0,3.2,0.0,0.3,4.0,2021,centre21,Zone149,Neighbourhood194,Dwelling2
VR_6203,Ont.,0.0,0.0,0.0,0.0,0.0,2021,centre21,Zone150,Neighbourhood405,Dwelling1
VR_6204,Ont.,0.0,0.8,1.0,0.0,0.9,2021,centre21,Zone150,Neighbourhood405,Dwelling2
VR_6205,Ont.,0.0,0.0,5.4,0.7,1.4,2021,centre21,Zone150,Neighbourhood406,Dwelling1
VR_6206,Ont.,0.0,0.0,0.0,0.0,0.0,2021,centre21,Zone150,Neighbourhood406,Dwelling2
VR_6207,Ont.,0.0,0.0,0.0,0.0,0.0,2021,centre21,Zone151,Neighbourhood407,Dwelling1
VR_6208,Ont.,0.0,0.0,0.0,0.0,0.0,2021,centre21,Zone151,Neighbourhood407,Dwelling2
VR_6209,Ont.,0.0,0.0,0.0,0.0,0.0,2021,centre21,Zone151,Neighbourhood408,Dwelling1
VR_6210,Ont.,0.0,0.0,0.0,0.0,0.0,2021,centre21,Zone151,Neighbourhood408,Dwelling2
VR_6211,Ont.,0.0,0.0,0.0,0.0,2.7,2021,centre21,Zone152,Neighbourhood409,Dwelling1
VR_6212,Ont.,0.0,3.1,4.7,0.0,4.4,2021,centre21,Zone152,Neighbourhood409,Dwelling2
VR_6213,Ont.,0.0,0.0,0.0,0.0,0.0,2021,centre21,Zone152,Neighbourhood410,Dwelling1
VR_6214,Ont.,5.0,4.9,3.5,0.0,4.2,2021,centre21,Zone152,Neighbourhood410,Dwelling2
VR_6215,Ont.,0.0,0.0,0.0,2.1,1.1,2021,centre21,Zone152,Neighbourhood411,Dwelling1
VR_6216,Ont.,0.0,0.0,0.1,0.0,0.1,2021,centre21,Zone152,Neighbourhood411,Dwelling2
VR_6217,Ont.,0.0,0.0,0.0,0.0,0.0,2021,centre21,Zone153,Neighbourhood412,Dwelling1
VR_6218,Ont.,1.0,3.3,2.4,0.0,2.8,2021,centre21,Zone153,Neighbourhood412,Dwelling2
VR_6219,Ont.,0.0,0.0,0.0,0.0,0.0,2021,centre21,Zone153,Neighbourhood413,Dwelling1
VR_6220,Ont.,0.0,0.0,0.0,0.0,0.0,2021,centre21,Zone153,Neighbourhood413,Dwelling2
VR_6221,Ont.,0.0,0.0,0.0,0.0,0.0,2021,centre21,Zone154,Neighbourhood414,Dwelling1
VR_6222,Ont.,0.0,0.0,0.0,0.0,0.0,2021,centre21,Zone154,Neighbourhood414,Dwelling2
VR_6223,Ont.,0.0,0.0,0.0,0.0,0.0,2021,centre22,Zone93,Neighbourhood415,Dwelling1
VR_6224,Ont.,0.0,1.0,0.2,0.0,0.9,2021,centre22,Zone93,Neighbourhood415,Dwelling2
VR_6225,Ont.,0.0,0.0,0.0,0.0,0.0,2021,centre22,Zone93,Neighbourhood416,Dwelling1
VR_6226,Ont.,1.5,1.2,0.7,0.0,0.9,2021,centre22,Zone93,Neighbourhood416,Dwelling2
VR_6227,Ont.,0.0,0.0,0.0,0.0,0.0,2021,centre22,Zone3,Neighbourhood417,Dwelling1
VR_6228,Ont.,0.0,0.0,0.8,0.0,0.6,2021,centre22,Zone3,Neighbourhood417,Dwelling2
VR_6229,Ont.,0.0,0.0,0.0,0.0,0.0,2021,centre22,Zone3,Neighbourhood418,Dwelling1
VR_6230,Ont.,0.0,0.0,0.0,0.0,2.0,2021,centre22,Zone3,Neighbourhood418,Dwelling2
VR_6231,Ont.,0.0,0.0,0.0,0.0,0.0,2021,centre22,Zone3,Neighbourhood419,Dwelling1
VR_6232,Ont.,0.0,0.0,0.0,6.2,0.0,2021,centre22,Zone3,Neighbourhood419,Dwelling2
VR_6233,Ont.,0.0,0.0,0.0,0.0,0.0,2021,centre22,Zone3,Neighbourhood420,Dwelling1
VR_6234,Ont.,0.0,0.0,0.0,0.0,0.0,2021,centre22,Zone3,Neighbourhood420,Dwelling2
VR_6235,Ont.,0.0,0.0,0.0,0.0,0.0,2021,centre22,Zone3,Neighbourhood421,Dwelling1
VR_6236,Ont.,0.0,0.0,0.0,0.0,0.0,2021,centre22,Zone3,Neighbourhood421,Dwelling2
VR_6237,Ont.,0.0,0.0,0.0,0.0,0.0,2021,centre23,Zone155,Neighbourhood422,Dwelling1
VR_6238,Ont.,0.0,0.2,0.3,0.0,0.3,2021,centre23,Zone155,Neighbourhood422,Dwelling2
VR_6239,Ont.,0.0,0.0,0.0,0.0,0.0,2021,centre23,Zone156,Neighbourhood423,Dwelling1
VR_6240,Ont.,0.0,0.9,0.8,0.0,0.6,2021,centre23,Zone156,Neighbourhood423,Dwelling2
VR_6241,Ont.,0.0,0.0,0.6,0.0,0.0,2021,centre23,Zone156,Neighbourhood424,Dwelling1
VR_6242,Ont.,0.0,0.0,1.0,0.0,1.4,2021,centre23,Zone156,Neighbourhood424,Dwelling2
VR_6243,Ont.,0.0,0.0,0.0,0.0,0.0,2021,centre23,Zone157,Neighbourhood425,Dwelling1
VR_6244,Ont.,0.0,0.0,0.0,0.0,0.0,2021,centre23,Zone157,Neighbourhood425,Dwelling2
VR_6245,Ont.,0.0,0.0,0.0,0.0,0.0,2021,centre23,Zone157,Neighbourhood426,Dwelling1
VR_6246,Ont.,0.0,0.0,0.0,0.0,0.0,2021,centre23,Zone157,Neighbourhood426,Dwelling2
VR_6247,Ont.,0.0,0.0,0.0,0.0,0.0,2021,centre23,Zone157,Neighbourhood427,Dwelling1
VR_6248,Ont.,0.0,0.0,0.0,0.0,0.0,2021,centre23,Zone157,Neighbourhood427,Dwelling2
VR_6249,Ont.,0.0,0.0,0.0,0.0,0.0,2021,centre23,Zone3,Neighbourhood428,Dwelling1
VR_6250,Ont.,0.0,0.0,0.0,0.0,0.0,2021,centre23,Zone3,Neighbourhood428,Dwelling2
VR_6251,Ont.,0.0,0.0,0.0,0.0,0.0,2021,centre23,Zone3,Neighbourhood429,Dwelling1
VR_6252,Ont.,0.0,0.0,0.0,0.0,0.0,2021,centre23,Zone3,Neighbourhood429,Dwelling2
VR_6253,Ont.,0.0,0.0,0.0,0.0,0.0,2021,centre23,Zone3,Neighbourhood430,Dwelling1
VR_6254,Ont.,0.0,0.0,0.0,0.0,0.0,2021,centre23,Zone3,Neighbourhood430,Dwelling2
VR_6255,Ont.,0.0,0.0,0.0,0.0,0.0,2021,centre23,Zone3,Neighbourhood431,Dwelling1
VR_6256,Ont.,0.0,0.0,0.0,0.0,0.0,2021,centre23,Zone3,Neighbourhood431,Dwelling2
VR_6257,Ont.,0.0,0.0,0.0,0.0,0.0,2021,centre24,Zone158,Neighbourhood432,Dwelling1
VR_6258,Ont.,0.0,3.3,2.4,0.0,2.8,2021,centre24,Zone158,Neighbourhood432,Dwelling2
VR_6259,Ont.,0.0,0.0,0.0,0.0,0.0,2021,centre24,Zone158,Neighbourhood433,Dwelling1
VR_6260,Ont.,0.0,0.0,0.0,5.1,0.0,2021,centre24,Zone158,Neighbourhood433,Dwelling2
VR_6261,Ont.,0.0,0.0,0.0,0.0,0.0,2021,centre24,Zone158,Neighbourhood434,Dwelling1
VR_6262,Ont.,0.0,0.0,0.0,0.0,0.7,2021,centre24,Zone158,Neighbourhood434,Dwelling2
VR_6263,Ont.,0.0,0.0,0.0,0.0,0.0,2021,centre24,Zone158,Neighbourhood435,Dwelling1
VR_6264,Ont.,0.0,0.0,4.4,0.0,5.4,2021,centre24,Zone158,Neighbourhood435,Dwelling2
VR_6265,Ont.,0.0,0.0,0.0,0.0,0.0,2021,centre24,Zone158,Neighbourhood436,Dwelling1
VR_6266,Ont.,0.0,0.0,0.0,0.0,0.0,2021,centre24,Zone158,Neighbourhood436,Dwelling2
VR_6267,Ont.,0.0,0.0,0.0,0.0,0.0,2021,centre24,Zone159,Neighbourhood255,Dwelling1
VR_6268,Ont.,0.0,0.0,0.0,0.0,3.8,2021,centre24,Zone159,Neighbourhood255,Dwelling2
VR_6269,Ont.,0.0,0.0,0.0,0.0,0.0,2021,centre24,Zone159,Neighbourhood437,Dwelling1
VR_6270,Ont.,0.0,0.0,0.0,0.0,0.0,2021,centre24,Zone159,Neighbourhood437,Dwelling2
VR_6271,Ont.,0.0,0.0,0.0,16.3,15.2,2021,centre24,Zone159,Neighbourhood438,Dwelling1
VR_6272,Ont.,0.0,0.0,3.4,0.0,3.4,2021,centre24,Zone159,Neighbourhood438,Dwelling2
VR_6273,Ont.,0.0,0.0,0.0,0.0,0.0,2021,centre24,Zone159,Neighbourhood439,Dwelling1
VR_6274,Ont.,0.0,0.0,0.0,0.0,0.0,2021,centre24,Zone159,Neighbourhood439,Dwelling2
VR_6275,Ont.,0.0,0.0,0.0,0.0,0.0,2021,centre25,Zone160,Neighbourhood440,Dwelling1
VR_6276,Ont.,0.0,5.3,0.5,0.0,3.9,2021,centre25,Zone160,Neighbourhood440,Dwelling2
VR_6277,Ont.,0.0,0.0,0.0,0.0,0.0,2021,centre25,Zone160,Neighbourhood441,Dwelling1
VR_6278,Ont.,0.0,0.0,0.0,0.0,0.0,2021,centre25,Zone160,Neighbourhood441,Dwelling2
VR_6279,Ont.,0.0,0.0,0.0,0.0,0.0,2021,centre25,Zone160,Neighbourhood442,Dwelling1
VR_6280,Ont.,13.7,0.0,0.0,0.0,0.0,2021,centre25,Zone160,Neighbourhood442,Dwelling2
VR_6281,Ont.,0.0,0.0,0.0,0.0,0.0,2021,centre25,Zone160,Neighbourhood443,Dwelling1
VR_6282,Ont.,6.7,0.0,0.0,0.0,5.4,2021,centre25,Zone160,Neighbourhood443,Dwelling2
VR_6283,Ont.,0.0,0.0,0.0,0.0,0.0,2021,centre25,Zone160,Neighbourhood444,Dwelling1
VR_6284,Ont.,4.7,5.2,5.3,0.0,5.1,2021,centre25,Zone160,Neighbourhood444,Dwelling2
VR_6285,Ont.,0.0,0.0,0.0,0.0,0.0,2021,centre25,Zone160,Neighbourhood445,Dwelling1
VR_6286,Ont.,3.8,4.7,3.2,5.2,4.0,2021,centre25,Zone160,Neighbourhood445,Dwelling2
VR_6287,Ont.,0.0,0.0,0.0,0.0,0.0,2021,centre25,Zone160,Neighbourhood446,Dwelling1
VR_6288,Ont.,0.0,0.0,0.0,0.0,0.0,2021,centre25,Zone160,Neighbourhood446,Dwelling2
VR_6289,Ont.,0.0,0.0,0.0,0.0,0.0,2021,centre25,Zone160,Neighbourhood447,Dwelling1
VR_6290,Ont.,0.0,0.0,0.0,0.0,7.4,2021,centre25,Zone160,Neighbourhood447,Dwelling2
VR_6291,Ont.,0.0,0.0,0.0,0.0,0.0,2021,centre25,Zone160,Neighbourhood448,Dwelling1
VR_6292,Ont.,0.0,2.1,0.0,0.0,0.0,2021,centre25,Zone160,Neighbourhood448,Dwelling2
VR_6293,Ont.,0.0,0.0,0.0,0.0,0.0,2021,centre25,Zone161,Neighbourhood449,Dwelling1
VR_6294,Ont.,0.0,0.0,0.0,0.0,0.0,2021,centre25,Zone161,Neighbourhood449,Dwelling2
VR_6295,Ont.,0.0,0.0,0.0,0.0,0.0,2021,centre25,Zone161,Neighbourhood450,Dwelling1
VR_6296,Ont.,0.0,0.0,0.0,0.0,0.0,2021,centre25,Zone161,Neighbourhood450,Dwelling2
VR_6297,Ont.,0.0,0.0,0.0,0.0,0.0,2021,centre25,Zone161,Neighbourhood451,Dwelling1
VR_6298,Ont.,0.0,0.0,0.0,0.0,0.0,2021,centre25,Zone161,Neighbourhood451,Dwelling2
VR_6299,Ont.,0.0,0.0,0.0,0.0,0.0,2021,centre25,Zone161,Neighbourhood452,Dwelling1
VR_6300,Ont.,0.0,2.7,0.0,0.0,0.0,2021,centre25,Zone161,Neighbourhood452,Dwelling2
VR_6301,Ont.,0.0,0.0,0.0,0.0,0.0,2021,centre25,Zone161,Neighbourhood453,Dwelling1
VR_6302,Ont.,0.0,0.0,0.0,0.0,0.0,2021,centre25,Zone161,Neighbourhood453,Dwelling2
VR_6303,Ont.,0.0,0.0,0.0,0.0,0.0,2021,centre25,Zone162,Neighbourhood454,Dwelling1
VR_6304,Ont.,0.0,0.0,0.0,0.0,0.0,2021,centre25,Zone162,Neighbourhood454,Dwelling2
VR_6305,Ont.,0.0,0.0,0.0,0.0,0.0,2021,centre25,Zone162,Neighbourhood455,Dwelling1
VR_6306,Ont.,3.2,3.6,2.6,0.0,3.6,2021,centre25,Zone162,Neighbourhood455,Dwelling2
VR_6307,Ont.,0.0,0.0,0.0,0.0,0.0,2021,centre25,Zone162,Neighbourhood456,Dwelling1
VR_6308,Ont.,0.0,0.0,0.0,0.0,0.0,2021,centre25,Zone162,Neighbourhood456,Dwelling2
VR_6309,Ont.,0.0,0.0,0.0,0.0,0.0,2021,centre25,Zone162,Neighbourhood457,Dwelling1
VR_6310,Ont.,0.0,0.0,0.0,0.0,0.0,2021,centre25,Zone162,Neighbourhood457,Dwelling2
VR_6311,Ont.,0.0,0.0,0.0,0.0,0.0,2021,centre25,Zone162,Neighbourhood458,Dwelling1
VR_6312,Ont.,3.1,5.3,0.0,0.0,4.3,2021,centre25,Zone162,Neighbourhood458,Dwelling2
VR_6313,Ont.,0.0,0.0,0.0,0.0,0.0,2021,centre25,Zone162,Neighbourhood459,Dwelling1
VR_6314,Ont.,5.0,4.5,4.1,0.0,4.5,2021,centre25,Zone162,Neighbourhood459,Dwelling2
VR_6315,Ont.,0.0,0.0,0.0,0.0,0.0,2021,centre25,Zone162,Neighbourhood460,Dwelling1
VR_6316,Ont.,0.0,2.4,0.0,0.0,3.2,2021,centre25,Zone162,Neighbourhood460,Dwelling2
VR_6317,Ont.,0.0,0.0,0.0,0.0,0.0,2021,centre25,Zone162,Neighbourhood461,Dwelling1
VR_6318,Ont.,5.6,2.4,0.0,0.0,2.6,2021,centre25,Zone162,Neighbourhood461,Dwelling2
VR_6319,Ont.,0.0,0.0,0.0,0.0,0.0,2021,centre25,Zone162,Neighbourhood462,Dwelling1
VR_6320,Ont.,0.0,4.5,0.0,0.0,0.0,2021,centre25,Zone162,Neighbourhood462,Dwelling2
VR_6321,Ont.,0.0,0.0,0.0,0.0,0.0,2021,centre25,Zone162,Neighbourhood463,Dwelling1
VR_6322,Ont.,0.0,5.8,5.0,2.9,5.9,2021,centre25,Zone162,Neighbourhood463,Dwelling2
VR_6323,Ont.,0.0,0.0,0.0,0.0,0.0,2021,centre25,Zone163,Neighbourhood464,Dwelling1
VR_6324,Ont.,0.0,6.8,0.0,0.0,9.1,2021,centre25,Zone163,Neighbourhood464,Dwelling2
VR_6325,Ont.,0.0,0.0,0.0,0.0,0.0,2021,centre25,Zone163,Neighbourhood465,Dwelling1
VR_6326,Ont.,0.0,0.0,0.0,0.0,0.0,2021,centre25,Zone163,Neighbourhood465,Dwelling2
VR_6327,Ont.,0.0,0.0,0.0,0.0,0.0,2021,centre25,Zone163,Neighbourhood466,Dwelling1
VR_6328,Ont.,5.3,0.0,4.3,0.0,0.0,2021,centre25,Zone163,Neighbourhood466,Dwelling2
VR_6329,Ont.,0.0,0.0,0.0,0.0,0.0,2021,centre25,Zone163,Neighbourhood467,Dwelling1
VR_6330,Ont.,0.0,0.0,0.0,0.0,0.0,2021,centre25,Zone163,Neighbourhood467,Dwelling2
VR_6331,Ont.,0.0,0.0,0.0,0.0,0.0,2021,centre25,Zone163,Neighbourhood468,Dwelling1
VR_6332,Ont.,0.0,0.0,0.0,0.0,0.0,2021,centre25,Zone163,Neighbourhood468,Dwelling2
VR_6333,Ont.,0.0,0.0,0.0,0.0,0.0,2021,centre25,Zone163,Neighbourhood469,Dwelling1
VR_6334,Ont.,0.0,9.3,10.4,0.0,9.8,2021,centre25,Zone163,Neighbourhood469,Dwelling2
VR_6335,Ont.,0.0,0.0,0.0,0.0,0.0,2021,centre25,Zone163,Neighbourhood470,Dwelling1
VR_6336,Ont.,0.0,0.0,0.4,0.0,0.0,2021,centre25,Zone163,Neighbourhood470,Dwelling2
VR_6337,Ont.,0.0,0.0,0.0,0.0,0.0,2021,centre25,Zone163,Neighbourhood471,Dwelling1
VR_6338,Ont.,0.0,0.0,0.0,0.0,0.0,2021,centre25,Zone163,Neighbourhood471,Dwelling2
VR_6339,Ont.,0.0,0.0,0.0,0.0,0.0,2021,centre25,Zone164,Neighbourhood472,Dwelling1
VR_6340,Ont.,3.1,5.6,3.8,0.0,4.2,2021,centre25,Zone164,Neighbourhood472,Dwelling2
VR_6341,Ont.,0.0,0.0,0.0,0.0,0.0,2021,centre25,Zone164,Neighbourhood473,Dwelling1
VR_6342,Ont.,0.0,0.0,0.0,0.0,0.0,2021,centre25,Zone164,Neighbourhood473,Dwelling2
VR_6343,Ont.,0.0,0.0,0.0,0.0,0.0,2021,centre25,Zone164,Neighbourhood474,Dwelling1
VR_6344,Ont.,0.0,0.0,0.3,0.0,0.0,2021,centre25,Zone164,Neighbourhood474,Dwelling2
VR_6345,Ont.,0.0,0.0,0.0,0.0,0.0,2021,centre25,Zone164,Neighbourhood475,Dwelling1
VR_6346,Ont.,0.0,0.0,0.0,0.0,0.0,2021,centre25,Zone164,Neighbourhood475,Dwelling2
VR_6347,Ont.,0.0,0.0,0.0,0.0,0.0,2021,centre25,Zone164,Neighbourhood476,Dwelling1
VR_6348,Ont.,0.0,0.0,0.5,0.0,0.0,2021,centre25,Zone164,Neighbourhood476,Dwelling2
VR_6349,Ont.,0.0,0.0,0.0,0.0,0.0,2021,centre25,Zone164,Neighbourhood477,Dwelling1
VR_6350,Ont.,0.0,3.3,1.5,0.0,2.3,2021,centre25,Zone164,Neighbourhood477,Dwelling2
VR_6351,Ont.,0.0,0.0,0.0,0.0,0.0,2021,centre25,Zone165,Neighbourhood478,Dwelling1
VR_6352,Ont.,0.0,0.0,0.0,0.0,0.0,2021,centre25,Zone165,Neighbourhood478,Dwelling2
VR_6353,Ont.,0.0,0.0,0.0,0.0,0.0,2021,centre25,Zone165,Neighbourhood479,Dwelling1
VR_6354,Ont.,0.0,14.7,3.5,1.1,7.7,2021,centre25,Zone165,Neighbourhood479,Dwelling2
VR_6355,Ont.,0.0,0.0,0.0,0.0,0.0,2021,centre25,Zone165,Neighbourhood480,Dwelling1
VR_6356,Ont.,0.0,4.8,3.7,2.0,3.6,2021,centre25,Zone165,Neighbourhood480,Dwelling2
VR_6357,Ont.,0.0,0.0,0.0,0.0,0.0,2021,centre25,Zone165,Neighbourhood481,Dwelling1
VR_6358,Ont.,0.0,1.5,0.0,0.0,0.0,2021,centre25,Zone165,Neighbourhood481,Dwelling2
VR_6359,Ont.,0.0,0.0,0.0,0.0,0.0,2021,centre25,Zone165,Neighbourhood482,Dwelling1
VR_6360,Ont.,0.0,0.0,0.0,0.0,0.0,2021,centre25,Zone165,Neighbourhood482,Dwelling2
VR_6361,Ont.,0.0,0.0,0.0,0.0,0.0,2021,centre25,Zone165,Neighbourhood483,Dwelling1
VR_6362,Ont.,0.0,3.1,3.0,0.7,2.8,2021,centre25,Zone165,Neighbourhood483,Dwelling2
VR_6363,Ont.,0.0,0.0,0.0,0.0,0.0,2021,centre25,Zone165,Neighbourhood484,Dwelling1
VR_6364,Ont.,0.0,0.0,0.4,0.0,0.7,2021,centre25,Zone165,Neighbourhood484,Dwelling2
VR_6365,Ont.,0.0,0.0,0.0,0.0,0.0,2021,centre25,Zone165,Neighbourhood485,Dwelling1
VR_6366,Ont.,0.0,0.0,2.3,1.2,1.8,2021,centre25,Zone165,Neighbourhood485,Dwelling2
VR_6367,Ont.,0.0,0.0,0.0,2.5,1.5,2021,centre25,Zone165,Neighbourhood486,Dwelling1
VR_6368,Ont.,0.0,4.7,0.0,0.5,2.6,2021,centre25,Zone165,Neighbourhood486,Dwelling2
VR_6369,Ont.,0.0,0.0,0.0,0.0,0.0,2021,centre25,Zone166,Neighbourhood487,Dwelling1
VR_6370,Ont.,0.0,0.0,0.0,0.0,0.0,2021,centre25,Zone166,Neighbourhood487,Dwelling2
VR_6371,Ont.,0.0,0.0,0.0,0.0,0.0,2021,centre25,Zone166,Neighbourhood488,Dwelling1
VR_6372,Ont.,0.0,4.1,2.4,0.4,2.6,2021,centre25,Zone166,Neighbourhood488,Dwelling2
VR_6373,Ont.,0.0,0.0,0.0,0.0,0.0,2021,centre25,Zone166,Neighbourhood489,Dwelling1
VR_6374,Ont.,22.0,2.5,2.2,0.0,2.6,2021,centre25,Zone166,Neighbourhood489,Dwelling2
VR_6375,Ont.,0.0,0.0,0.0,0.0,0.0,2021,centre25,Zone166,Neighbourhood490,Dwelling1
VR_6376,Ont.,0.0,0.0,3.3,1.3,3.1,2021,centre25,Zone166,Neighbourhood490,Dwelling2
VR_6377,Ont.,0.0,0.0,0.0,0.0,0.0,2021,centre25,Zone167,Neighbourhood491,Dwelling1
VR_6378,Ont.,0.0,8.4,11.2,0.0,9.8,2021,centre25,Zone167,Neighbourhood491,Dwelling2
VR_6379,Ont.,0.0,0.0,0.0,0.0,0.0,2021,centre25,Zone167,Neighbourhood492,Dwelling1
VR_6380,Ont.,0.0,0.0,0.0,0.0,0.0,2021,centre25,Zone167,Neighbourhood492,Dwelling2
VR_6381,Ont.,0.0,0.0,0.0,0.0,0.0,2021,centre25,Zone167,Neighbourhood493,Dwelling1
VR_6382,Ont.,0.0,0.0,0.0,0.0,0.0,2021,centre25,Zone167,Neighbourhood493,Dwelling2
VR_6383,Ont.,0.0,0.0,0.0,0.0,0.0,2021,centre25,Zone167,Neighbourhood494,Dwelling1
VR_6384,Ont.,0.0,0.0,0.0,0.0,0.0,2021,centre25,Zone167,Neighbourhood494,Dwelling2
VR_6385,Ont.,0.0,0.0,0.0,0.0,0.0,2021,centre25,Zone167,Neighbourhood495,Dwelling1
VR_6386,Ont.,0.0,0.0,0.0,0.0,0.0,2021,centre25,Zone167,Neighbourhood495,Dwelling2
VR_6387,Ont.,0.0,0.0,0.0,0.0,0.0,2021,centre25,Zone167,Neighbourhood496,Dwelling1
VR_6388,Ont.,0.0,0.0,0.4,0.0,0.7,2021,centre25,Zone167,Neighbourhood496,Dwelling2
VR_6389,Ont.,0.0,0.0,0.0,0.0,0.0,2021,centre25,Zone167,Neighbourhood497,Dwelling1
VR_6390,Ont.,0.0,2.1,1.3,0.0,1.7,2021,centre25,Zone167,Neighbourhood497,Dwelling2
VR_6391,Ont.,0.0,0.0,0.0,0.0,0.0,2021,centre25,Zone167,Neighbourhood498,Dwelling1
VR_6392,Ont.,0.0,4.4,3.7,1.7,4.2,2021,centre25,Zone167,Neighbourhood498,Dwelling2
VR_6393,Ont.,0.0,0.0,0.0,0.0,0.0,2021,centre25,Zone167,Neighbourhood499,Dwelling1
VR_6394,Ont.,0.0,0.0,0.0,0.0,0.0,2021,centre25,Zone167,Neighbourhood499,Dwelling2
VR_6395,Ont.,0.0,0.0,0.0,0.0,0.0,2021,centre25,Zone167,Neighbourhood500,Dwelling1
VR_6396,Ont.,0.0,7.8,4.0,0.0,5.6,2021,centre25,Zone167,Neighbourhood500,Dwelling2
VR_6397,Ont.,0.0,0.0,0.0,0.0,0.0,2021,centre25,Zone168,Neighbourhood501,Dwelling1
VR_6398,Ont.,0.0,7.2,2.6,0.0,6.0,2021,centre25,Zone168,Neighbourhood501,Dwelling2
VR_6399,Ont.,0.0,0.0,0.0,0.0,0.0,2021,centre25,Zone168,Neighbourhood502,Dwelling1
VR_6400,Ont.,0.0,5.7,2.0,0.0,4.5,2021,centre25,Zone168,Neighbourhood502,Dwelling2
VR_6401,Ont.,0.0,0.0,0.0,0.0,0.0,2021,centre25,Zone168,Neighbourhood503,Dwelling1
VR_6402,Ont.,0.0,0.0,0.0,0.0,0.0,2021,centre25,Zone168,Neighbourhood503,Dwelling2
VR_6403,Ont.,0.0,0.0,0.0,0.0,0.0,2021,centre25,Zone168,Neighbourhood504,Dwelling1
VR_6404,Ont.,7.2,6.5,3.3,5.0,5.7,2021,centre25,Zone168,Neighbourhood504,Dwelling2
VR_6405,Ont.,0.0,0.0,0.0,0.0,0.0,2021,centre25,Zone168,Neighbourhood505,Dwelling1
VR_6406,Ont.,0.0,5.4,2.9,0.0,4.3,2021,centre25,Zone168,Neighbourhood505,Dwelling2
VR_6407,Ont.,0.0,0.0,0.0,0.0,0.0,2021,centre25,Zone168,Neighbourhood506,Dwelling1
VR_6408,Ont.,0.0,0.0,0.0,0.0,0.0,2021,centre25,Zone168,Neighbourhood506,Dwelling2
VR_6409,Ont.,0.0,0.0,0.0,0.0,0.0,2021,centre25,Zone168,Neighbourhood507,Dwelling1
VR_6410,Ont.,3.4,8.1,4.5,3.1,5.9,2021,centre25,Zone168,Neighbourhood507,Dwelling2
VR_6411,Ont.,0.0,0.0,0.0,0.0,0.0,2021,centre25,Zone168,Neighbourhood508,Dwelling1
VR_6412,Ont.,0.0,6.5,0.0,0.0,5.5,2021,centre25,Zone168,Neighbourhood508,Dwelling2
VR_6413,Ont.,0.0,0.0,0.0,0.0,0.0,2021,centre25,Zone169,Neighbourhood509,Dwelling1
VR_6414,Ont.,0.0,0.0,4.5,0.0,0.0,2021,centre25,Zone169,Neighbourhood509,Dwelling2
VR_6415,Ont.,0.0,0.0,0.0,0.0,0.0,2021,centre25,Zone169,Neighbourhood510,Dwelling1
VR_6416,Ont.,0.0,4.1,3.3,0.0,3.5,2021,centre25,Zone169,Neighbourhood510,Dwelling2
VR_6417,Ont.,0.0,0.0,0.0,0.0,0.0,2021,centre25,Zone169,Neighbourhood511,Dwelling1
VR_6418,Ont.,0.0,5.1,1.9,1.3,2.6,2021,centre25,Zone169,Neighbourhood511,Dwelling2
VR_6419,Ont.,0.0,0.0,0.0,0.0,0.0,2021,centre25,Zone169,Neighbourhood512,Dwelling1
VR_6420,Ont.,0.0,12.3,2.6,0.0,8.8,2021,centre25,Zone169,Neighbourhood512,Dwelling2
VR_6421,Ont.,0.0,0.0,0.0,0.0,0.0,2021,centre25,Zone169,Neighbourhood340,Dwelling1
VR_6422,Ont.,2.6,5.0,2.2,0.0,3.7,2021,centre25,Zone169,Neighbourhood340,Dwelling2
VR_6423,Ont.,0.0,0.0,0.0,0.0,0.0,2021,centre25,Zone169,Neighbourhood513,Dwelling1
VR_6424,Ont.,0.0,0.0,0.0,0.0,0.0,2021,centre25,Zone169,Neighbourhood513,Dwelling2
VR_6425,Ont.,0.0,0.0,0.0,0.0,0.0,2021,centre25,Zone169,Neighbourhood514,Dwelling1
VR_6426,Ont.,5.5,3.3,4.0,0.0,3.4,2021,centre25,Zone169,Neighbourhood514,Dwelling2
VR_6427,Ont.,0.0,0.0,0.0,0.0,0.0,2021,centre25,Zone169,Neighbourhood515,Dwelling1
VR_6428,Ont.,4.3,3.5,1.6,0.0,2.6,2021,centre25,Zone169,Neighbourhood515,Dwelling2
VR_6429,Ont.,0.0,0.0,0.0,0.0,0.0,2021,centre25,Zone169,Neighbourhood516,Dwelling1
VR_6430,Ont.,0.0,6.1,5.5,2.3,5.4,2021,centre25,Zone169,Neighbourhood516,Dwelling2
VR_6431,Ont.,0.0,0.0,0.0,0.0,0.0,2021,centre25,Zone169,Neighbourhood517,Dwelling1
VR_6432,Ont.,0.0,0.0,0.0,0.0,0.0,2021,centre25,Zone169,Neighbourhood517,Dwelling2
VR_6433,Ont.,0.0,0.0,0.0,0.0,0.0,2021,centre25,Zone170,Neighbourhood518,Dwelling1
VR_6434,Ont.,0.0,0.0,2.6,1.7,3.6,2021,centre25,Zone170,Neighbourhood518,Dwelling2
VR_6435,Ont.,0.0,0.0,0.0,0.0,0.0,2021,centre25,Zone170,Neighbourhood519,Dwelling1
VR_6436,Ont.,0.0,2.0,1.4,5.6,2.0,2021,centre25,Zone170,Neighbourhood519,Dwelling2
VR_6437,Ont.,0.0,0.0,0.0,0.0,0.0,2021,centre25,Zone170,Neighbourhood520,Dwelling1
VR_6438,Ont.,0.0,6.4,1.3,0.0,3.0,2021,centre25,Zone170,Neighbourhood520,Dwelling2
VR_6439,Ont.,0.0,0.0,0.0,0.0,0.0,2021,centre25,Zone171,Neighbourhood521,Dwelling1
VR_6440,Ont.,0.0,5.2,3.2,2.5,3.6,2021,centre25,Zone171,Neighbourhood521,Dwelling2
VR_6441,Ont.,0.0,0.0,0.0,0.0,0.0,2021,centre25,Zone171,Neighbourhood522,Dwelling1
VR_6442,Ont.,0.0,0.0,0.0,0.0,0.0,2021,centre25,Zone171,Neighbourhood522,Dwelling2
VR_6443,Ont.,0.0,0.0,0.0,0.0,0.0,2021,centre25,Zone171,Neighbourhood523,Dwelling1
VR_6444,Ont.,0.0,1.8,1.5,0.0,1.5,2021,centre25,Zone171,Neighbourhood523,Dwelling2
VR_6445,Ont.,0.0,0.0,0.0,0.0,0.0,2021,centre25,Zone171,Neighbourhood524,Dwelling1
VR_6446,Ont.,0.0,3.0,1.8,1.6,2.1,2021,centre25,Zone171,Neighbourhood524,Dwelling2
VR_6447,Ont.,0.0,0.0,0.0,0.0,0.0,2021,centre25,Zone171,Neighbourhood525,Dwelling1
VR_6448,Ont.,0.0,5.4,1.7,0.5,3.0,2021,centre25,Zone171,Neighbourhood525,Dwelling2
VR_6449,Ont.,0.0,0.0,0.0,0.0,0.0,2021,centre25,Zone171,Neighbourhood526,Dwelling1
VR_6450,Ont.,0.0,0.0,3.0,2.7,3.0,2021,centre25,Zone171,Neighbourhood526,Dwelling2
VR_6451,Ont.,0.0,0.0,0.0,0.0,0.0,2021,centre25,Zone172,Neighbourhood527,Dwelling1
VR_6452,Ont.,0.0,0.0,3.3,1.4,4.0,2021,centre25,Zone172,Neighbourhood527,Dwelling2
VR_6453,Ont.,0.0,0.0,0.0,0.0,0.0,2021,centre25,Zone172,Neighbourhood528,Dwelling1
VR_6454,Ont.,0.0,2.6,1.9,0.0,2.2,2021,centre25,Zone172,Neighbourhood528,Dwelling2
VR_6455,Ont.,0.0,0.0,0.0,0.0,0.0,2021,centre25,Zone172,Neighbourhood529,Dwelling1
VR_6456,Ont.,1.2,2.8,1.4,0.0,1.7,2021,centre25,Zone172,Neighbourhood529,Dwelling2
VR_6457,Ont.,0.0,0.0,2.2,1.2,1.5,2021,centre25,Zone172,Neighbourhood530,Dwelling1
VR_6458,Ont.,0.0,4.6,2.8,2.1,3.3,2021,centre25,Zone172,Neighbourhood530,Dwelling2
VR_6459,Ont.,0.0,0.0,0.0,0.0,0.0,2021,centre25,Zone172,Neighbourhood531,Dwelling1
VR_6460,Ont.,0.0,10.3,3.4,6.3,5.9,2021,centre25,Zone172,Neighbourhood531,Dwelling2
VR_6461,Ont.,0.0,0.0,0.0,0.0,0.0,2021,centre25,Zone173,Neighbourhood532,Dwelling1
VR_6462,Ont.,0.0,0.0,0.0,0.0,0.0,2021,centre25,Zone173,Neighbourhood532,Dwelling2
VR_6463,Ont.,0.0,0.0,0.0,0.0,0.0,2021,centre25,Zone173,Neighbourhood533,Dwelling1
VR_6464,Ont.,0.0,0.0,0.0,0.0,0.0,2021,centre25,Zone173,Neighbourhood533,Dwelling2
VR_6465,Ont.,0.0,0.0,0.0,0.0,0.0,2021,centre25,Zone173,Neighbourhood534,Dwelling1
VR_6466,Ont.,0.0,4.7,4.0,0.0,4.6,2021,centre25,Zone173,Neighbourhood534,Dwelling2
VR_6467,Ont.,0.0,0.0,0.0,0.0,0.0,2021,centre25,Zone173,Neighbourhood535,Dwelling1
VR_6468,Ont.,0.0,2.1,3.7,2.2,2.8,2021,centre25,Zone173,Neighbourhood535,Dwelling2
VR_6469,Ont.,0.0,0.0,0.0,0.0,0.0,2021,centre25,Zone173,Neighbourhood536,Dwelling1
VR_6470,Ont.,0.0,1.0,0.0,0.0,3.6,2021,centre25,Zone173,Neighbourhood536,Dwelling2
VR_6471,Ont.,0.0,0.0,0.0,0.0,0.0,2021,centre25,Zone174,Neighbourhood537,Dwelling1
VR_6472,Ont.,4.3,7.1,0.0,0.7,5.3,2021,centre25,Zone174,Neighbourhood537,Dwelling2
VR_6473,Ont.,0.0,0.0,0.0,0.0,0.0,2021,centre25,Zone174,Neighbourhood538,Dwelling1
VR_6474,Ont.,0.0,5.8,0.0,0.0,3.5,2021,centre25,Zone174,Neighbourhood538,Dwelling2
VR_6475,Ont.,0.0,0.0,0.0,0.0,0.0,2021,centre25,Zone174,Neighbourhood539,Dwelling1
VR_6476,Ont.,0.0,2.5,0.0,0.0,3.1,2021,centre25,Zone174,Neighbourhood539,Dwelling2
VR_6477,Ont.,0.0,0.0,0.0,0.0,0.0,2021,centre25,Zone174,Neighbourhood540,Dwelling1
VR_6478,Ont.,0.0,6.0,3.2,0.4,4.1,2021,centre25,Zone174,Neighbourhood540,Dwelling2
VR_6479,Ont.,0.0,0.0,0.0,0.0,0.0,2021,centre25,Zone174,Neighbourhood541,Dwelling1
VR_6480,Ont.,0.0,3.8,2.8,0.0,3.4,2021,centre25,Zone174,Neighbourhood541,Dwelling2
VR_6481,Ont.,0.0,0.0,0.0,0.0,0.0,2021,centre25,Zone174,Neighbourhood542,Dwelling1
VR_6482,Ont.,0.0,0.0,0.3,0.0,1.2,2021,centre25,Zone174,Neighbourhood542,Dwelling2
VR_6483,Ont.,0.0,0.0,0.0,0.0,0.0,2021,centre25,Zone175,Neighbourhood543,Dwelling1
VR_6484,Ont.,0.0,4.1,2.0,0.9,2.7,2021,centre25,Zone175,Neighbourhood543,Dwelling2
VR_6485,Ont.,0.0,0.0,0.0,0.0,0.0,2021,centre25,Zone175,Neighbourhood544,Dwelling1
VR_6486,Ont.,0.0,0.0,0.0,0.0,0.0,2021,centre25,Zone175,Neighbourhood544,Dwelling2
VR_6487,Ont.,0.0,0.0,0.0,0.0,0.0,2021,centre25,Zone175,Neighbourhood545,Dwelling1
VR_6488,Ont.,0.0,7.3,2.2,0.3,3.4,2021,centre25,Zone175,Neighbourhood545,Dwelling2
VR_6489,Ont.,0.0,0.0,0.0,0.0,0.0,2021,centre25,Zone175,Neighbourhood546,Dwelling1
VR_6490,Ont.,0.0,6.4,2.8,1.5,3.5,2021,centre25,Zone175,Neighbourhood546,Dwelling2
VR_6491,Ont.,0.0,0.0,0.0,0.0,0.0,2021,centre25,Zone175,Neighbourhood547,Dwelling1
VR_6492,Ont.,0.0,0.9,1.8,0.0,1.2,2021,centre25,Zone175,Neighbourhood547,Dwelling2
VR_6493,Ont.,0.0,0.0,0.0,0.0,0.0,2021,centre25,Zone176,Neighbourhood548,Dwelling1
VR_6494,Ont.,8.8,6.0,3.0,1.1,4.0,2021,centre25,Zone176,Neighbourhood548,Dwelling2
VR_6495,Ont.,0.0,0.0,0.0,0.3,0.6,2021,centre25,Zone176,Neighbourhood549,Dwelling1
VR_6496,Ont.,0.0,3.6,2.3,2.1,2.7,2021,centre25,Zone176,Neighbourhood549,Dwelling2
VR_6497,Ont.,0.0,0.0,0.0,0.0,0.0,2021,centre25,Zone177,Neighbourhood550,Dwelling1
VR_6498,Ont.,0.0,4.4,5.2,0.0,5.3,2021,centre25,Zone177,Neighbourhood550,Dwelling2
VR_6499,Ont.,0.0,0.0,0.0,0.0,0.0,2021,centre25,Zone177,Neighbourhood551,Dwelling1
VR_6500,Ont.,1.6,2.1,1.7,0.3,1.7,2021,centre25,Zone177,Neighbourhood551,Dwelling2
VR_6501,Ont.,0.0,0.0,0.0,0.0,0.0,2021,centre25,Zone177,Neighbourhood552,Dwelling1
VR_6502,Ont.,0.0,3.9,2.8,3.3,3.3,2021,centre25,Zone177,Neighbourhood552,Dwelling2
VR_6503,Ont.,0.0,0.0,0.0,0.0,0.0,2021,centre25,Zone178,Neighbourhood553,Dwelling1
VR_6504,Ont.,2.5,3.8,3.3,2.1,3.3,2021,centre25,Zone178,Neighbourhood553,Dwelling2
VR_6505,Ont.,0.0,0.0,0.0,0.0,0.0,2021,centre25,Zone178,Neighbourhood554,Dwelling1
VR_6506,Ont.,0.0,6.3,3.6,1.7,4.4,2021,centre25,Zone178,Neighbourhood554,Dwelling2
VR_6507,Ont.,0.0,0.0,0.0,1.7,1.7,2021,centre25,Zone179,Neighbourhood555,Dwelling1
VR_6508,Ont.,0.0,6.4,3.3,2.1,4.3,2021,centre25,Zone179,Neighbourhood555,Dwelling2
VR_6509,Ont.,0.0,0.0,0.0,0.0,0.0,2021,centre25,Zone179,Neighbourhood556,Dwelling1
VR_6510,Ont.,0.0,6.3,5.2,2.9,4.6,2021,centre25,Zone179,Neighbourhood556,Dwelling2
VR_6511,Ont.,0.0,0.0,0.0,0.0,0.0,2021,centre25,Zone180,Neighbourhood557,Dwelling1
VR_6512,Ont.,0.6,2.1,2.1,0.0,2.0,2021,centre25,Zone180,Neighbourhood557,Dwelling2
VR_6513,Ont.,0.0,0.0,0.0,0.0,0.0,2021,centre25,Zone181,Neighbourhood558,Dwelling1
VR_6514,Ont.,1.7,4.3,4.4,1.6,3.9,2021,centre25,Zone181,Neighbourhood558,Dwelling2
VR_6515,Ont.,0.0,0.0,0.0,0.0,0.0,2021,centre25,Zone182,Neighbourhood559,Dwelling1
VR_6516,Ont.,0.0,1.9,1.5,0.0,1.6,2021,centre25,Zone182,Neighbourhood559,Dwelling2
VR_6517,Ont.,0.0,0.0,0.0,0.0,0.0,2021,centre25,Zone182,Neighbourhood560,Dwelling1
VR_6518,Ont.,3.2,2.9,2.1,0.5,2.2,2021,centre25,Zone182,Neighbourhood560,Dwelling2
VR_6519,Ont.,0.0,0.0,0.0,0.0,0.0,2021,centre25,Zone183,Neighbourhood561,Dwelling1
VR_6520,Ont.,0.0,0.0,0.0,0.0,0.0,2021,centre25,Zone183,Neighbourhood561,Dwelling2
VR_6521,Ont.,0.0,0.0,0.0,0.0,0.0,2021,centre25,Zone184,Neighbourhood562,Dwelling1
VR_6522,Ont.,0.0,2.4,2.7,0.0,2.6,2021,centre25,Zone184,Neighbourhood562,Dwelling2
VR_6523,Ont.,0.0,0.0,0.0,0.0,0.0,2021,centre25,Zone185,Neighbourhood563,Dwelling1
VR_6524,Ont.,0.0,0.0,0.0,0.0,0.0,2021,centre25,Zone185,Neighbourhood563,Dwelling2
VR_6525,Ont.,0.0,0.0,0.0,0.0,0.0,2021,centre25,Zone185,Neighbourhood564,Dwelling1
VR_6526,Ont.,0.0,1.7,0.7,1.0,1.0,2021,centre25,Zone185,Neighbourhood564,Dwelling2
VR_6527,Ont.,0.0,0.0,0.0,0.0,0.0,2021,centre25,Zone185,Neighbourhood565,Dwelling1
VR_6528,Ont.,0.0,0.0,0.0,0.0,0.8,2021,centre25,Zone185,Neighbourhood565,Dwelling2
VR_6529,Ont.,0.0,0.0,0.0,0.0,0.0,2021,centre25,Zone185,Neighbourhood566,Dwelling1
VR_6530,Ont.,0.0,0.0,0.0,0.0,0.0,2021,centre25,Zone185,Neighbourhood566,Dwelling2
VR_6531,Ont.,0.0,0.0,0.0,0.0,0.0,2021,centre25,Zone186,Neighbourhood567,Dwelling1
VR_6532,Ont.,0.0,3.3,1.4,0.0,2.1,2021,centre25,Zone186,Neighbourhood567,Dwelling2
VR_6533,Ont.,0.0,0.0,0.0,0.0,0.0,2021,centre25,Zone187,Neighbourhood568,Dwelling1
VR_6534,Ont.,0.0,0.0,0.0,0.7,1.3,2021,centre25,Zone187,Neighbourhood568,Dwelling2
VR_6535,Ont.,0.0,0.0,0.0,0.0,0.0,2021,centre25,Zone187,Neighbourhood569,Dwelling1
VR_6536,Ont.,0.0,0.0,0.0,0.0,0.0,2021,centre25,Zone187,Neighbourhood569,Dwelling2
VR_6537,Ont.,0.0,0.0,0.0,0.0,0.0,2021,centre25,Zone188,Neighbourhood570,Dwelling1
VR_6538,Ont.,0.0,2.0,0.5,0.0,1.2,2021,centre25,Zone188,Neighbourhood570,Dwelling2
VR_6539,Ont.,0.0,0.0,0.0,0.0,0.0,2021,centre25,Zone189,Neighbourhood571,Dwelling1
VR_6540,Ont.,0.0,0.0,2.3,0.0,1.1,2021,centre25,Zone189,Neighbourhood571,Dwelling2
VR_6541,Ont.,0.0,0.0,0.0,0.0,0.0,2021,centre25,Zone190,Neighbourhood572,Dwelling1
VR_6542,Ont.,0.0,0.3,1.2,0.0,0.9,2021,centre25,Zone190,Neighbourhood572,Dwelling2
VR_6543,Ont.,0.0,0.0,0.0,0.0,0.0,2021,centre26,Zone191,Neighbourhood252,Dwelling1
VR_6544,Ont.,0.0,4.9,2.1,0.0,4.7,2021,centre26,Zone191,Neighbourhood252,Dwelling2
VR_6545,Ont.,0.0,0.0,0.0,0.0,0.0,2021,centre26,Zone191,Neighbourhood573,Dwelling1
VR_6546,Ont.,0.0,0.0,0.0,0.0,0.0,2021,centre26,Zone191,Neighbourhood573,Dwelling2
VR_6547,Ont.,0.0,0.0,0.0,0.0,0.0,2021,centre26,Zone191,Neighbourhood574,Dwelling1
VR_6548,Ont.,5.9,0.0,0.0,0.0,3.9,2021,centre26,Zone191,Neighbourhood574,Dwelling2
VR_6549,Ont.,0.0,0.0,0.0,0.0,0.0,2021,centre26,Zone192,Neighbourhood575,Dwelling1
VR_6550,Ont.,0.0,4.4,0.0,0.0,3.8,2021,centre26,Zone192,Neighbourhood575,Dwelling2
VR_6551,Ont.,0.0,0.0,0.0,0.0,0.0,2021,centre26,Zone192,Neighbourhood576,Dwelling1
VR_6552,Ont.,0.0,0.0,0.0,0.0,4.4,2021,centre26,Zone192,Neighbourhood576,Dwelling2
VR_6553,Ont.,0.0,0.0,0.0,0.0,0.0,2021,centre26,Zone193,Neighbourhood577,Dwelling1
VR_6554,Ont.,4.5,1.7,0.0,0.0,2.5,2021,centre26,Zone193,Neighbourhood577,Dwelling2
VR_6555,Ont.,0.0,0.0,0.0,0.0,0.0,2021,centre26,Zone193,Neighbourhood578,Dwelling1
VR_6556,Ont.,0.0,0.0,0.8,0.0,0.5,2021,centre26,Zone193,Neighbourhood578,Dwelling2
VR_6557,Ont.,0.0,0.0,0.0,0.0,0.0,2021,centre26,Zone193,Neighbourhood579,Dwelling1
VR_6558,Ont.,0.0,0.0,0.0,0.0,1.9,2021,centre26,Zone193,Neighbourhood579,Dwelling2
VR_6559,Ont.,0.0,0.0,0.0,0.0,0.0,2021,centre26,Zone193,Neighbourhood580,Dwelling1
VR_6560,Ont.,0.0,0.0,0.0,0.0,0.0,2021,centre26,Zone193,Neighbourhood580,Dwelling2
VR_6561,Ont.,0.0,0.0,0.0,0.0,0.0,2021,centre26,Zone193,Neighbourhood581,Dwelling1
VR_6562,Ont.,0.0,0.0,0.0,0.0,0.0,2021,centre26,Zone193,Neighbourhood581,Dwelling2
VR_6563,Ont.,0.0,0.0,0.0,0.0,0.0,2021,centre26,Zone20,Neighbourhood582,Dwelling1
VR_6564,Ont.,0.0,5.4,0.0,0.0,5.4,2021,centre26,Zone20,Neighbourhood582,Dwelling2
VR_6565,Ont.,0.0,0.0,0.0,0.0,0.0,2021,centre26,Zone20,Neighbourhood583,Dwelling1
VR_6566,Ont.,0.0,3.2,1.4,0.0,2.5,2021,centre26,Zone20,Neighbourhood583,Dwelling2
VR_6567,Ont.,0.0,0.0,0.0,0.0,0.0,2021,centre26,Zone20,Neighbourhood584,Dwelling1
VR_6568,Ont.,0.0,0.0,0.7,0.0,0.6,2021,centre26,Zone20,Neighbourhood584,Dwelling2
VR_6569,Ont.,0.0,0.0,0.0,0.0,0.0,2021,centre26,Zone194,Neighbourhood585,Dwelling1
VR_6570,Ont.,0.0,0.0,1.2,0.0,4.4,2021,centre26,Zone194,Neighbourhood585,Dwelling2
VR_6571,Ont.,0.0,0.0,0.0,0.0,0.0,2021,centre26,Zone3,Neighbourhood3,Dwelling1
VR_6572,Ont.,0.0,0.0,0.5,0.0,0.4,2021,centre26,Zone3,Neighbourhood3,Dwelling2
VR_6573,Man.,0.0,0.0,0.0,0.0,0.0,2021,centre27,Zone195,Neighbourhood586,Dwelling1
VR_6574,Man.,0.0,0.0,0.0,0.0,0.0,2021,centre27,Zone195,Neighbourhood586,Dwelling2
VR_6575,Man.,0.0,0.0,0.0,0.0,0.0,2021,centre27,Zone195,Neighbourhood587,Dwelling1
VR_6576,Man.,1.6,3.5,3.3,0.0,3.3,2021,centre27,Zone195,Neighbourhood587,Dwelling2
VR_6577,Man.,0.0,0.0,0.0,0.0,0.0,2021,centre27,Zone195,Neighbourhood588,Dwelling1
VR_6578,Man.,2.8,6.3,5.4,0.0,5.7,2021,centre27,Zone195,Neighbourhood588,Dwelling2
VR_6579,Man.,0.0,0.0,0.0,0.0,0.0,2021,centre27,Zone196,Neighbourhood252,Dwelling1
VR_6580,Man.,7.1,7.3,9.7,7.6,7.8,2021,centre27,Zone196,Neighbourhood252,Dwelling2
VR_6581,Man.,0.0,0.0,0.0,0.0,0.0,2021,centre27,Zone196,Neighbourhood589,Dwelling1
VR_6582,Man.,0.0,5.4,0.0,0.0,8.6,2021,centre27,Zone196,Neighbourhood589,Dwelling2
VR_6583,Man.,0.0,0.0,0.0,13.6,14.3,2021,centre27,Zone196,Neighbourhood590,Dwelling1
VR_6584,Man.,0.0,0.0,0.0,0.0,0.0,2021,centre27,Zone196,Neighbourhood590,Dwelling2
VR_6585,Man.,0.0,0.0,0.0,0.0,0.0,2021,centre27,Zone197,Neighbourhood591,Dwelling1
VR_6586,Man.,8.6,10.6,12.8,12.2,10.7,2021,centre27,Zone197,Neighbourhood591,Dwelling2
VR_6587,Man.,0.0,0.0,0.0,0.0,0.0,2021,centre27,Zone197,Neighbourhood592,Dwelling1
VR_6588,Man.,0.0,1.7,3.4,0.0,2.0,2021,centre27,Zone197,Neighbourhood592,Dwelling2
VR_6589,Man.,0.0,0.0,0.0,14.8,0.0,2021,centre27,Zone197,Neighbourhood253,Dwelling1
VR_6590,Man.,0.0,5.6,0.0,0.0,6.6,2021,centre27,Zone197,Neighbourhood253,Dwelling2
VR_6591,Man.,0.0,0.0,0.0,0.0,0.0,2021,centre27,Zone198,Neighbourhood593,Dwelling1
VR_6592,Man.,0.0,0.0,0.0,0.0,0.0,2021,centre27,Zone198,Neighbourhood593,Dwelling2
VR_6593,Man.,0.0,0.0,0.0,4.3,3.1,2021,centre27,Zone198,Neighbourhood594,Dwelling1
VR_6594,Man.,0.0,3.5,4.4,1.8,3.9,2021,centre27,Zone198,Neighbourhood594,Dwelling2
VR_6595,Man.,0.0,0.0,0.0,6.7,7.4,2021,centre27,Zone199,Neighbourhood595,Dwelling1
VR_6596,Man.,0.0,5.0,3.8,2.9,4.5,2021,centre27,Zone199,Neighbourhood595,Dwelling2
VR_6597,Man.,0.0,0.0,0.0,0.0,0.0,2021,centre27,Zone199,Neighbourhood596,Dwelling1
VR_6598,Man.,0.0,2.4,3.0,0.8,2.6,2021,centre27,Zone199,Neighbourhood596,Dwelling2
VR_6599,Man.,0.0,0.0,0.0,0.0,0.0,2021,centre27,Zone200,Neighbourhood597,Dwelling1
VR_6600,Man.,6.6,7.4,3.9,0.0,5.5,2021,centre27,Zone200,Neighbourhood597,Dwelling2
VR_6601,Man.,0.0,0.0,0.0,0.0,0.0,2021,centre27,Zone200,Neighbourhood598,Dwelling1
VR_6602,Man.,0.0,5.6,0.0,0.0,0.0,2021,centre27,Zone200,Neighbourhood598,Dwelling2
VR_6603,Man.,0.0,0.0,0.0,0.0,0.0,2021,centre27,Zone201,Neighbourhood599,Dwelling1
VR_6604,Man.,5.9,4.9,0.0,0.0,5.2,2021,centre27,Zone201,Neighbourhood599,Dwelling2
VR_6605,Man.,0.0,0.0,0.0,0.0,0.0,2021,centre27,Zone201,Neighbourhood600,Dwelling1
VR_6606,Man.,0.0,4.8,3.4,0.0,4.1,2021,centre27,Zone201,Neighbourhood600,Dwelling2
VR_6607,Man.,0.0,0.0,0.0,0.0,0.6,2021,centre27,Zone201,Neighbourhood601,Dwelling1
VR_6608,Man.,0.6,2.5,2.7,2.1,2.5,2021,centre27,Zone201,Neighbourhood601,Dwelling2
VR_6609,Man.,0.0,0.0,0.0,0.0,0.0,2021,centre27,Zone202,Neighbourhood602,Dwelling1
VR_6610,Man.,0.0,3.0,4.9,0.0,4.0,2021,centre27,Zone202,Neighbourhood602,Dwelling2
VR_6611,Man.,0.0,0.0,0.0,0.0,0.0,2021,centre27,Zone203,Neighbourhood603,Dwelling1
VR_6612,Man.,1.2,6.1,4.4,0.0,5.0,2021,centre27,Zone203,Neighbourhood603,Dwelling2
VR_6613,Man.,0.0,0.0,0.0,0.0,0.0,2021,centre27,Zone203,Neighbourhood604,Dwelling1
VR_6614,Man.,0.0,2.9,0.0,0.0,5.8,2021,centre27,Zone203,Neighbourhood604,Dwelling2
VR_6615,Man.,0.0,0.0,0.0,3.4,3.3,2021,centre27,Zone203,Neighbourhood605,Dwelling1
VR_6616,Man.,0.0,1.8,2.8,0.0,2.4,2021,centre27,Zone203,Neighbourhood605,Dwelling2
VR_6617,Man.,0.0,0.0,0.0,0.0,2.1,2021,centre27,Zone204,Neighbourhood606,Dwelling1
VR_6618,Man.,5.5,9.8,4.3,0.0,7.3,2021,centre27,Zone204,Neighbourhood606,Dwelling2
VR_6619,Man.,0.0,0.0,0.0,9.1,6.9,2021,centre27,Zone204,Neighbourhood607,Dwelling1
VR_6620,Man.,2.1,2.8,1.8,3.6,2.2,2021,centre27,Zone204,Neighbourhood607,Dwelling2
VR_6621,Man.,0.0,0.0,0.0,0.0,0.0,2021,centre27,Zone205,Neighbourhood608,Dwelling1
VR_6622,Man.,2.3,5.1,4.8,0.0,4.8,2021,centre27,Zone205,Neighbourhood608,Dwelling2
VR_6623,Man.,0.0,0.0,0.0,3.5,4.6,2021,centre27,Zone205,Neighbourhood609,Dwelling1
VR_6624,Man.,0.0,5.1,4.6,6.8,4.9,2021,centre27,Zone205,Neighbourhood609,Dwelling2
VR_6625,Man.,0.0,0.0,0.0,0.0,0.0,2021,centre27,Zone206,Neighbourhood610,Dwelling1
VR_6626,Man.,0.0,3.1,5.2,13.5,4.9,2021,centre27,Zone206,Neighbourhood610,Dwelling2
VR_6627,Man.,0.0,0.0,0.0,0.0,0.0,2021,centre27,Zone206,Neighbourhood611,Dwelling1
VR_6628,Man.,0.0,2.7,3.1,0.0,2.6,2021,centre27,Zone206,Neighbourhood611,Dwelling2
VR_6629,Man.,0.0,0.0,0.0,0.0,0.3,2021,centre27,Zone23,Neighbourhood612,Dwelling1
VR_6630,Man.,0.0,0.0,1.8,0.0,1.0,2021,centre27,Zone23,Neighbourhood612,Dwelling2
VR_6631,Sask.,0.0,0.0,0.0,0.0,0.0,2021,centre28,Zone108,Neighbourhood613,Dwelling1
VR_6632,Sask.,0.0,10.9,5.6,0.0,9.6,2021,centre28,Zone108,Neighbourhood613,Dwelling2
VR_6633,Sask.,0.0,0.0,0.0,0.0,0.0,2021,centre28,Zone108,Neighbourhood614,Dwelling1
VR_6634,Sask.,0.0,9.1,0.0,42.8,9.2,2021,centre28,Zone108,Neighbourhood614,Dwelling2
VR_6635,Sask.,0.0,0.0,0.0,0.0,0.0,2021,centre28,Zone108,Neighbourhood271,Dwelling1
VR_6636,Sask.,0.0,0.0,0.0,0.0,0.0,2021,centre28,Zone108,Neighbourhood271,Dwelling2
VR_6637,Sask.,0.0,0.0,0.0,0.0,0.0,2021,centre28,Zone108,Neighbourhood615,Dwelling1
VR_6638,Sask.,0.0,0.0,0.0,0.0,0.0,2021,centre28,Zone108,Neighbourhood615,Dwelling2
VR_6639,Sask.,0.0,0.0,0.0,0.0,0.0,2021,centre28,Zone108,Neighbourhood616,Dwelling1
VR_6640,Sask.,5.1,7.9,5.4,4.7,6.3,2021,centre28,Zone108,Neighbourhood616,Dwelling2
VR_6641,Sask.,0.0,0.0,0.0,0.0,0.0,2021,centre28,Zone207,Neighbourhood617,Dwelling1
VR_6642,Sask.,14.6,4.4,8.2,0.0,5.5,2021,centre28,Zone207,Neighbourhood617,Dwelling2
VR_6643,Sask.,0.0,0.0,0.0,0.0,0.0,2021,centre28,Zone207,Neighbourhood618,Dwelling1
VR_6644,Sask.,5.0,9.9,8.7,0.0,8.8,2021,centre28,Zone207,Neighbourhood618,Dwelling2
VR_6645,Sask.,0.0,0.0,0.0,0.0,0.0,2021,centre28,Zone207,Neighbourhood619,Dwelling1
VR_6646,Sask.,0.0,5.2,2.8,14.6,4.4,2021,centre28,Zone207,Neighbourhood619,Dwelling2
VR_6647,Sask.,0.0,0.0,0.0,0.0,0.0,2021,centre28,Zone207,Neighbourhood620,Dwelling1
VR_6648,Sask.,0.0,9.3,8.5,0.0,8.8,2021,centre28,Zone207,Neighbourhood620,Dwelling2
VR_6649,Sask.,0.0,0.0,0.0,0.0,0.0,2021,centre28,Zone208,Neighbourhood621,Dwelling1
VR_6650,Sask.,0.0,12.8,3.2,0.0,6.5,2021,centre28,Zone208,Neighbourhood621,Dwelling2
VR_6651,Sask.,0.0,0.0,0.0,0.0,0.0,2021,centre28,Zone208,Neighbourhood622,Dwelling1
VR_6652,Sask.,0.0,4.2,3.4,0.0,3.9,2021,centre28,Zone208,Neighbourhood622,Dwelling2
VR_6653,Sask.,0.0,0.0,0.0,0.0,0.0,2021,centre28,Zone22,Neighbourhood623,Dwelling1
VR_6654,Sask.,0.0,6.6,2.2,7.0,3.5,2021,centre28,Zone22,Neighbourhood623,Dwelling2
VR_6655,Sask.,0.0,0.0,0.0,0.0,0.0,2021,centre28,Zone22,Neighbourhood624,Dwelling1
VR_6656,Sask.,0.0,2.1,2.6,8.5,3.6,2021,centre28,Zone22,Neighbourhood624,Dwelling2
VR_6657,Sask.,0.0,0.0,0.0,0.0,5.8,2021,centre28,Zone22,Neighbourhood49,Dwelling1
VR_6658,Sask.,0.0,4.8,4.9,0.0,4.3,2021,centre28,Zone22,Neighbourhood49,Dwelling2
VR_6659,Sask.,0.0,0.0,0.0,0.0,0.0,2021,centre28,Zone20,Neighbourhood625,Dwelling1
VR_6660,Sask.,15.5,0.0,0.0,0.0,12.5,2021,centre28,Zone20,Neighbourhood625,Dwelling2
VR_6661,Sask.,0.0,0.0,0.0,0.0,0.0,2021,centre28,Zone20,Neighbourhood626,Dwelling1
VR_6662,Sask.,0.0,19.3,25.7,0.0,23.4,2021,centre28,Zone20,Neighbourhood626,Dwelling2
VR_6663,Sask.,0.0,0.0,0.0,0.0,0.0,2021,centre28,Zone20,Neighbourhood46,Dwelling1
VR_6664,Sask.,0.0,3.6,3.7,3.0,3.7,2021,centre28,Zone20,Neighbourhood46,Dwelling2
VR_6665,Sask.,0.0,0.0,0.0,0.0,0.0,2021,centre28,Zone124,Neighbourhood627,Dwelling1
VR_6666,Sask.,0.0,9.9,5.0,0.0,6.2,2021,centre28,Zone124,Neighbourhood627,Dwelling2
VR_6667,Sask.,0.0,0.0,0.0,0.0,0.0,2021,centre28,Zone124,Neighbourhood628,Dwelling1
VR_6668,Sask.,0.0,2.9,9.7,0.0,7.5,2021,centre28,Zone124,Neighbourhood628,Dwelling2
VR_6669,Sask.,0.0,0.0,0.0,0.0,0.0,2021,centre28,Zone125,Neighbourhood629,Dwelling1
VR_6670,Sask.,0.0,1.6,2.1,1.1,2.0,2021,centre28,Zone125,Neighbourhood629,Dwelling2
VR_6671,Sask.,0.0,0.0,0.0,0.0,0.0,2021,centre28,Zone23,Neighbourhood612,Dwelling1
VR_6672,Sask.,0.0,0.0,0.0,0.0,0.0,2021,centre28,Zone23,Neighbourhood612,Dwelling2
VR_6673,Sask.,0.0,0.0,0.0,0.0,0.0,2021,centre29,Zone108,Neighbourhood271,Dwelling1
VR_6674,Sask.,5.8,5.8,3.0,0.0,4.7,2021,centre29,Zone108,Neighbourhood271,Dwelling2
VR_6675,Sask.,0.0,0.0,0.0,0.0,0.0,2021,centre29,Zone108,Neighbourhood630,Dwelling1
VR_6676,Sask.,0.0,0.0,0.0,0.0,0.0,2021,centre29,Zone108,Neighbourhood630,Dwelling2
VR_6677,Sask.,0.0,0.0,0.0,0.0,0.0,2021,centre29,Zone19,Neighbourhood631,Dwelling1
VR_6678,Sask.,1.3,2.3,4.4,2.4,3.0,2021,centre29,Zone19,Neighbourhood631,Dwelling2
VR_6679,Sask.,0.0,0.0,0.0,0.0,0.7,2021,centre29,Zone19,Neighbourhood632,Dwelling1
VR_6680,Sask.,0.0,3.8,2.0,5.9,2.6,2021,centre29,Zone19,Neighbourhood632,Dwelling2
VR_6681,Sask.,0.0,0.0,0.0,0.0,0.0,2021,centre29,Zone209,Neighbourhood633,Dwelling1
VR_6682,Sask.,0.0,3.4,11.2,0.0,8.6,2021,centre29,Zone209,Neighbourhood633,Dwelling2
VR_6683,Sask.,0.0,0.0,0.0,0.0,0.0,2021,centre29,Zone209,Neighbourhood634,Dwelling1
VR_6684,Sask.,0.0,2.3,1.9,0.0,2.0,2021,centre29,Zone209,Neighbourhood634,Dwelling2
VR_6685,Sask.,0.0,0.0,0.0,0.0,0.0,2021,centre29,Zone124,Neighbourhood635,Dwelling1
VR_6686,Sask.,4.7,0.0,2.7,0.0,0.0,2021,centre29,Zone124,Neighbourhood635,Dwelling2
VR_6687,Sask.,0.0,0.0,0.0,0.0,0.0,2021,centre29,Zone124,Neighbourhood636,Dwelling1
VR_6688,Sask.,0.0,2.8,1.8,0.0,1.9,2021,centre29,Zone124,Neighbourhood636,Dwelling2
VR_6689,Sask.,0.0,0.0,0.0,0.0,0.0,2021,centre29,Zone21,Neighbourhood637,Dwelling1
VR_6690,Sask.,0.0,5.5,4.5,0.0,4.8,2021,centre29,Zone21,Neighbourhood637,Dwelling2
VR_6691,Sask.,0.0,0.0,0.0,0.0,0.0,2021,centre29,Zone21,Neighbourhood629,Dwelling1
VR_6692,Sask.,0.0,13.2,0.0,0.0,4.6,2021,centre29,Zone21,Neighbourhood629,Dwelling2
VR_6693,Sask.,0.0,0.0,0.0,0.0,0.0,2021,centre29,Zone126,Neighbourhood638,Dwelling1
VR_6694,Sask.,8.1,7.7,11.6,6.9,9.7,2021,centre29,Zone126,Neighbourhood638,Dwelling2
VR_6695,Sask.,0.0,0.0,0.0,0.0,0.0,2021,centre29,Zone126,Neighbourhood639,Dwelling1
VR_6696,Sask.,0.0,0.0,0.0,0.0,0.0,2021,centre29,Zone126,Neighbourhood639,Dwelling2
VR_6697,Sask.,0.0,0.0,0.0,0.0,0.0,2021,centre29,Zone20,Neighbourhood640,Dwelling1
VR_6698,Sask.,0.0,1.3,8.9,0.0,5.3,2021,centre29,Zone20,Neighbourhood640,Dwelling2
VR_6699,Sask.,0.0,0.0,0.0,0.0,0.0,2021,centre29,Zone20,Neighbourhood641,Dwelling1
VR_6700,Sask.,0.0,3.3,8.4,4.9,6.4,2021,centre29,Zone20,Neighbourhood641,Dwelling2
VR_6701,Sask.,0.0,0.0,0.0,0.0,0.0,2021,centre29,Zone20,Neighbourhood46,Dwelling1
VR_6702,Sask.,0.0,2.4,2.9,1.6,2.8,2021,centre29,Zone20,Neighbourhood46,Dwelling2
VR_6703,Sask.,0.0,0.0,2.7,6.7,2.7,2021,centre29,Zone23,Neighbourhood612,Dwelling1
VR_6704,Sask.,0.0,0.0,2.9,0.0,5.3,2021,centre29,Zone23,Neighbourhood612,Dwelling2
VR_6705,Alta,0.0,0.0,0.0,0.0,0.0,2021,centre30,Zone93,Neighbourhood642,Dwelling1
VR_6706,Alta,3.1,8.8,6.5,9.1,7.6,2021,centre30,Zone93,Neighbourhood642,Dwelling2
VR_6707,Alta,0.0,0.0,0.0,0.0,0.0,2021,centre30,Zone93,Neighbourhood643,Dwelling1
VR_6708,Alta,0.0,6.7,0.0,0.0,7.3,2021,centre30,Zone93,Neighbourhood643,Dwelling2
VR_6709,Alta,0.0,0.0,0.0,0.0,0.0,2021,centre30,Zone210,Neighbourhood644,Dwelling1
VR_6710,Alta,3.9,4.1,4.3,4.3,4.2,2021,centre30,Zone210,Neighbourhood644,Dwelling2
VR_6711,Alta,0.0,0.0,0.0,0.0,0.0,2021,centre30,Zone210,Neighbourhood645,Dwelling1
VR_6712,Alta,0.0,5.7,5.6,0.0,5.6,2021,centre30,Zone210,Neighbourhood645,Dwelling2
VR_6713,Alta,0.0,0.0,0.0,0.0,0.0,2021,centre30,Zone210,Neighbourhood646,Dwelling1
VR_6714,Alta,0.0,2.7,0.0,0.0,3.4,2021,centre30,Zone210,Neighbourhood646,Dwelling2
VR_6715,Alta,0.0,0.0,0.0,0.0,0.0,2021,centre30,Zone211,Neighbourhood647,Dwelling1
VR_6716,Alta,0.0,4.8,5.2,0.0,4.8,2021,centre30,Zone211,Neighbourhood647,Dwelling2
VR_6717,Alta,0.0,0.0,0.0,0.0,0.0,2021,centre30,Zone211,Neighbourhood648,Dwelling1
VR_6718,Alta,0.0,0.0,5.1,0.0,0.0,2021,centre30,Zone211,Neighbourhood648,Dwelling2
VR_6719,Alta,0.0,0.0,0.0,0.0,0.0,2021,centre30,Zone211,Neighbourhood649,Dwelling1
VR_6720,Alta,0.0,0.0,0.0,0.0,0.0,2021,centre30,Zone211,Neighbourhood649,Dwelling2
VR_6721,Alta,0.0,0.0,0.0,3.1,0.0,2021,centre30,Zone126,Neighbourhood650,Dwelling1
VR_6722,Alta,0.0,4.1,0.0,0.0,3.7,2021,centre30,Zone126,Neighbourhood650,Dwelling2
VR_6723,Alta,0.0,0.0,0.0,0.0,0.0,2021,centre30,Zone126,Neighbourhood651,Dwelling1
VR_6724,Alta,0.0,1.8,4.5,0.0,3.2,2021,centre30,Zone126,Neighbourhood651,Dwelling2
VR_6725,Alta,0.0,0.0,0.0,0.0,4.2,2021,centre30,Zone126,Neighbourhood652,Dwelling1
VR_6726,Alta,0.0,0.0,0.0,0.0,0.0,2021,centre30,Zone126,Neighbourhood652,Dwelling2
VR_6727,Alta,0.0,0.0,0.0,0.0,0.0,2021,centre30,Zone126,Neighbourhood653,Dwelling1
VR_6728,Alta,0.0,5.4,2.7,0.0,4.0,2021,centre30,Zone126,Neighbourhood653,Dwelling2
VR_6729,Alta,0.0,0.0,0.0,0.0,0.0,2021,centre30,Zone126,Neighbourhood654,Dwelling1
VR_6730,Alta,0.0,3.2,2.6,0.0,2.7,2021,centre30,Zone126,Neighbourhood654,Dwelling2
VR_6731,Alta,0.0,0.0,0.0,0.0,0.0,2021,centre30,Zone126,Neighbourhood655,Dwelling1
VR_6732,Alta,0.0,3.5,0.0,0.0,1.7,2021,centre30,Zone126,Neighbourhood655,Dwelling2
VR_6733,Alta,0.0,0.0,0.0,0.0,0.0,2021,centre30,Zone126,Neighbourhood656,Dwelling1
VR_6734,Alta,0.0,0.0,6.6,0.0,5.2,2021,centre30,Zone126,Neighbourhood656,Dwelling2
VR_6735,Alta,0.0,0.0,0.0,0.0,0.0,2021,centre30,Zone126,Neighbourhood657,Dwelling1
VR_6736,Alta,0.0,0.0,0.0,0.0,0.0,2021,centre30,Zone126,Neighbourhood657,Dwelling2
VR_6737,Alta,0.0,0.0,4.0,2.7,3.3,2021,centre30,Zone209,Neighbourhood658,Dwelling1
VR_6738,Alta,0.0,4.8,7.8,5.7,6.2,2021,centre30,Zone209,Neighbourhood658,Dwelling2
VR_6739,Alta,0.0,0.0,0.0,0.0,0.0,2021,centre30,Zone209,Neighbourhood659,Dwelling1
VR_6740,Alta,0.0,2.5,6.5,3.3,3.1,2021,centre30,Zone209,Neighbourhood659,Dwelling2
VR_6741,Alta,0.0,0.0,0.0,0.0,0.0,2021,centre30,Zone209,Neighbourhood660,Dwelling1
VR_6742,Alta,0.0,0.0,3.4,0.0,2.7,2021,centre30,Zone209,Neighbourhood660,Dwelling2
VR_6743,Alta,0.0,0.0,0.0,0.0,0.0,2021,centre30,Zone209,Neighbourhood661,Dwelling1
VR_6744,Alta,0.0,3.0,1.5,0.0,2.3,2021,centre30,Zone209,Neighbourhood661,Dwelling2
VR_6745,Alta,0.0,0.0,0.0,0.0,0.0,2021,centre30,Zone125,Neighbourhood662,Dwelling1
VR_6746,Alta,0.0,0.0,0.0,0.0,4.8,2021,centre30,Zone125,Neighbourhood662,Dwelling2
VR_6747,Alta,0.0,0.0,0.0,0.0,0.0,2021,centre30,Zone125,Neighbourhood663,Dwelling1
VR_6748,Alta,0.0,0.0,0.0,0.0,0.0,2021,centre30,Zone125,Neighbourhood663,Dwelling2
VR_6749,Alta,0.0,0.0,0.0,0.0,0.0,2021,centre30,Zone125,Neighbourhood664,Dwelling1
VR_6750,Alta,0.0,0.0,0.0,0.0,0.0,2021,centre30,Zone125,Neighbourhood664,Dwelling2
VR_6751,Alta,0.0,0.0,2.2,1.4,1.7,2021,centre30,Zone125,Neighbourhood665,Dwelling1
VR_6752,Alta,0.0,0.0,1.5,0.0,1.0,2021,centre30,Zone125,Neighbourhood665,Dwelling2
VR_6753,Alta,0.0,0.0,0.0,0.0,0.0,2021,centre30,Zone125,Neighbourhood666,Dwelling1
VR_6754,Alta,0.0,2.4,0.0,0.0,1.8,2021,centre30,Zone125,Neighbourhood666,Dwelling2
VR_6755,Alta,0.0,0.0,0.0,0.0,0.0,2021,centre30,Zone125,Neighbourhood667,Dwelling1
VR_6756,Alta,0.0,2.6,6.2,0.0,4.2,2021,centre30,Zone125,Neighbourhood667,Dwelling2
VR_6757,Alta,0.0,0.0,0.0,0.0,0.0,2021,centre30,Zone125,Neighbourhood668,Dwelling1
VR_6758,Alta,0.0,0.0,2.6,0.0,3.3,2021,centre30,Zone125,Neighbourhood668,Dwelling2
VR_6759,Alta,0.0,0.0,0.0,0.0,0.0,2021,centre30,Zone125,Neighbourhood669,Dwelling1
VR_6760,Alta,0.0,2.4,2.1,1.8,2.2,2021,centre30,Zone125,Neighbourhood669,Dwelling2
VR_6761,Alta,0.0,0.0,0.0,0.0,0.0,2021,centre30,Zone125,Neighbourhood670,Dwelling1
VR_6762,Alta,0.0,0.0,3.2,0.0,5.1,2021,centre30,Zone125,Neighbourhood670,Dwelling2
VR_6763,Alta,0.0,0.0,0.0,0.0,0.0,2021,centre30,Zone125,Neighbourhood671,Dwelling1
VR_6764,Alta,0.0,6.0,2.5,5.6,3.8,2021,centre30,Zone125,Neighbourhood671,Dwelling2
VR_6765,Alta,0.0,0.0,0.0,0.0,0.0,2021,centre30,Zone125,Neighbourhood672,Dwelling1
VR_6766,Alta,0.0,0.0,18.4,3.3,13.1,2021,centre30,Zone125,Neighbourhood672,Dwelling2
VR_6767,Alta,0.0,0.0,0.0,0.0,0.0,2021,centre30,Zone125,Neighbourhood673,Dwelling1
VR_6768,Alta,0.0,0.0,2.8,1.5,2.4,2021,centre30,Zone125,Neighbourhood673,Dwelling2
VR_6769,Alta,0.0,0.0,5.8,0.0,6.0,2021,centre30,Zone125,Neighbourhood674,Dwelling1
VR_6770,Alta,0.0,4.1,3.4,0.0,3.9,2021,centre30,Zone125,Neighbourhood674,Dwelling2
VR_6771,Alta,0.0,0.0,0.0,0.0,0.0,2021,centre30,Zone124,Neighbourhood675,Dwelling1
VR_6772,Alta,0.0,0.0,0.0,0.0,0.0,2021,centre30,Zone124,Neighbourhood675,Dwelling2
VR_6773,Alta,0.0,0.0,2.0,0.0,1.0,2021,centre30,Zone124,Neighbourhood676,Dwelling1
VR_6774,Alta,0.0,4.7,1.8,0.0,3.0,2021,centre30,Zone124,Neighbourhood676,Dwelling2
VR_6775,Alta,0.0,0.0,0.0,0.0,0.0,2021,centre30,Zone124,Neighbourhood677,Dwelling1
VR_6776,Alta,0.0,13.0,5.0,0.0,6.6,2021,centre30,Zone124,Neighbourhood677,Dwelling2
VR_6777,Alta,0.0,0.0,3.4,2.9,3.2,2021,centre30,Zone124,Neighbourhood678,Dwelling1
VR_6778,Alta,0.0,0.0,3.9,0.0,3.6,2021,centre30,Zone124,Neighbourhood678,Dwelling2
VR_6779,Alta,0.0,0.0,0.0,0.0,0.0,2021,centre30,Zone124,Neighbourhood679,Dwelling1
VR_6780,Alta,0.0,4.0,4.3,0.0,4.2,2021,centre30,Zone124,Neighbourhood679,Dwelling2
VR_6781,Alta,0.0,0.0,0.0,0.0,0.0,2021,centre30,Zone124,Neighbourhood680,Dwelling1
VR_6782,Alta,0.0,0.0,18.0,0.0,15.6,2021,centre30,Zone124,Neighbourhood680,Dwelling2
VR_6783,Alta,0.0,0.0,0.0,0.0,0.0,2021,centre30,Zone212,Neighbourhood681,Dwelling1
VR_6784,Alta,0.0,3.7,0.0,0.0,0.0,2021,centre30,Zone212,Neighbourhood681,Dwelling2
VR_6785,Alta,0.0,0.0,0.0,0.0,0.0,2021,centre30,Zone212,Neighbourhood682,Dwelling1
VR_6786,Alta,0.0,5.8,4.1,0.0,5.0,2021,centre30,Zone212,Neighbourhood682,Dwelling2
VR_6787,Alta,0.0,0.0,0.0,0.0,0.0,2021,centre30,Zone212,Neighbourhood683,Dwelling1
VR_6788,Alta,0.0,0.0,2.9,0.0,2.5,2021,centre30,Zone212,Neighbourhood683,Dwelling2
VR_6789,Alta,0.0,0.0,0.0,0.0,0.0,2021,centre30,Zone212,Neighbourhood684,Dwelling1
VR_6790,Alta,0.0,5.1,5.4,0.0,5.0,2021,centre30,Zone212,Neighbourhood684,Dwelling2
VR_6791,Alta,0.0,0.0,5.0,2.9,3.8,2021,centre30,Zone213,Neighbourhood685,Dwelling1
VR_6792,Alta,0.0,2.9,4.0,4.5,3.6,2021,centre30,Zone213,Neighbourhood685,Dwelling2
VR_6793,Alta,0.0,0.0,0.0,0.0,0.0,2021,centre30,Zone213,Neighbourhood686,Dwelling1
VR_6794,Alta,15.9,4.3,3.6,0.0,4.0,2021,centre30,Zone213,Neighbourhood686,Dwelling2
VR_6795,Alta,0.0,0.0,0.0,0.0,0.0,2021,centre30,Zone213,Neighbourhood687,Dwelling1
VR_6796,Alta,0.0,7.6,5.1,0.0,6.3,2021,centre30,Zone213,Neighbourhood687,Dwelling2
VR_6797,Alta,0.0,0.0,0.0,0.0,0.0,2021,centre30,Zone213,Neighbourhood688,Dwelling1
VR_6798,Alta,0.0,0.6,1.5,0.0,1.2,2021,centre30,Zone213,Neighbourhood688,Dwelling2
VR_6799,Alta,0.0,0.0,0.0,0.0,0.0,2021,centre30,Zone214,Neighbourhood689,Dwelling1
VR_6800,Alta,0.0,1.3,2.4,0.0,2.2,2021,centre30,Zone214,Neighbourhood689,Dwelling2
VR_6801,Alta,0.0,0.0,0.0,0.0,0.0,2021,centre30,Zone214,Neighbourhood690,Dwelling1
VR_6802,Alta,4.0,0.0,0.0,0.0,0.0,2021,centre30,Zone214,Neighbourhood690,Dwelling2
VR_6803,Alta,0.0,0.0,0.0,0.0,0.0,2021,centre30,Zone214,Neighbourhood691,Dwelling1
VR_6804,Alta,0.0,0.0,0.0,0.0,0.0,2021,centre30,Zone214,Neighbourhood691,Dwelling2
VR_6805,Alta,0.0,0.0,0.0,0.0,0.0,2021,centre31,Zone93,Neighbourhood252,Dwelling1
VR_6806,Alta,10.6,12.8,11.3,17.4,12.1,2021,centre31,Zone93,Neighbourhood252,Dwelling2
VR_6807,Alta,0.0,0.0,0.0,0.0,0.0,2021,centre31,Zone93,Neighbourhood692,Dwelling1
VR_6808,Alta,6.4,7.3,5.6,0.0,6.7,2021,centre31,Zone93,Neighbourhood692,Dwelling2
VR_6809,Alta,0.0,0.0,0.0,0.0,0.0,2021,centre31,Zone93,Neighbourhood693,Dwelling1
VR_6810,Alta,7.9,8.5,9.1,0.0,8.5,2021,centre31,Zone93,Neighbourhood693,Dwelling2
VR_6811,Alta,0.0,0.0,0.0,0.0,0.0,2021,centre31,Zone93,Neighbourhood694,Dwelling1
VR_6812,Alta,5.1,7.0,11.6,5.0,8.9,2021,centre31,Zone93,Neighbourhood694,Dwelling2
VR_6813,Alta,0.0,0.0,0.0,0.0,0.0,2021,centre31,Zone215,Neighbourhood695,Dwelling1
VR_6814,Alta,0.0,9.4,17.7,0.0,11.9,2021,centre31,Zone215,Neighbourhood695,Dwelling2
VR_6815,Alta,0.0,0.0,0.0,0.0,0.0,2021,centre31,Zone215,Neighbourhood696,Dwelling1
VR_6816,Alta,8.1,8.9,6.5,0.0,7.8,2021,centre31,Zone215,Neighbourhood696,Dwelling2
VR_6817,Alta,0.0,0.0,0.0,0.0,0.0,2021,centre31,Zone216,Neighbourhood697,Dwelling1
VR_6818,Alta,3.4,6.6,4.9,0.0,5.7,2021,centre31,Zone216,Neighbourhood697,Dwelling2
VR_6819,Alta,0.0,0.0,0.0,0.0,0.0,2021,centre31,Zone216,Neighbourhood582,Dwelling1
VR_6820,Alta,5.2,4.0,5.4,0.0,4.6,2021,centre31,Zone216,Neighbourhood582,Dwelling2
VR_6821,Alta,0.0,0.0,0.0,0.0,0.0,2021,centre31,Zone217,Neighbourhood698,Dwelling1
VR_6822,Alta,0.0,9.1,11.6,0.0,9.5,2021,centre31,Zone217,Neighbourhood698,Dwelling2
VR_6823,Alta,0.0,0.0,0.0,0.0,0.0,2021,centre31,Zone217,Neighbourhood699,Dwelling1
VR_6824,Alta,0.0,6.5,11.3,0.0,9.0,2021,centre31,Zone217,Neighbourhood699,Dwelling2
VR_6825,Alta,0.0,0.0,0.0,0.0,0.0,2021,centre31,Zone217,Neighbourhood700,Dwelling1
VR_6826,Alta,0.0,0.0,0.0,0.0,0.0,2021,centre31,Zone217,Neighbourhood700,Dwelling2
VR_6827,Alta,0.0,0.0,0.0,0.0,0.0,2021,centre31,Zone218,Neighbourhood701,Dwelling1
VR_6828,Alta,0.0,5.7,10.3,5.3,8.0,2021,centre31,Zone218,Neighbourhood701,Dwelling2
VR_6829,Alta,0.0,0.0,0.0,0.0,0.0,2021,centre31,Zone218,Neighbourhood702,Dwelling1
VR_6830,Alta,10.4,0.0,10.2,0.0,9.4,2021,centre31,Zone218,Neighbourhood702,Dwelling2
VR_6831,Alta,0.0,0.0,0.0,0.0,0.0,2021,centre31,Zone218,Neighbourhood703,Dwelling1
VR_6832,Alta,0.0,9.1,12.4,0.0,10.5,2021,centre31,Zone218,Neighbourhood703,Dwelling2
VR_6833,Alta,0.0,0.0,0.0,0.0,0.0,2021,centre31,Zone218,Neighbourhood704,Dwelling1
VR_6834,Alta,0.0,0.0,0.0,0.0,0.0,2021,centre31,Zone218,Neighbourhood704,Dwelling2
VR_6835,Alta,0.0,0.0,0.0,0.0,0.0,2021,centre31,Zone219,Neighbourhood705,Dwelling1
VR_6836,Alta,18.5,7.5,4.9,0.0,7.4,2021,centre31,Zone219,Neighbourhood705,Dwelling2
VR_6837,Alta,0.0,0.0,0.6,1.7,1.3,2021,centre31,Zone219,Neighbourhood706,Dwelling1
VR_6838,Alta,0.0,8.3,6.9,2.4,6.4,2021,centre31,Zone219,Neighbourhood706,Dwelling2
VR_6839,Alta,0.0,0.0,0.0,0.0,0.0,2021,centre31,Zone219,Neighbourhood707,Dwelling1
VR_6840,Alta,6.2,3.2,4.9,3.2,4.2,2021,centre31,Zone219,Neighbourhood707,Dwelling2
VR_6841,Alta,0.0,0.0,0.0,6.2,4.2,2021,centre31,Zone219,Neighbourhood708,Dwelling1
VR_6842,Alta,0.0,3.4,2.7,0.0,2.8,2021,centre31,Zone219,Neighbourhood708,Dwelling2
VR_6843,Alta,0.0,0.0,0.0,0.0,0.0,2021,centre31,Zone219,Neighbourhood709,Dwelling1
VR_6844,Alta,0.0,5.6,4.9,4.7,4.9,2021,centre31,Zone219,Neighbourhood709,Dwelling2
VR_6845,Alta,0.0,0.0,0.0,0.0,0.0,2021,centre31,Zone220,Neighbourhood710,Dwelling1
VR_6846,Alta,0.0,7.4,6.0,0.0,6.8,2021,centre31,Zone220,Neighbourhood710,Dwelling2
VR_6847,Alta,0.0,0.0,3.9,4.0,4.0,2021,centre31,Zone220,Neighbourhood711,Dwelling1
VR_6848,Alta,4.1,3.8,3.1,5.2,3.7,2021,centre31,Zone220,Neighbourhood711,Dwelling2
VR_6849,Alta,0.0,0.0,0.0,0.0,0.0,2021,centre31,Zone220,Neighbourhood712,Dwelling1
VR_6850,Alta,0.0,0.8,3.9,3.0,2.8,2021,centre31,Zone220,Neighbourhood712,Dwelling2
VR_6851,Alta,0.0,0.0,0.0,0.0,0.0,2021,centre31,Zone220,Neighbourhood713,Dwelling1
VR_6852,Alta,2.9,4.6,5.3,0.0,4.9,2021,centre31,Zone220,Neighbourhood713,Dwelling2
VR_6853,Alta,0.0,0.0,0.0,0.0,0.0,2021,centre31,Zone220,Neighbourhood714,Dwelling1
VR_6854,Alta,31.2,7.9,12.0,19.8,11.9,2021,centre31,Zone220,Neighbourhood714,Dwelling2
VR_6855,Alta,0.0,0.0,0.0,0.7,0.9,2021,centre31,Zone220,Neighbourhood715,Dwelling1
VR_6856,Alta,0.0,4.4,6.2,1.8,5.7,2021,centre31,Zone220,Neighbourhood715,Dwelling2
VR_6857,Alta,0.0,0.0,0.0,5.6,0.0,2021,centre31,Zone221,Neighbourhood716,Dwelling1
VR_6858,Alta,0.0,1.4,4.8,0.0,2.2,2021,centre31,Zone221,Neighbourhood716,Dwelling2
VR_6859,Alta,0.0,0.0,0.0,0.0,0.0,2021,centre31,Zone221,Neighbourhood717,Dwelling1
VR_6860,Alta,0.0,1.0,12.0,0.0,6.9,2021,centre31,Zone221,Neighbourhood717,Dwelling2
VR_6861,Alta,0.0,0.0,0.0,1.8,2.1,2021,centre31,Zone221,Neighbourhood718,Dwelling1
VR_6862,Alta,0.0,8.0,8.7,17.4,8.8,2021,centre31,Zone221,Neighbourhood718,Dwelling2
VR_6863,Alta,0.0,0.0,0.0,0.0,0.0,2021,centre31,Zone221,Neighbourhood719,Dwelling1
VR_6864,Alta,0.0,7.1,0.0,0.0,7.4,2021,centre31,Zone221,Neighbourhood719,Dwelling2
VR_6865,Alta,0.0,0.0,0.0,0.0,0.0,2021,centre31,Zone222,Neighbourhood720,Dwelling1
VR_6866,Alta,0.0,5.3,3.2,0.0,3.2,2021,centre31,Zone222,Neighbourhood720,Dwelling2
VR_6867,Alta,0.0,0.0,0.0,0.0,2.4,2021,centre31,Zone222,Neighbourhood721,Dwelling1
VR_6868,Alta,0.0,3.8,3.2,0.0,3.3,2021,centre31,Zone222,Neighbourhood721,Dwelling2
VR_6869,Alta,0.0,0.0,7.4,4.0,4.7,2021,centre31,Zone222,Neighbourhood722,Dwelling1
VR_6870,Alta,0.0,10.2,4.7,20.6,6.5,2021,centre31,Zone222,Neighbourhood722,Dwelling2
VR_6871,Alta,0.0,0.0,30.8,0.0,31.3,2021,centre31,Zone223,Neighbourhood723,Dwelling1
VR_6872,Alta,0.0,0.0,0.0,0.0,0.0,2021,centre31,Zone223,Neighbourhood723,Dwelling2
VR_6873,Alta,0.0,0.0,0.0,8.3,9.5,2021,centre31,Zone223,Neighbourhood724,Dwelling1
VR_6874,Alta,0.0,0.0,0.0,0.0,0.0,2021,centre31,Zone223,Neighbourhood724,Dwelling2
VR_6875,Alta,0.0,0.0,0.0,0.0,0.0,2021,centre31,Zone223,Neighbourhood725,Dwelling1
VR_6876,Alta,0.0,0.0,0.0,0.0,0.0,2021,centre31,Zone223,Neighbourhood725,Dwelling2
VR_6877,Alta,0.0,0.0,2.3,1.8,2.0,2021,centre31,Zone223,Neighbourhood726,Dwelling1
VR_6878,Alta,0.0,4.5,4.3,0.0,4.3,2021,centre31,Zone223,Neighbourhood726,Dwelling2
VR_6879,Alta,0.0,0.0,0.0,1.6,0.0,2021,centre31,Zone223,Neighbourhood727,Dwelling1
VR_6880,Alta,5.7,11.9,0.0,0.0,14.7,2021,centre31,Zone223,Neighbourhood727,Dwelling2
VR_6881,Alta,0.0,0.0,0.0,0.0,0.0,2021,centre31,Zone224,Neighbourhood728,Dwelling1
VR_6882,Alta,0.0,8.8,7.0,0.0,7.5,2021,centre31,Zone224,Neighbourhood728,Dwelling2
VR_6883,Alta,0.0,0.0,0.0,1.2,1.9,2021,centre31,Zone224,Neighbourhood729,Dwelling1
VR_6884,Alta,0.0,6.9,11.6,18.8,10.4,2021,centre31,Zone224,Neighbourhood729,Dwelling2
VR_6885,Alta,0.0,0.0,0.0,0.0,0.0,2021,centre31,Zone224,Neighbourhood730,Dwelling1
VR_6886,Alta,0.0,0.0,3.6,0.0,2.4,2021,centre31,Zone224,Neighbourhood730,Dwelling2
VR_6887,Alta,0.0,0.0,2.3,0.9,1.3,2021,centre31,Zone224,Neighbourhood731,Dwelling1
VR_6888,Alta,0.0,4.8,4.0,0.0,3.9,2021,centre31,Zone224,Neighbourhood731,Dwelling2
VR_6889,Alta,0.0,0.0,0.0,0.0,0.0,2021,centre31,Zone225,Neighbourhood732,Dwelling1
VR_6890,Alta,0.0,6.3,7.0,3.0,6.2,2021,centre31,Zone225,Neighbourhood732,Dwelling2
VR_6891,Alta,0.0,0.0,0.0,0.0,0.0,2021,centre31,Zone225,Neighbourhood733,Dwelling1
VR_6892,Alta,12.1,5.9,3.6,5.1,5.1,2021,centre31,Zone225,Neighbourhood733,Dwelling2
VR_6893,Alta,0.0,0.0,0.0,3.4,3.4,2021,centre31,Zone225,Neighbourhood734,Dwelling1
VR_6894,Alta,0.0,3.9,2.3,0.0,3.0,2021,centre31,Zone225,Neighbourhood734,Dwelling2
VR_6895,Alta,0.0,0.0,0.0,0.0,2.4,2021,centre31,Zone225,Neighbourhood735,Dwelling1
VR_6896,Alta,0.0,3.1,3.1,1.8,3.0,2021,centre31,Zone225,Neighbourhood735,Dwelling2
VR_6897,Alta,0.0,0.0,0.0,0.0,0.0,2021,centre31,Zone226,Neighbourhood736,Dwelling1
VR_6898,Alta,0.0,13.0,5.6,5.8,7.3,2021,centre31,Zone226,Neighbourhood736,Dwelling2
VR_6899,Alta,0.0,0.0,0.0,0.0,0.0,2021,centre31,Zone227,Neighbourhood737,Dwelling1
VR_6900,Alta,0.0,0.0,0.0,0.0,0.6,2021,centre31,Zone227,Neighbourhood737,Dwelling2
VR_6901,Alta,0.0,0.0,5.9,0.0,8.3,2021,centre31,Zone227,Neighbourhood738,Dwelling1
VR_6902,Alta,0.0,1.7,3.4,0.0,2.7,2021,centre31,Zone227,Neighbourhood738,Dwelling2
VR_6903,Alta,0.0,0.0,7.4,0.0,1.8,2021,centre31,Zone227,Neighbourhood739,Dwelling1
VR_6904,Alta,0.0,15.0,7.3,0.0,9.1,2021,centre31,Zone227,Neighbourhood739,Dwelling2
VR_6905,Alta,0.0,0.0,11.7,3.2,4.7,2021,centre31,Zone228,Neighbourhood740,Dwelling1
VR_6906,Alta,5.0,4.3,4.4,0.0,4.4,2021,centre31,Zone228,Neighbourhood740,Dwelling2
VR_6907,Alta,0.0,0.0,1.1,0.5,0.7,2021,centre31,Zone229,Neighbourhood741,Dwelling1
VR_6908,Alta,0.0,2.6,2.1,3.7,2.4,2021,centre31,Zone229,Neighbourhood741,Dwelling2
VR_6909,Alta,0.0,0.0,0.0,0.0,0.7,2021,centre31,Zone230,Neighbourhood742,Dwelling1
VR_6910,Alta,0.0,2.2,2.1,8.3,2.2,2021,centre31,Zone230,Neighbourhood742,Dwelling2
VR_6911,Alta,0.0,0.0,0.0,13.8,15.2,2021,centre31,Zone231,Neighbourhood743,Dwelling1
VR_6912,Alta,0.0,5.3,4.8,8.5,6.1,2021,centre31,Zone231,Neighbourhood743,Dwelling2
VR_6913,Alta,0.0,0.0,0.0,0.0,0.0,2021,centre31,Zone232,Neighbourhood744,Dwelling1
VR_6914,Alta,0.0,1.0,0.8,0.0,0.9,2021,centre31,Zone232,Neighbourhood744,Dwelling2
VR_6915,Alta,0.0,0.0,0.0,0.0,0.0,2021,centre31,Zone232,Neighbourhood745,Dwelling1
VR_6916,Alta,0.0,18.9,4.5,0.0,7.7,2021,centre31,Zone232,Neighbourhood745,Dwelling2
VR_6917,Alta,0.0,0.0,0.0,0.0,0.0,2021,centre32,Zone233,Neighbourhood252,Dwelling1
VR_6918,Alta,3.8,5.2,13.0,0.0,7.3,2021,centre32,Zone233,Neighbourhood252,Dwelling2
VR_6919,Alta,0.0,0.0,0.0,0.0,0.0,2021,centre32,Zone233,Neighbourhood746,Dwelling1
VR_6920,Alta,0.0,3.6,2.1,0.0,2.3,2021,centre32,Zone233,Neighbourhood746,Dwelling2
VR_6921,Alta,0.0,0.0,0.0,0.0,0.0,2021,centre32,Zone233,Neighbourhood747,Dwelling1
VR_6922,Alta,0.0,0.0,0.0,0.0,0.0,2021,centre32,Zone233,Neighbourhood747,Dwelling2
VR_6923,Alta,0.0,0.0,2.1,0.0,2.1,2021,centre32,Zone233,Neighbourhood748,Dwelling1
VR_6924,Alta,0.0,1.1,3.0,0.0,1.9,2021,centre32,Zone233,Neighbourhood748,Dwelling2
VR_6925,Alta,0.0,0.0,0.0,0.0,0.0,2021,centre32,Zone233,Neighbourhood749,Dwelling1
VR_6926,Alta,0.0,0.0,0.0,0.0,0.0,2021,centre32,Zone233,Neighbourhood749,Dwelling2
VR_6927,Alta,0.0,0.0,0.0,0.0,0.0,2021,centre32,Zone233,Neighbourhood750,Dwelling1
VR_6928,Alta,0.0,0.9,0.0,0.0,0.4,2021,centre32,Zone233,Neighbourhood750,Dwelling2
VR_6929,Alta,0.0,0.0,0.0,0.0,2.6,2021,centre32,Zone233,Neighbourhood751,Dwelling1
VR_6930,Alta,0.0,0.0,0.0,0.0,0.0,2021,centre32,Zone233,Neighbourhood751,Dwelling2
VR_6931,Alta,0.0,0.0,5.8,0.0,4.5,2021,centre32,Zone233,Neighbourhood752,Dwelling1
VR_6932,Alta,0.0,0.0,0.0,0.0,0.0,2021,centre32,Zone233,Neighbourhood752,Dwelling2
VR_6933,Alta,0.0,0.0,7.8,1.8,6.0,2021,centre32,Zone233,Neighbourhood753,Dwelling1
VR_6934,Alta,0.0,0.0,1.6,0.0,1.5,2021,centre32,Zone233,Neighbourhood753,Dwelling2
VR_6935,Alta,0.0,0.0,0.0,0.0,0.0,2021,centre32,Zone233,Neighbourhood754,Dwelling1
VR_6936,Alta,0.0,0.0,0.0,0.0,0.0,2021,centre32,Zone233,Neighbourhood754,Dwelling2
VR_6937,Alta,0.0,0.0,0.0,0.0,0.0,2021,centre32,Zone233,Neighbourhood755,Dwelling1
VR_6938,Alta,0.0,0.0,0.0,0.0,0.0,2021,centre32,Zone233,Neighbourhood755,Dwelling2
VR_6939,Alta,0.0,0.0,0.0,0.0,0.0,2021,centre32,Zone233,Neighbourhood756,Dwelling1
VR_6940,Alta,0.0,0.7,0.3,3.0,0.6,2021,centre32,Zone233,Neighbourhood756,Dwelling2
VR_6941,Alta,0.0,0.0,0.0,0.0,1.4,2021,centre32,Zone233,Neighbourhood757,Dwelling1
VR_6942,Alta,0.0,0.0,2.5,0.0,1.9,2021,centre32,Zone233,Neighbourhood757,Dwelling2
VR_6943,Alta,0.0,0.0,0.0,0.0,0.0,2021,centre32,Zone233,Neighbourhood758,Dwelling1
VR_6944,Alta,0.0,0.0,0.0,0.0,0.0,2021,centre32,Zone233,Neighbourhood758,Dwelling2
VR_6945,Alta,0.0,0.0,0.0,0.0,0.0,2021,centre32,Zone233,Neighbourhood759,Dwelling1
VR_6946,Alta,0.0,0.0,0.0,0.0,0.0,2021,centre32,Zone233,Neighbourhood759,Dwelling2
VR_6947,Alta,0.0,0.0,0.0,0.0,0.0,2021,centre32,Zone233,Neighbourhood760,Dwelling1
VR_6948,Alta,0.0,0.0,0.0,0.0,0.0,2021,centre32,Zone233,Neighbourhood760,Dwelling2
VR_6949,Alta,0.0,0.0,0.0,0.0,0.0,2021,centre32,Zone233,Neighbourhood761,Dwelling1
VR_6950,Alta,0.0,0.0,0.0,0.0,0.0,2021,centre32,Zone233,Neighbourhood761,Dwelling2
VR_6951,B.C.,0.0,0.0,0.0,0.0,0.0,2021,centre33,Zone234,Neighbourhood762,Dwelling1
VR_6952,B.C.,0.0,1.5,0.5,0.0,0.9,2021,centre33,Zone234,Neighbourhood762,Dwelling2
VR_6953,B.C.,0.0,0.0,0.0,0.0,0.0,2021,centre33,Zone234,Neighbourhood763,Dwelling1
VR_6954,B.C.,6.2,1.6,1.2,0.0,1.6,2021,centre33,Zone234,Neighbourhood763,Dwelling2
VR_6955,B.C.,0.0,0.0,1.2,0.0,1.8,2021,centre33,Zone234,Neighbourhood764,Dwelling1
VR_6956,B.C.,0.0,0.7,2.2,0.0,1.4,2021,centre33,Zone234,Neighbourhood764,Dwelling2
VR_6957,B.C.,0.0,0.0,0.0,0.0,0.0,2021,centre33,Zone234,Neighbourhood765,Dwelling1
VR_6958,B.C.,0.0,0.0,0.0,0.0,0.0,2021,centre33,Zone234,Neighbourhood765,Dwelling2
VR_6959,B.C.,0.0,0.0,0.0,0.0,0.0,2021,centre33,Zone234,Neighbourhood766,Dwelling1
VR_6960,B.C.,0.0,2.4,4.4,0.0,3.2,2021,centre33,Zone234,Neighbourhood766,Dwelling2
VR_6961,B.C.,0.0,0.0,0.0,0.0,0.0,2021,centre33,Zone235,Neighbourhood767,Dwelling1
VR_6962,B.C.,0.0,0.0,2.5,0.0,2.5,2021,centre33,Zone235,Neighbourhood767,Dwelling2
VR_6963,B.C.,0.0,0.0,0.0,0.0,0.0,2021,centre34,Zone236,Neighbourhood768,Dwelling1
VR_6964,B.C.,0.1,0.8,0.6,0.0,0.6,2021,centre34,Zone236,Neighbourhood768,Dwelling2
VR_6965,B.C.,0.0,0.0,0.0,0.0,0.0,2021,centre34,Zone237,Neighbourhood769,Dwelling1
VR_6966,B.C.,0.0,0.6,0.6,0.0,0.6,2021,centre34,Zone237,Neighbourhood769,Dwelling2
VR_6967,B.C.,0.0,0.0,0.0,0.0,0.0,2021,centre35,Zone238,Neighbourhood770,Dwelling1
VR_6968,B.C.,1.2,0.5,0.4,0.0,0.6,2021,centre35,Zone238,Neighbourhood770,Dwelling2
VR_6969,B.C.,0.0,0.0,0.0,0.0,0.0,2021,centre35,Zone238,Neighbourhood771,Dwelling1
VR_6970,B.C.,0.6,0.5,1.0,0.0,0.6,2021,centre35,Zone238,Neighbourhood771,Dwelling2
VR_6971,B.C.,0.0,0.0,0.0,0.0,0.0,2021,centre35,Zone239,Neighbourhood772,Dwelling1
VR_6972,B.C.,3.5,1.1,1.9,0.0,1.6,2021,centre35,Zone239,Neighbourhood772,Dwelling2
VR_6973,B.C.,0.0,0.0,0.0,0.0,0.0,2021,centre35,Zone93,Neighbourhood773,Dwelling1
VR_6974,B.C.,2.5,1.8,2.0,0.0,2.0,2021,centre35,Zone93,Neighbourhood773,Dwelling2
VR_6975,B.C.,0.0,0.0,0.0,0.0,0.0,2021,centre35,Zone93,Neighbourhood774,Dwelling1
VR_6976,B.C.,0.2,0.3,0.0,0.0,0.2,2021,centre35,Zone93,Neighbourhood774,Dwelling2
VR_6977,B.C.,0.0,0.0,0.0,0.0,0.0,2021,centre35,Zone93,Neighbourhood334,Dwelling1
VR_6978,B.C.,3.1,2.4,0.0,0.0,2.6,2021,centre35,Zone93,Neighbourhood334,Dwelling2
VR_6979,B.C.,0.0,0.0,0.0,0.0,0.0,2021,centre35,Zone240,Neighbourhood775,Dwelling1
VR_6980,B.C.,0.0,1.3,4.8,0.0,2.0,2021,centre35,Zone240,Neighbourhood775,Dwelling2
VR_6981,B.C.,0.0,0.0,0.0,0.0,0.0,2021,centre35,Zone240,Neighbourhood776,Dwelling1
VR_6982,B.C.,0.8,0.8,0.0,0.0,0.9,2021,centre35,Zone240,Neighbourhood776,Dwelling2
VR_6983,B.C.,0.0,0.0,0.0,0.0,0.0,2021,centre35,Zone240,Neighbourhood777,Dwelling1
VR_6984,B.C.,0.0,0.0,0.0,0.0,0.0,2021,centre35,Zone240,Neighbourhood777,Dwelling2
VR_6985,B.C.,0.0,0.0,0.0,0.0,0.0,2021,centre35,Zone241,Neighbourhood778,Dwelling1
VR_6986,B.C.,1.6,0.6,1.7,0.0,0.9,2021,centre35,Zone241,Neighbourhood778,Dwelling2
VR_6987,B.C.,0.0,0.0,0.0,0.0,0.0,2021,centre35,Zone241,Neighbourhood779,Dwelling1
VR_6988,B.C.,0.0,0.7,0.2,0.0,0.5,2021,centre35,Zone241,Neighbourhood779,Dwelling2
VR_6989,B.C.,0.0,0.0,0.0,0.0,0.0,2021,centre35,Zone241,Neighbourhood780,Dwelling1
VR_6990,B.C.,0.0,2.6,0.0,0.0,1.9,2021,centre35,Zone241,Neighbourhood780,Dwelling2
VR_6991,B.C.,0.0,0.0,0.0,0.0,0.0,2021,centre35,Zone242,Neighbourhood781,Dwelling1
VR_6992,B.C.,1.2,0.8,0.2,0.0,0.7,2021,centre35,Zone242,Neighbourhood781,Dwelling2
VR_6993,B.C.,0.0,0.0,0.0,0.0,0.0,2021,centre35,Zone242,Neighbourhood782,Dwelling1
VR_6994,B.C.,0.0,0.2,1.1,0.0,0.5,2021,centre35,Zone242,Neighbourhood782,Dwelling2
VR_6995,B.C.,0.0,0.0,0.0,0.0,0.0,2021,centre35,Zone243,Neighbourhood783,Dwelling1
VR_6996,B.C.,1.2,0.4,0.6,0.0,0.5,2021,centre35,Zone243,Neighbourhood783,Dwelling2
VR_6997,B.C.,0.0,0.0,0.0,0.0,0.0,2021,centre35,Zone243,Neighbourhood784,Dwelling1
VR_6998,B.C.,0.0,0.0,0.0,0.0,0.0,2021,centre35,Zone243,Neighbourhood784,Dwelling2
VR_6999,B.C.,0.0,0.0,0.0,0.0,0.0,2021,centre35,Zone244,Neighbourhood664,Dwelling1
VR_7000,B.C.,1.0,1.1,0.9,0.0,1.1,2021,centre35,Zone244,Neighbourhood664,Dwelling2
VR_7001,B.C.,0.0,0.0,0.0,0.0,0.0,2021,centre35,Zone244,Neighbourhood785,Dwelling1
VR_7002,B.C.,0.0,0.0,0.0,0.0,0.0,2021,centre35,Zone244,Neighbourhood785,Dwelling2
VR_7003,B.C.,0.0,0.0,0.0,0.0,0.0,2021,centre35,Zone244,Neighbourhood786,Dwelling1
VR_7004,B.C.,0.0,0.0,0.6,0.0,0.6,2021,centre35,Zone244,Neighbourhood786,Dwelling2
VR_7005,B.C.,0.0,0.0,0.0,0.0,0.0,2021,centre35,Zone244,Neighbourhood787,Dwelling1
VR_7006,B.C.,0.0,0.0,0.0,0.0,0.4,2021,centre35,Zone244,Neighbourhood787,Dwelling2
VR_7007,B.C.,0.0,0.0,0.0,0.0,0.0,2021,centre35,Zone245,Neighbourhood788,Dwelling1
VR_7008,B.C.,0.4,0.0,0.0,0.0,0.2,2021,centre35,Zone245,Neighbourhood788,Dwelling2
VR_7009,B.C.,0.0,0.0,0.0,0.0,0.0,2021,centre35,Zone245,Neighbourhood789,Dwelling1
VR_7010,B.C.,0.9,1.0,0.7,0.0,0.9,2021,centre35,Zone245,Neighbourhood789,Dwelling2
VR_7011,B.C.,0.0,0.0,0.0,0.0,0.0,2021,centre35,Zone246,Neighbourhood790,Dwelling1
VR_7012,B.C.,0.0,0.0,0.0,0.0,1.0,2021,centre35,Zone246,Neighbourhood790,Dwelling2
VR_7013,B.C.,0.0,0.0,0.0,0.0,0.0,2021,centre35,Zone246,Neighbourhood791,Dwelling1
VR_7014,B.C.,0.0,0.0,0.9,0.8,0.4,2021,centre35,Zone246,Neighbourhood791,Dwelling2
VR_7015,B.C.,0.0,0.0,0.0,0.0,0.0,2021,centre35,Zone246,Neighbourhood792,Dwelling1
VR_7016,B.C.,0.9,0.6,0.2,0.0,0.5,2021,centre35,Zone246,Neighbourhood792,Dwelling2
VR_7017,B.C.,0.0,0.0,0.0,0.0,0.0,2021,centre35,Zone247,Neighbourhood793,Dwelling1
VR_7018,B.C.,0.0,0.0,0.0,0.0,0.0,2021,centre35,Zone247,Neighbourhood793,Dwelling2
VR_7019,B.C.,0.0,0.0,0.0,0.0,0.0,2021,centre35,Zone248,Neighbourhood794,Dwelling1
VR_7020,B.C.,1.2,1.6,1.3,3.5,1.5,2021,centre35,Zone248,Neighbourhood794,Dwelling2
VR_7021,B.C.,0.0,0.0,0.0,0.0,0.0,2021,centre35,Zone248,Neighbourhood795,Dwelling1
VR_7022,B.C.,2.9,1.1,1.3,0.0,1.2,2021,centre35,Zone248,Neighbourhood795,Dwelling2
VR_7023,B.C.,0.0,0.0,0.0,0.0,0.0,2021,centre35,Zone249,Neighbourhood796,Dwelling1
VR_7024,B.C.,0.0,0.0,0.0,0.0,0.0,2021,centre35,Zone249,Neighbourhood796,Dwelling2
VR_7025,B.C.,0.0,0.0,0.0,0.0,0.0,2021,centre35,Zone249,Neighbourhood797,Dwelling1
VR_7026,B.C.,0.0,0.0,0.0,0.0,1.0,2021,centre35,Zone249,Neighbourhood797,Dwelling2
VR_7027,B.C.,0.0,0.0,0.0,0.0,0.0,2021,centre35,Zone249,Neighbourhood798,Dwelling1
VR_7028,B.C.,4.1,0.7,0.7,0.0,0.9,2021,centre35,Zone249,Neighbourhood798,Dwelling2
VR_7029,B.C.,0.0,0.0,0.0,0.0,0.0,2021,centre35,Zone250,Neighbourhood799,Dwelling1
VR_7030,B.C.,0.0,2.9,4.4,0.0,3.0,2021,centre35,Zone250,Neighbourhood799,Dwelling2
VR_7031,B.C.,0.0,0.0,0.0,0.0,0.0,2021,centre35,Zone250,Neighbourhood800,Dwelling1
VR_7032,B.C.,2.8,0.0,0.0,0.0,0.0,2021,centre35,Zone250,Neighbourhood800,Dwelling2
VR_7033,B.C.,0.0,0.0,0.0,2.9,2.4,2021,centre35,Zone250,Neighbourhood801,Dwelling1
VR_7034,B.C.,3.6,2.3,1.9,6.4,2.7,2021,centre35,Zone250,Neighbourhood801,Dwelling2
VR_7035,B.C.,0.0,0.0,0.0,0.0,0.0,2021,centre35,Zone251,Neighbourhood802,Dwelling1
VR_7036,B.C.,0.0,1.3,1.1,0.0,1.3,2021,centre35,Zone251,Neighbourhood802,Dwelling2
VR_7037,B.C.,0.0,0.0,0.0,0.0,0.0,2021,centre35,Zone251,Neighbourhood252,Dwelling1
VR_7038,B.C.,0.0,1.5,1.8,0.0,1.5,2021,centre35,Zone251,Neighbourhood252,Dwelling2
VR_7039,B.C.,0.0,0.0,0.0,0.0,0.0,2021,centre35,Zone251,Neighbourhood45,Dwelling1
VR_7040,B.C.,0.0,0.8,0.7,0.0,0.9,2021,centre35,Zone251,Neighbourhood45,Dwelling2
VR_7041,B.C.,0.0,0.0,0.0,0.0,0.0,2021,centre35,Zone251,Neighbourhood803,Dwelling1
VR_7042,B.C.,0.0,0.6,0.6,0.0,0.6,2021,centre35,Zone251,Neighbourhood803,Dwelling2
VR_7043,B.C.,0.0,0.0,0.0,0.0,0.0,2021,centre35,Zone252,Neighbourhood804,Dwelling1
VR_7044,B.C.,0.4,0.6,0.5,0.0,0.6,2021,centre35,Zone252,Neighbourhood804,Dwelling2
VR_7045,B.C.,0.0,0.0,0.0,0.0,0.0,2021,centre35,Zone252,Neighbourhood805,Dwelling1
VR_7046,B.C.,2.1,0.6,0.3,0.0,0.6,2021,centre35,Zone252,Neighbourhood805,Dwelling2
VR_7047,B.C.,0.0,0.0,0.0,0.0,0.0,2021,centre35,Zone252,Neighbourhood806,Dwelling1
VR_7048,B.C.,1.3,1.5,1.6,0.0,1.5,2021,centre35,Zone252,Neighbourhood806,Dwelling2
VR_7049,B.C.,0.0,0.0,0.0,0.0,0.0,2021,centre35,Zone252,Neighbourhood807,Dwelling1
VR_7050,B.C.,1.4,1.1,1.2,0.0,1.2,2021,centre35,Zone252,Neighbourhood807,Dwelling2
VR_7051,B.C.,0.0,0.0,0.0,0.0,0.0,2021,centre35,Zone253,Neighbourhood808,Dwelling1
VR_7052,B.C.,0.0,1.3,3.0,3.4,2.6,2021,centre35,Zone253,Neighbourhood808,Dwelling2
VR_7053,B.C.,0.0,0.0,1.5,2.3,1.9,2021,centre35,Zone253,Neighbourhood809,Dwelling1
VR_7054,B.C.,0.0,0.0,0.3,0.0,0.1,2021,centre35,Zone253,Neighbourhood809,Dwelling2
VR_7055,B.C.,0.0,0.0,0.0,0.0,0.0,2021,centre35,Zone254,Neighbourhood810,Dwelling1
VR_7056,B.C.,0.0,0.3,0.5,0.0,0.4,2021,centre35,Zone254,Neighbourhood810,Dwelling2
VR_7057,B.C.,0.0,0.0,0.0,0.0,0.0,2021,centre35,Zone254,Neighbourhood811,Dwelling1
VR_7058,B.C.,4.7,0.7,0.8,11.0,1.6,2021,centre35,Zone254,Neighbourhood811,Dwelling2
VR_7059,B.C.,0.0,0.0,0.0,0.0,0.0,2021,centre35,Zone255,Neighbourhood812,Dwelling1
VR_7060,B.C.,0.8,1.9,0.9,0.0,1.3,2021,centre35,Zone255,Neighbourhood812,Dwelling2
VR_7061,B.C.,0.0,0.0,0.0,0.0,0.0,2021,centre35,Zone255,Neighbourhood813,Dwelling1
VR_7062,B.C.,0.0,0.0,0.0,0.0,0.0,2021,centre35,Zone255,Neighbourhood813,Dwelling2
VR_7063,B.C.,0.0,0.0,0.0,0.0,0.0,2021,centre35,Zone255,Neighbourhood814,Dwelling1
VR_7064,B.C.,0.0,0.4,0.0,0.0,0.2,2021,centre35,Zone255,Neighbourhood814,Dwelling2
VR_7065,B.C.,0.0,0.0,0.0,0.0,0.0,2021,centre35,Zone255,Neighbourhood815,Dwelling1
VR_7066,B.C.,3.1,0.4,1.6,0.0,1.3,2021,centre35,Zone255,Neighbourhood815,Dwelling2
VR_7067,B.C.,0.0,0.0,0.0,0.0,0.0,2021,centre35,Zone255,Neighbourhood816,Dwelling1
VR_7068,B.C.,0.0,0.0,0.0,0.0,0.0,2021,centre35,Zone255,Neighbourhood816,Dwelling2
VR_7069,B.C.,0.0,0.0,0.0,0.0,0.0,2021,centre35,Zone256,Neighbourhood817,Dwelling1
VR_7070,B.C.,0.0,0.7,1.9,0.0,1.2,2021,centre35,Zone256,Neighbourhood817,Dwelling2
VR_7071,B.C.,0.0,0.0,0.0,0.0,0.0,2021,centre35,Zone256,Neighbourhood818,Dwelling1
VR_7072,B.C.,0.0,1.8,1.6,0.0,1.6,2021,centre35,Zone256,Neighbourhood818,Dwelling2
VR_7073,B.C.,0.0,0.0,0.0,0.0,0.0,2021,centre35,Zone256,Neighbourhood819,Dwelling1
VR_7074,B.C.,0.0,0.0,2.3,0.0,1.4,2021,centre35,Zone256,Neighbourhood819,Dwelling2
VR_7075,B.C.,0.0,0.0,0.0,0.0,0.0,2021,centre35,Zone257,Neighbourhood820,Dwelling1
VR_7076,B.C.,0.0,0.7,0.3,0.0,0.6,2021,centre35,Zone257,Neighbourhood820,Dwelling2
VR_7077,B.C.,0.0,0.0,0.0,0.0,0.0,2021,centre35,Zone257,Neighbourhood821,Dwelling1
VR_7078,B.C.,0.0,1.2,1.3,1.6,1.3,2021,centre35,Zone257,Neighbourhood821,Dwelling2
VR_7079,B.C.,0.0,0.0,0.0,0.0,0.0,2021,centre35,Zone257,Neighbourhood822,Dwelling1
VR_7080,B.C.,0.0,0.1,0.4,0.0,0.2,2021,centre35,Zone257,Neighbourhood822,Dwelling2
VR_7081,B.C.,0.0,0.0,0.0,0.0,0.0,2021,centre35,Zone257,Neighbourhood823,Dwelling1
VR_7082,B.C.,0.0,0.0,0.0,0.0,0.4,2021,centre35,Zone257,Neighbourhood823,Dwelling2
VR_7083,B.C.,0.0,0.0,0.0,0.0,0.0,2021,centre35,Zone257,Neighbourhood824,Dwelling1
VR_7084,B.C.,0.0,0.0,0.0,0.0,0.0,2021,centre35,Zone257,Neighbourhood824,Dwelling2
VR_7085,B.C.,0.0,0.0,0.0,0.0,0.0,2021,centre35,Zone257,Neighbourhood825,Dwelling1
VR_7086,B.C.,0.0,2.2,0.8,0.0,1.3,2021,centre35,Zone257,Neighbourhood825,Dwelling2
VR_7087,B.C.,0.0,0.0,0.0,0.0,0.0,2021,centre35,Zone258,Neighbourhood826,Dwelling1
VR_7088,B.C.,0.0,0.6,1.3,0.0,0.7,2021,centre35,Zone258,Neighbourhood826,Dwelling2
VR_7089,B.C.,0.0,0.0,2.1,0.7,1.1,2021,centre35,Zone259,Neighbourhood827,Dwelling1
VR_7090,B.C.,1.2,1.8,1.3,0.0,1.5,2021,centre35,Zone259,Neighbourhood827,Dwelling2
VR_7091,B.C.,0.0,0.0,0.0,0.0,0.0,2021,centre35,Zone259,Neighbourhood828,Dwelling1
VR_7092,B.C.,0.0,1.3,0.2,0.0,0.8,2021,centre35,Zone259,Neighbourhood828,Dwelling2
VR_7093,B.C.,0.0,0.0,0.0,0.0,0.0,2021,centre35,Zone260,Neighbourhood829,Dwelling1
VR_7094,B.C.,1.9,2.4,2.0,0.0,2.1,2021,centre35,Zone260,Neighbourhood829,Dwelling2
VR_7095,B.C.,0.0,0.0,0.0,0.0,0.0,2021,centre35,Zone260,Neighbourhood830,Dwelling1
VR_7096,B.C.,0.0,0.0,0.8,0.0,0.3,2021,centre35,Zone260,Neighbourhood830,Dwelling2
VR_7097,B.C.,0.0,0.0,0.0,0.0,0.0,2021,centre35,Zone260,Neighbourhood831,Dwelling1
VR_7098,B.C.,0.0,4.6,3.7,0.0,3.8,2021,centre35,Zone260,Neighbourhood831,Dwelling2
VR_7099,B.C.,0.0,0.0,0.0,0.0,0.0,2021,centre35,Zone260,Neighbourhood832,Dwelling1
VR_7100,B.C.,0.0,0.0,3.3,0.0,5.9,2021,centre35,Zone260,Neighbourhood832,Dwelling2
VR_7101,B.C.,0.0,0.0,0.0,0.0,0.0,2021,centre35,Zone260,Neighbourhood833,Dwelling1
VR_7102,B.C.,0.0,0.0,0.0,0.0,0.0,2021,centre35,Zone260,Neighbourhood833,Dwelling2
VR_7103,B.C.,0.0,0.0,0.0,0.0,0.0,2021,centre35,Zone261,Neighbourhood834,Dwelling1
VR_7104,B.C.,0.0,0.0,0.0,0.0,0.0,2021,centre35,Zone261,Neighbourhood834,Dwelling2
VR_7105,B.C.,0.0,0.0,0.0,0.0,0.0,2021,centre35,Zone261,Neighbourhood835,Dwelling1
VR_7106,B.C.,0.0,6.6,4.6,7.2,5.8,2021,centre35,Zone261,Neighbourhood835,Dwelling2
VR_7107,B.C.,0.0,0.0,0.0,0.0,0.0,2021,centre36,Zone262,Neighbourhood836,Dwelling1
VR_7108,B.C.,0.0,0.5,0.0,0.0,0.3,2021,centre36,Zone262,Neighbourhood836,Dwelling2
VR_7109,B.C.,0.0,0.0,0.0,0.0,0.0,2021,centre36,Zone262,Neighbourhood837,Dwelling1
VR_7110,B.C.,1.4,1.4,0.9,0.0,1.2,2021,centre36,Zone262,Neighbourhood837,Dwelling2
VR_7111,B.C.,0.0,0.0,0.0,0.0,0.0,2021,centre36,Zone263,Neighbourhood838,Dwelling1
VR_7112,B.C.,0.0,0.0,0.0,0.0,0.0,2021,centre36,Zone263,Neighbourhood838,Dwelling2
VR_7113,B.C.,0.0,0.0,0.0,0.0,0.0,2021,centre36,Zone263,Neighbourhood839,Dwelling1
VR_7114,B.C.,0.0,1.3,0.0,0.0,0.7,2021,centre36,Zone263,Neighbourhood839,Dwelling2
VR_7115,B.C.,0.0,0.0,0.0,0.0,0.0,2021,centre36,Zone263,Neighbourhood840,Dwelling1
VR_7116,B.C.,0.0,0.0,0.0,0.0,0.0,2021,centre36,Zone263,Neighbourhood840,Dwelling2
VR_7117,B.C.,0.0,0.0,0.0,0.0,0.0,2021,centre36,Zone263,Neighbourhood841,Dwelling1
VR_7118,B.C.,0.0,0.5,0.6,0.0,0.5,2021,centre36,Zone263,Neighbourhood841,Dwelling2
VR_7119,B.C.,0.0,0.0,0.0,0.0,0.0,2021,centre36,Zone263,Neighbourhood842,Dwelling1
VR_7120,B.C.,2.4,0.5,0.2,0.0,0.6,2021,centre36,Zone263,Neighbourhood842,Dwelling2
VR_7121,B.C.,0.0,0.0,0.0,0.0,0.0,2021,centre36,Zone264,Neighbourhood843,Dwelling1
VR_7122,B.C.,0.0,0.8,0.6,0.0,0.7,2021,centre36,Zone264,Neighbourhood843,Dwelling2
VR_7123,B.C.,0.0,0.0,0.0,0.0,0.0,2021,centre36,Zone264,Neighbourhood844,Dwelling1
VR_7124,B.C.,0.9,3.2,2.2,18.4,2.5,2021,centre36,Zone264,Neighbourhood844,Dwelling2
VR_7125,B.C.,0.0,0.0,0.0,0.0,0.0,2021,centre36,Zone265,Neighbourhood252,Dwelling1
VR_7126,B.C.,1.3,1.1,0.2,0.0,1.0,2021,centre36,Zone265,Neighbourhood252,Dwelling2
VR_7127,B.C.,0.0,0.0,0.0,0.0,0.0,2021,centre36,Zone265,Neighbourhood845,Dwelling1
VR_7128,B.C.,0.0,0.9,1.2,0.0,0.9,2021,centre36,Zone265,Neighbourhood845,Dwelling2
VR_7129,B.C.,0.0,0.0,0.0,0.0,0.0,2021,centre36,Zone265,Neighbourhood846,Dwelling1
VR_7130,B.C.,0.0,0.3,0.0,0.0,0.5,2021,centre36,Zone265,Neighbourhood846,Dwelling2
VR_7131,B.C.,0.0,0.0,0.0,0.0,0.0,2021,centre36,Zone265,Neighbourhood847,Dwelling1
VR_7132,B.C.,0.0,0.8,0.6,0.0,0.7,2021,centre36,Zone265,Neighbourhood847,Dwelling2
VR_7133,B.C.,0.0,0.0,0.0,0.0,0.0,2021,centre36,Zone265,Neighbourhood848,Dwelling1
VR_7134,B.C.,1.5,1.0,2.9,0.0,1.6,2021,centre36,Zone265,Neighbourhood848,Dwelling2
VR_7135,B.C.,0.0,0.0,0.0,12.4,9.5,2021,centre36,Zone266,Neighbourhood849,Dwelling1
VR_7136,B.C.,0.0,0.9,0.5,0.0,0.7,2021,centre36,Zone266,Neighbourhood849,Dwelling2
VR_7137,B.C.,0.0,0.0,0.0,0.0,0.0,2021,centre36,Zone266,Neighbourhood850,Dwelling1
VR_7138,B.C.,0.0,1.3,1.7,5.7,1.6,2021,centre36,Zone266,Neighbourhood850,Dwelling2
VR_7139,B.C.,0.0,0.0,0.0,0.0,0.0,2021,centre36,Zone266,Neighbourhood851,Dwelling1
VR_7140,B.C.,0.0,0.0,0.0,0.0,0.0,2021,centre36,Zone266,Neighbourhood851,Dwelling2
VR_7141,B.C.,0.0,0.0,0.0,0.0,0.0,2021,centre36,Zone266,Neighbourhood852,Dwelling1
VR_7142,B.C.,0.0,2.8,1.0,0.0,1.6,2021,centre36,Zone266,Neighbourhood852,Dwelling2
VR_7143,B.C.,0.0,0.0,0.0,0.0,0.0,2021,centre36,Zone267,Neighbourhood853,Dwelling1
VR_7144,B.C.,0.9,1.6,0.6,1.3,1.2,2021,centre36,Zone267,Neighbourhood853,Dwelling2
VR_7145,B.C.,0.0,0.0,0.0,0.0,0.0,2021,centre36,Zone268,Neighbourhood854,Dwelling1
VR_7146,B.C.,0.0,0.0,0.0,0.0,0.3,2021,centre36,Zone268,Neighbourhood854,Dwelling2
VR_7147,B.C.,0.0,0.0,0.0,0.0,0.0,2021,centre36,Zone268,Neighbourhood855,Dwelling1
VR_7148,B.C.,0.9,0.4,0.4,0.8,0.5,2021,centre36,Zone268,Neighbourhood855,Dwelling2
VR_7149,B.C.,0.0,0.0,0.0,0.0,0.0,2021,centre36,Zone268,Neighbourhood856,Dwelling1
VR_7150,B.C.,0.0,0.0,0.0,0.0,0.0,2021,centre36,Zone268,Neighbourhood856,Dwelling2
VR_7151,B.C.,0.0,0.0,0.0,0.0,0.0,2021,centre36,Zone268,Neighbourhood857,Dwelling1
VR_7152,B.C.,0.0,0.0,0.0,0.0,0.0,2021,centre36,Zone268,Neighbourhood857,Dwelling2
VR_7153,B.C.,0.0,0.0,0.0,0.0,0.0,2021,centre36,Zone269,Neighbourhood858,Dwelling1
VR_7154,B.C.,0.0,0.7,0.0,0.0,0.3,2021,centre36,Zone269,Neighbourhood858,Dwelling2
VR_7155,B.C.,0.0,0.0,0.0,0.0,0.0,2021,centre36,Zone269,Neighbourhood859,Dwelling1
VR_7156,B.C.,0.0,0.3,0.4,0.0,0.3,2021,centre36,Zone269,Neighbourhood859,Dwelling2
VR_7157,B.C.,0.0,0.0,0.0,0.0,0.0,2021,centre36,Zone270,Neighbourhood860,Dwelling1
VR_7158,B.C.,0.0,0.0,0.0,0.0,0.0,2021,centre36,Zone270,Neighbourhood860,Dwelling2
VR_7159,B.C.,0.0,0.0,0.0,0.0,0.0,2021,centre36,Zone271,Neighbourhood861,Dwelling1
VR_7160,B.C.,0.0,0.0,1.0,0.0,0.5,2021,centre36,Zone271,Neighbourhood861,Dwelling2
VR_7161,Nfld.Lab.,0.0,0.0,0.0,0.0,0.0,2022,centre1,Zone1,Neighbourhood1,Dwelling1
VR_7162,Nfld.Lab.,4.5,3.6,2.5,0.0,3.2,2022,centre1,Zone1,Neighbourhood1,Dwelling2
VR_7163,Nfld.Lab.,0.0,0.0,0.0,0.0,0.0,2022,centre1,Zone2,Neighbourhood2,Dwelling1
VR_7164,Nfld.Lab.,7.4,2.8,0.9,3.0,2.5,2022,centre1,Zone2,Neighbourhood2,Dwelling2
VR_7165,Nfld.Lab.,0.0,0.0,0.0,0.0,0.0,2022,centre1,Zone3,Neighbourhood3,Dwelling1
VR_7166,Nfld.Lab.,0.0,3.7,0.0,0.0,2.9,2022,centre1,Zone3,Neighbourhood3,Dwelling2
VR_7167,N.S.,0.0,0.0,0.0,0.0,0.0,2022,centre2,Zone4,Neighbourhood4,Dwelling1
VR_7168,N.S.,1.9,0.9,0.6,0.0,0.8,2022,centre2,Zone4,Neighbourhood4,Dwelling2
VR_7169,N.S.,0.0,0.0,0.0,0.0,0.0,2022,centre2,Zone4,Neighbourhood5,Dwelling1
VR_7170,N.S.,0.6,0.4,0.5,0.0,0.5,2022,centre2,Zone4,Neighbourhood5,Dwelling2
VR_7171,N.S.,0.0,0.0,0.0,0.0,0.0,2022,centre2,Zone4,Neighbourhood6,Dwelling1
VR_7172,N.S.,0.0,0.0,0.0,0.0,0.0,2022,centre2,Zone4,Neighbourhood6,Dwelling2
VR_7173,N.S.,0.0,0.0,0.0,0.0,0.0,2022,centre2,Zone5,Neighbourhood7,Dwelling1
VR_7174,N.S.,0.0,1.0,1.2,0.0,1.3,2022,centre2,Zone5,Neighbourhood7,Dwelling2
VR_7175,N.S.,0.0,0.0,0.0,0.0,0.0,2022,centre2,Zone5,Neighbourhood8,Dwelling1
VR_7176,N.S.,0.0,0.9,0.8,0.0,1.0,2022,centre2,Zone5,Neighbourhood8,Dwelling2
VR_7177,N.S.,0.0,0.0,0.0,0.0,0.0,2022,centre2,Zone6,Neighbourhood9,Dwelling1
VR_7178,N.S.,0.0,0.0,0.9,0.0,0.7,2022,centre2,Zone6,Neighbourhood9,Dwelling2
VR_7179,N.S.,0.0,0.0,0.0,0.0,0.0,2022,centre2,Zone6,Neighbourhood10,Dwelling1
VR_7180,N.S.,0.0,1.1,0.3,0.0,0.6,2022,centre2,Zone6,Neighbourhood10,Dwelling2
VR_7181,N.S.,0.0,0.0,0.0,0.0,0.0,2022,centre2,Zone7,Neighbourhood11,Dwelling1
VR_7182,N.S.,0.0,0.0,0.0,0.0,0.0,2022,centre2,Zone7,Neighbourhood11,Dwelling2
VR_7183,N.S.,0.0,0.0,0.0,0.0,0.0,2022,centre2,Zone7,Neighbourhood12,Dwelling1
VR_7184,N.S.,0.0,1.1,0.9,0.0,0.9,2022,centre2,Zone7,Neighbourhood12,Dwelling2
VR_7185,N.S.,0.0,0.0,0.0,0.8,1.2,2022,centre2,Zone7,Neighbourhood13,Dwelling1
VR_7186,N.S.,0.7,1.1,0.9,0.3,0.9,2022,centre2,Zone7,Neighbourhood13,Dwelling2
VR_7187,N.S.,0.0,0.0,0.0,0.0,0.0,2022,centre2,Zone7,Neighbourhood14,Dwelling1
VR_7188,N.S.,0.0,0.8,0.7,0.7,0.7,2022,centre2,Zone7,Neighbourhood14,Dwelling2
VR_7189,N.S.,0.0,0.0,0.0,0.0,0.0,2022,centre2,Zone8,Neighbourhood15,Dwelling1
VR_7190,N.S.,0.0,0.5,0.0,0.0,0.0,2022,centre2,Zone8,Neighbourhood15,Dwelling2
VR_7191,N.S.,0.0,0.0,0.0,0.0,0.0,2022,centre2,Zone8,Neighbourhood16,Dwelling1
VR_7192,N.S.,0.0,0.7,0.0,0.0,0.8,2022,centre2,Zone8,Neighbourhood16,Dwelling2
VR_7193,N.S.,0.0,0.0,0.0,0.0,0.0,2022,centre2,Zone8,Neighbourhood17,Dwelling1
VR_7194,N.S.,0.0,2.6,2.3,0.0,2.5,2022,centre2,Zone8,Neighbourhood17,Dwelling2
VR_7195,N.S.,0.0,0.0,0.0,0.0,0.0,2022,centre2,Zone9,Neighbourhood18,Dwelling1
VR_7196,N.S.,0.0,0.0,0.7,0.0,1.3,2022,centre2,Zone9,Neighbourhood18,Dwelling2
VR_7197,N.S.,0.0,0.0,0.0,0.0,0.0,2022,centre2,Zone9,Neighbourhood19,Dwelling1
VR_7198,N.S.,0.0,0.0,0.4,0.0,0.3,2022,centre2,Zone9,Neighbourhood19,Dwelling2
VR_7199,N.S.,0.0,0.0,0.0,0.0,0.0,2022,centre2,Zone10,Neighbourhood20,Dwelling1
VR_7200,N.S.,0.0,1.0,0.0,0.0,1.0,2022,centre2,Zone10,Neighbourhood20,Dwelling2
VR_7201,N.S.,0.0,0.0,0.0,0.0,0.0,2022,centre2,Zone10,Neighbourhood21,Dwelling1
VR_7202,N.S.,0.0,0.0,1.3,0.0,2.2,2022,centre2,Zone10,Neighbourhood21,Dwelling2
VR_7203,N.S.,0.0,0.0,0.0,0.0,0.0,2022,centre2,Zone10,Neighbourhood22,Dwelling1
VR_7204,N.S.,0.0,0.0,2.3,0.0,2.6,2022,centre2,Zone10,Neighbourhood22,Dwelling2
VR_7205,N.S.,0.0,0.0,0.0,0.0,0.0,2022,centre2,Zone11,Neighbourhood23,Dwelling1
VR_7206,N.S.,0.0,0.0,0.5,2.2,0.9,2022,centre2,Zone11,Neighbourhood23,Dwelling2
VR_7207,N.S.,0.0,0.0,0.0,0.0,0.0,2022,centre2,Zone12,Neighbourhood24,Dwelling1
VR_7208,N.S.,0.0,0.0,1.4,0.0,1.2,2022,centre2,Zone12,Neighbourhood24,Dwelling2
VR_7209,N.S.,0.0,0.0,0.0,0.0,0.0,2022,centre2,Zone3,Neighbourhood25,Dwelling1
VR_7210,N.S.,0.0,0.0,0.0,0.0,0.0,2022,centre2,Zone3,Neighbourhood25,Dwelling2
VR_7211,N.S.,0.0,0.0,0.0,0.0,0.0,2022,centre2,Zone3,Neighbourhood26,Dwelling1
VR_7212,N.S.,0.0,0.0,0.1,0.0,0.1,2022,centre2,Zone3,Neighbourhood26,Dwelling2
VR_7213,N.S.,0.0,0.0,0.0,0.0,0.0,2022,centre2,Zone3,Neighbourhood27,Dwelling1
VR_7214,N.S.,0.0,0.0,0.0,0.0,0.0,2022,centre2,Zone3,Neighbourhood27,Dwelling2
VR_7215,N.S.,0.0,0.0,0.0,0.0,0.0,2022,centre2,Zone3,Neighbourhood28,Dwelling1
VR_7216,N.S.,0.0,0.0,0.0,0.0,0.0,2022,centre2,Zone3,Neighbourhood28,Dwelling2
VR_7217,N.S.,0.0,0.0,0.0,0.0,0.0,2022,centre2,Zone3,Neighbourhood29,Dwelling1
VR_7218,N.S.,0.0,0.0,0.0,0.0,0.0,2022,centre2,Zone3,Neighbourhood29,Dwelling2
VR_7219,N.B.,0.0,0.0,0.0,0.0,0.0,2022,centre3,Zone13,Neighbourhood30,Dwelling1
VR_7220,N.B.,0.0,0.0,1.0,0.0,2.0,2022,centre3,Zone13,Neighbourhood30,Dwelling2
VR_7221,N.B.,0.0,0.0,0.0,0.0,0.0,2022,centre3,Zone13,Neighbourhood31,Dwelling1
VR_7222,N.B.,0.0,0.4,0.0,0.0,0.0,2022,centre3,Zone13,Neighbourhood31,Dwelling2
VR_7223,N.B.,0.0,0.0,0.0,0.0,0.0,2022,centre3,Zone14,Neighbourhood32,Dwelling1
VR_7224,N.B.,0.0,0.0,1.6,0.0,1.5,2022,centre3,Zone14,Neighbourhood32,Dwelling2
VR_7225,N.B.,0.0,0.0,0.0,0.0,0.0,2022,centre3,Zone15,Neighbourhood33,Dwelling1
VR_7226,N.B.,0.0,0.0,0.7,0.0,0.6,2022,centre3,Zone15,Neighbourhood33,Dwelling2
VR_7227,N.B.,0.0,0.0,0.0,0.0,0.0,2022,centre3,Zone15,Neighbourhood34,Dwelling1
VR_7228,N.B.,0.0,0.0,0.0,0.0,0.6,2022,centre3,Zone15,Neighbourhood34,Dwelling2
VR_7229,N.B.,0.0,0.0,0.0,0.0,0.0,2022,centre3,Zone15,Neighbourhood35,Dwelling1
VR_7230,N.B.,0.0,0.0,1.7,0.0,1.8,2022,centre3,Zone15,Neighbourhood35,Dwelling2
VR_7231,N.B.,0.0,0.0,0.0,0.0,0.0,2022,centre3,Zone15,Neighbourhood36,Dwelling1
VR_7232,N.B.,0.0,0.0,0.0,0.0,0.0,2022,centre3,Zone15,Neighbourhood36,Dwelling2
VR_7233,N.B.,0.0,0.0,0.0,0.0,0.0,2022,centre3,Zone16,Neighbourhood37,Dwelling1
VR_7234,N.B.,0.0,3.5,2.7,0.0,2.7,2022,centre3,Zone16,Neighbourhood37,Dwelling2
VR_7235,N.B.,0.0,0.0,0.0,0.0,0.0,2022,centre3,Zone16,Neighbourhood38,Dwelling1
VR_7236,N.B.,0.0,0.0,0.0,0.0,0.0,2022,centre3,Zone16,Neighbourhood38,Dwelling2
VR_7237,N.B.,0.0,0.0,0.0,0.0,0.0,2022,centre3,Zone17,Neighbourhood39,Dwelling1
VR_7238,N.B.,0.0,0.0,0.3,0.0,0.2,2022,centre3,Zone17,Neighbourhood39,Dwelling2
VR_7239,N.B.,0.0,0.0,0.0,0.0,0.0,2022,centre3,Zone18,Neighbourhood40,Dwelling1
VR_7240,N.B.,0.0,0.9,2.0,5.2,1.9,2022,centre3,Zone18,Neighbourhood40,Dwelling2
VR_7241,N.B.,0.0,0.0,0.0,0.0,0.0,2022,centre3,Zone18,Neighbourhood41,Dwelling1
VR_7242,N.B.,0.0,0.0,0.0,0.0,0.0,2022,centre3,Zone18,Neighbourhood41,Dwelling2
VR_7243,N.B.,0.0,0.0,0.0,0.0,0.0,2022,centre3,Zone18,Neighbourhood42,Dwelling1
VR_7244,N.B.,0.0,0.0,0.6,0.0,0.5,2022,centre3,Zone18,Neighbourhood42,Dwelling2
VR_7245,N.B.,0.0,0.0,0.0,0.0,0.0,2022,centre3,Zone3,Neighbourhood43,Dwelling1
VR_7246,N.B.,0.0,0.0,0.0,0.0,0.0,2022,centre3,Zone3,Neighbourhood43,Dwelling2
VR_7247,N.B.,0.0,0.0,0.0,0.0,0.0,2022,centre3,Zone3,Neighbourhood44,Dwelling1
VR_7248,N.B.,0.0,0.0,0.0,0.0,0.0,2022,centre3,Zone3,Neighbourhood44,Dwelling2
VR_7249,N.B.,0.0,0.0,0.0,0.0,0.0,2022,centre4,Zone19,Neighbourhood5,Dwelling1
VR_7250,N.B.,0.0,0.0,0.0,0.0,0.0,2022,centre4,Zone19,Neighbourhood5,Dwelling2
VR_7251,N.B.,0.0,0.0,0.0,0.0,0.0,2022,centre4,Zone19,Neighbourhood45,Dwelling1
VR_7252,N.B.,0.0,0.0,0.0,0.0,0.0,2022,centre4,Zone19,Neighbourhood45,Dwelling2
VR_7253,N.B.,0.0,0.0,0.0,0.0,0.0,2022,centre4,Zone20,Neighbourhood46,Dwelling1
VR_7254,N.B.,0.0,0.0,0.0,0.0,1.1,2022,centre4,Zone20,Neighbourhood46,Dwelling2
VR_7255,N.B.,0.0,0.0,0.0,0.0,0.0,2022,centre4,Zone21,Neighbourhood47,Dwelling1
VR_7256,N.B.,0.0,0.0,0.0,0.0,0.0,2022,centre4,Zone21,Neighbourhood47,Dwelling2
VR_7257,N.B.,0.0,0.0,0.0,0.0,0.0,2022,centre4,Zone21,Neighbourhood8,Dwelling1
VR_7258,N.B.,0.0,0.0,0.0,0.0,0.0,2022,centre4,Zone21,Neighbourhood8,Dwelling2
VR_7259,N.B.,0.0,0.0,0.0,0.0,0.0,2022,centre4,Zone21,Neighbourhood48,Dwelling1
VR_7260,N.B.,0.0,0.0,0.0,0.0,0.0,2022,centre4,Zone21,Neighbourhood48,Dwelling2
VR_7261,N.B.,0.0,0.0,0.0,0.0,0.0,2022,centre4,Zone22,Neighbourhood49,Dwelling1
VR_7262,N.B.,0.0,4.7,0.3,3.7,2.1,2022,centre4,Zone22,Neighbourhood49,Dwelling2
VR_7263,N.B.,0.0,0.0,0.0,0.0,0.0,2022,centre4,Zone23,Neighbourhood50,Dwelling1
VR_7264,N.B.,0.0,0.0,0.4,0.0,0.4,2022,centre4,Zone23,Neighbourhood50,Dwelling2
VR_7265,N.B.,0.0,0.0,0.0,0.0,0.0,2022,centre4,Zone23,Neighbourhood51,Dwelling1
VR_7266,N.B.,0.0,0.0,0.0,0.0,0.0,2022,centre4,Zone23,Neighbourhood51,Dwelling2
VR_7267,N.B.,0.0,0.0,0.0,0.0,0.0,2022,centre4,Zone23,Neighbourhood52,Dwelling1
VR_7268,N.B.,0.0,0.0,0.0,0.0,0.0,2022,centre4,Zone23,Neighbourhood52,Dwelling2
VR_7269,N.B.,0.0,0.0,0.0,0.0,0.0,2022,centre4,Zone23,Neighbourhood53,Dwelling1
VR_7270,N.B.,0.0,0.0,0.0,0.0,0.0,2022,centre4,Zone23,Neighbourhood53,Dwelling2
VR_7271,Que,0.0,0.0,0.0,0.0,0.0,2022,centre5,Zone24,Neighbourhood54,Dwelling1
VR_7272,Que,0.0,0.0,0.0,0.0,0.0,2022,centre5,Zone24,Neighbourhood54,Dwelling2
VR_7273,Que,0.0,0.0,0.0,0.0,0.0,2022,centre5,Zone24,Neighbourhood55,Dwelling1
VR_7274,Que,0.0,0.0,0.0,0.0,0.0,2022,centre5,Zone24,Neighbourhood55,Dwelling2
VR_7275,Que,0.0,0.0,0.0,0.0,0.0,2022,centre5,Zone25,Neighbourhood56,Dwelling1
VR_7276,Que,0.0,0.7,0.0,0.0,0.0,2022,centre5,Zone25,Neighbourhood56,Dwelling2
VR_7277,Que,0.0,0.0,0.0,0.0,0.0,2022,centre5,Zone25,Neighbourhood57,Dwelling1
VR_7278,Que,0.0,0.3,0.0,0.3,0.1,2022,centre5,Zone25,Neighbourhood57,Dwelling2
VR_7279,Que,0.0,0.0,0.0,0.0,0.0,2022,centre5,Zone26,Neighbourhood58,Dwelling1
VR_7280,Que,0.0,0.0,0.0,0.0,0.0,2022,centre5,Zone26,Neighbourhood58,Dwelling2
VR_7281,Que,0.0,0.0,0.0,0.0,0.0,2022,centre5,Zone26,Neighbourhood59,Dwelling1
VR_7282,Que,0.0,0.0,0.0,0.0,0.0,2022,centre5,Zone26,Neighbourhood59,Dwelling2
VR_7283,Que,0.0,0.0,0.0,0.0,0.0,2022,centre5,Zone26,Neighbourhood60,Dwelling1
VR_7284,Que,0.0,0.0,0.0,0.0,0.0,2022,centre5,Zone26,Neighbourhood60,Dwelling2
VR_7285,Que,0.0,0.0,0.0,0.0,0.0,2022,centre5,Zone27,Neighbourhood61,Dwelling1
VR_7286,Que,0.0,0.0,0.7,0.0,0.4,2022,centre5,Zone27,Neighbourhood61,Dwelling2
VR_7287,Que,0.0,0.0,0.0,0.0,0.0,2022,centre6,Zone28,Neighbourhood62,Dwelling1
VR_7288,Que,4.0,5.6,5.9,5.9,5.2,2022,centre6,Zone28,Neighbourhood62,Dwelling2
VR_7289,Que,0.0,0.0,0.0,0.0,0.0,2022,centre6,Zone28,Neighbourhood63,Dwelling1
VR_7290,Que,0.2,0.1,0.2,0.4,0.2,2022,centre6,Zone28,Neighbourhood63,Dwelling2
VR_7291,Que,0.0,0.0,0.0,0.0,0.0,2022,centre6,Zone29,Neighbourhood64,Dwelling1
VR_7292,Que,0.5,0.0,0.0,0.0,0.8,2022,centre6,Zone29,Neighbourhood64,Dwelling2
VR_7293,Que,0.0,0.0,0.0,0.0,0.0,2022,centre6,Zone29,Neighbourhood65,Dwelling1
VR_7294,Que,0.0,0.0,0.0,0.0,0.0,2022,centre6,Zone29,Neighbourhood65,Dwelling2
VR_7295,Que,0.0,0.0,0.0,0.0,0.0,2022,centre6,Zone30,Neighbourhood66,Dwelling1
VR_7296,Que,0.0,1.2,0.0,0.3,0.0,2022,centre6,Zone30,Neighbourhood66,Dwelling2
VR_7297,Que,0.0,0.0,0.0,0.0,0.0,2022,centre6,Zone31,Neighbourhood67,Dwelling1
VR_7298,Que,0.0,0.0,0.0,0.0,5.6,2022,centre6,Zone31,Neighbourhood67,Dwelling2
VR_7299,Que,0.0,0.0,0.0,0.0,0.0,2022,centre6,Zone31,Neighbourhood68,Dwelling1
VR_7300,Que,1.9,3.0,1.6,4.2,2.3,2022,centre6,Zone31,Neighbourhood68,Dwelling2
VR_7301,Que,0.0,0.0,0.0,0.0,0.0,2022,centre6,Zone31,Neighbourhood69,Dwelling1
VR_7302,Que,0.0,0.0,0.0,0.0,0.0,2022,centre6,Zone31,Neighbourhood69,Dwelling2
VR_7303,Que,0.0,0.0,0.0,0.0,0.0,2022,centre6,Zone31,Neighbourhood70,Dwelling1
VR_7304,Que,0.0,2.4,3.2,0.0,2.5,2022,centre6,Zone31,Neighbourhood70,Dwelling2
VR_7305,Que,0.0,0.0,0.0,0.0,0.0,2022,centre6,Zone32,Neighbourhood71,Dwelling1
VR_7306,Que,2.6,2.8,4.1,2.4,3.2,2022,centre6,Zone32,Neighbourhood71,Dwelling2
VR_7307,Que,0.0,0.0,0.0,0.0,0.0,2022,centre6,Zone32,Neighbourhood72,Dwelling1
VR_7308,Que,0.0,0.0,5.8,0.0,3.6,2022,centre6,Zone32,Neighbourhood72,Dwelling2
VR_7309,Que,0.0,0.0,0.0,0.0,0.0,2022,centre6,Zone32,Neighbourhood73,Dwelling1
VR_7310,Que,0.0,2.5,0.0,0.0,0.0,2022,centre6,Zone32,Neighbourhood73,Dwelling2
VR_7311,Que,0.0,0.0,0.0,0.0,0.0,2022,centre6,Zone33,Neighbourhood74,Dwelling1
VR_7312,Que,3.3,1.7,0.7,0.0,1.7,2022,centre6,Zone33,Neighbourhood74,Dwelling2
VR_7313,Que,0.0,0.0,0.0,0.0,0.0,2022,centre6,Zone34,Neighbourhood75,Dwelling1
VR_7314,Que,0.0,0.5,0.1,0.0,0.5,2022,centre6,Zone34,Neighbourhood75,Dwelling2
VR_7315,Que,0.0,0.0,0.0,0.0,0.0,2022,centre6,Zone34,Neighbourhood76,Dwelling1
VR_7316,Que,0.0,0.7,0.1,0.0,0.0,2022,centre6,Zone34,Neighbourhood76,Dwelling2
VR_7317,Que,0.0,0.0,0.0,0.0,0.0,2022,centre6,Zone34,Neighbourhood77,Dwelling1
VR_7318,Que,0.0,0.1,0.0,0.0,0.0,2022,centre6,Zone34,Neighbourhood77,Dwelling2
VR_7319,Que,0.0,0.0,0.0,0.0,0.0,2022,centre6,Zone35,Neighbourhood78,Dwelling1
VR_7320,Que,1.7,0.0,0.0,0.0,0.6,2022,centre6,Zone35,Neighbourhood78,Dwelling2
VR_7321,Que,0.0,0.0,0.0,0.0,0.0,2022,centre6,Zone35,Neighbourhood79,Dwelling1
VR_7322,Que,0.0,0.3,0.0,0.0,0.0,2022,centre6,Zone35,Neighbourhood79,Dwelling2
VR_7323,Que,0.0,0.0,0.0,0.0,0.0,2022,centre6,Zone36,Neighbourhood80,Dwelling1
VR_7324,Que,0.5,0.0,0.0,0.0,0.0,2022,centre6,Zone36,Neighbourhood80,Dwelling2
VR_7325,Que,0.0,0.0,0.0,0.0,0.0,2022,centre6,Zone37,Neighbourhood81,Dwelling1
VR_7326,Que,0.0,0.0,0.0,0.0,2.0,2022,centre6,Zone37,Neighbourhood81,Dwelling2
VR_7327,Que,0.0,0.0,0.0,0.0,0.0,2022,centre6,Zone37,Neighbourhood82,Dwelling1
VR_7328,Que,0.0,0.0,0.0,0.0,0.2,2022,centre6,Zone37,Neighbourhood82,Dwelling2
VR_7329,Que,0.0,0.0,0.0,0.0,0.0,2022,centre6,Zone38,Neighbourhood83,Dwelling1
VR_7330,Que,0.3,0.5,0.1,0.1,0.3,2022,centre6,Zone38,Neighbourhood83,Dwelling2
VR_7331,Que,0.0,0.0,0.0,0.0,0.0,2022,centre6,Zone39,Neighbourhood84,Dwelling1
VR_7332,Que,1.3,0.8,0.0,0.3,0.0,2022,centre6,Zone39,Neighbourhood84,Dwelling2
VR_7333,Que,0.0,0.0,0.0,0.0,0.0,2022,centre6,Zone39,Neighbourhood85,Dwelling1
VR_7334,Que,0.0,0.0,0.0,0.3,0.0,2022,centre6,Zone39,Neighbourhood85,Dwelling2
VR_7335,Que,0.0,0.0,0.0,0.0,0.0,2022,centre6,Zone40,Neighbourhood86,Dwelling1
VR_7336,Que,0.0,1.6,1.2,0.0,2.1,2022,centre6,Zone40,Neighbourhood86,Dwelling2
VR_7337,Que,0.0,0.0,0.0,0.0,0.0,2022,centre6,Zone41,Neighbourhood87,Dwelling1
VR_7338,Que,0.0,2.1,0.8,0.0,1.1,2022,centre6,Zone41,Neighbourhood87,Dwelling2
VR_7339,Que,0.0,0.0,0.0,0.0,0.0,2022,centre6,Zone41,Neighbourhood88,Dwelling1
VR_7340,Que,0.0,2.5,2.0,0.0,2.2,2022,centre6,Zone41,Neighbourhood88,Dwelling2
VR_7341,Que,0.0,0.0,0.0,0.0,0.4,2022,centre6,Zone42,Neighbourhood89,Dwelling1
VR_7342,Que,0.0,4.7,3.3,0.0,3.7,2022,centre6,Zone42,Neighbourhood89,Dwelling2
VR_7343,Que,0.0,0.0,0.0,0.0,0.0,2022,centre6,Zone42,Neighbourhood90,Dwelling1
VR_7344,Que,0.0,0.0,0.0,0.0,0.0,2022,centre6,Zone42,Neighbourhood90,Dwelling2
VR_7345,Que,0.0,0.0,0.0,0.0,0.0,2022,centre6,Zone42,Neighbourhood91,Dwelling1
VR_7346,Que,0.0,0.0,0.0,0.0,0.3,2022,centre6,Zone42,Neighbourhood91,Dwelling2
VR_7347,Que,0.0,0.0,0.0,0.0,0.0,2022,centre6,Zone43,Neighbourhood92,Dwelling1
VR_7348,Que,0.0,5.0,2.7,0.0,4.8,2022,centre6,Zone43,Neighbourhood92,Dwelling2
VR_7349,Que,0.0,0.0,0.0,0.0,0.0,2022,centre6,Zone43,Neighbourhood93,Dwelling1
VR_7350,Que,0.0,0.0,3.6,0.0,0.0,2022,centre6,Zone43,Neighbourhood93,Dwelling2
VR_7351,Que,0.0,0.0,0.0,0.0,0.0,2022,centre6,Zone43,Neighbourhood94,Dwelling1
VR_7352,Que,0.0,0.0,0.0,0.0,0.0,2022,centre6,Zone43,Neighbourhood94,Dwelling2
VR_7353,Que,0.0,0.0,0.0,0.0,0.0,2022,centre6,Zone44,Neighbourhood95,Dwelling1
VR_7354,Que,0.0,0.0,0.0,0.0,0.0,2022,centre6,Zone44,Neighbourhood95,Dwelling2
VR_7355,Que,0.0,0.0,0.0,0.0,0.0,2022,centre6,Zone45,Neighbourhood96,Dwelling1
VR_7356,Que,0.0,0.0,0.0,0.0,0.0,2022,centre6,Zone45,Neighbourhood96,Dwelling2
VR_7357,Que,0.0,0.0,0.0,0.0,0.0,2022,centre6,Zone45,Neighbourhood97,Dwelling1
VR_7358,Que,0.0,1.4,0.0,0.0,1.3,2022,centre6,Zone45,Neighbourhood97,Dwelling2
VR_7359,Que,0.0,0.0,0.0,0.0,0.0,2022,centre6,Zone45,Neighbourhood98,Dwelling1
VR_7360,Que,0.0,0.4,0.0,0.6,0.2,2022,centre6,Zone45,Neighbourhood98,Dwelling2
VR_7361,Que,0.0,0.0,0.0,0.0,0.0,2022,centre6,Zone46,Neighbourhood99,Dwelling1
VR_7362,Que,0.0,0.7,0.2,0.0,0.3,2022,centre6,Zone46,Neighbourhood99,Dwelling2
VR_7363,Que,0.0,0.0,0.0,0.0,0.0,2022,centre6,Zone46,Neighbourhood100,Dwelling1
VR_7364,Que,0.0,2.9,3.5,2.7,3.3,2022,centre6,Zone46,Neighbourhood100,Dwelling2
VR_7365,Que,0.0,0.0,0.0,0.0,0.0,2022,centre6,Zone47,Neighbourhood101,Dwelling1
VR_7366,Que,0.0,1.2,0.8,0.6,0.9,2022,centre6,Zone47,Neighbourhood101,Dwelling2
VR_7367,Que,0.0,0.0,0.0,0.0,0.0,2022,centre6,Zone48,Neighbourhood102,Dwelling1
VR_7368,Que,0.9,5.6,0.0,0.0,2.1,2022,centre6,Zone48,Neighbourhood102,Dwelling2
VR_7369,Que,0.0,0.0,0.0,0.0,0.0,2022,centre6,Zone49,Neighbourhood103,Dwelling1
VR_7370,Que,0.0,0.0,0.0,0.0,0.0,2022,centre6,Zone49,Neighbourhood103,Dwelling2
VR_7371,Que,0.0,0.0,0.0,0.0,0.0,2022,centre6,Zone49,Neighbourhood104,Dwelling1
VR_7372,Que,0.0,0.3,1.1,0.0,1.0,2022,centre6,Zone49,Neighbourhood104,Dwelling2
VR_7373,Que,0.0,0.0,0.0,0.0,0.0,2022,centre6,Zone49,Neighbourhood105,Dwelling1
VR_7374,Que,0.0,0.0,0.0,0.6,0.0,2022,centre6,Zone49,Neighbourhood105,Dwelling2
VR_7375,Que,0.0,0.0,0.0,0.0,0.0,2022,centre6,Zone50,Neighbourhood106,Dwelling1
VR_7376,Que,0.0,0.9,0.6,0.0,0.5,2022,centre6,Zone50,Neighbourhood106,Dwelling2
VR_7377,Que,0.0,0.0,0.0,0.0,0.0,2022,centre6,Zone50,Neighbourhood107,Dwelling1
VR_7378,Que,0.0,0.0,0.0,0.0,0.3,2022,centre6,Zone50,Neighbourhood107,Dwelling2
VR_7379,Que,0.0,0.0,0.0,0.0,0.0,2022,centre6,Zone51,Neighbourhood108,Dwelling1
VR_7380,Que,2.3,0.7,0.0,0.0,0.7,2022,centre6,Zone51,Neighbourhood108,Dwelling2
VR_7381,Que,0.0,0.0,0.0,0.0,0.0,2022,centre6,Zone51,Neighbourhood109,Dwelling1
VR_7382,Que,0.0,0.0,0.0,0.0,2.5,2022,centre6,Zone51,Neighbourhood109,Dwelling2
VR_7383,Que,0.0,0.0,0.0,0.0,0.0,2022,centre6,Zone51,Neighbourhood110,Dwelling1
VR_7384,Que,0.0,0.0,0.0,0.0,0.0,2022,centre6,Zone51,Neighbourhood110,Dwelling2
VR_7385,Que,0.0,0.0,0.0,0.0,0.0,2022,centre6,Zone52,Neighbourhood111,Dwelling1
VR_7386,Que,0.0,0.0,0.6,0.0,0.5,2022,centre6,Zone52,Neighbourhood111,Dwelling2
VR_7387,Que,0.0,0.0,0.0,0.0,0.0,2022,centre6,Zone52,Neighbourhood112,Dwelling1
VR_7388,Que,0.0,0.0,0.0,0.0,0.0,2022,centre6,Zone52,Neighbourhood112,Dwelling2
VR_7389,Que,0.0,0.0,0.0,0.0,0.0,2022,centre6,Zone52,Neighbourhood113,Dwelling1
VR_7390,Que,0.0,0.0,1.1,0.0,0.8,2022,centre6,Zone52,Neighbourhood113,Dwelling2
VR_7391,Que,0.0,0.0,0.0,0.0,0.0,2022,centre6,Zone52,Neighbourhood114,Dwelling1
VR_7392,Que,0.0,0.0,0.0,0.0,0.0,2022,centre6,Zone52,Neighbourhood114,Dwelling2
VR_7393,Que,0.0,0.0,0.0,0.0,0.0,2022,centre6,Zone52,Neighbourhood115,Dwelling1
VR_7394,Que,0.0,0.2,0.0,0.0,0.0,2022,centre6,Zone52,Neighbourhood115,Dwelling2
VR_7395,Que,0.0,0.0,0.0,0.0,0.0,2022,centre6,Zone53,Neighbourhood116,Dwelling1
VR_7396,Que,0.0,0.6,0.3,0.3,0.4,2022,centre6,Zone53,Neighbourhood116,Dwelling2
VR_7397,Que,0.0,0.0,0.0,0.0,0.0,2022,centre6,Zone53,Neighbourhood117,Dwelling1
VR_7398,Que,0.0,1.1,0.6,0.1,0.5,2022,centre6,Zone53,Neighbourhood117,Dwelling2
VR_7399,Que,0.0,0.0,0.0,0.0,0.0,2022,centre6,Zone53,Neighbourhood118,Dwelling1
VR_7400,Que,0.0,0.0,0.0,0.0,0.0,2022,centre6,Zone53,Neighbourhood118,Dwelling2
VR_7401,Que,0.0,0.0,0.0,0.0,0.0,2022,centre6,Zone53,Neighbourhood119,Dwelling1
VR_7402,Que,0.0,0.0,0.0,0.0,0.0,2022,centre6,Zone53,Neighbourhood119,Dwelling2
VR_7403,Que,0.0,0.0,0.0,0.0,0.0,2022,centre6,Zone53,Neighbourhood120,Dwelling1
VR_7404,Que,0.0,0.0,0.0,0.0,0.0,2022,centre6,Zone53,Neighbourhood120,Dwelling2
VR_7405,Que,0.0,0.0,0.0,0.0,0.0,2022,centre6,Zone54,Neighbourhood121,Dwelling1
VR_7406,Que,0.0,0.6,0.5,0.0,0.6,2022,centre6,Zone54,Neighbourhood121,Dwelling2
VR_7407,Que,0.0,0.0,0.0,0.0,0.0,2022,centre6,Zone54,Neighbourhood122,Dwelling1
VR_7408,Que,0.0,0.0,0.2,0.0,0.1,2022,centre6,Zone54,Neighbourhood122,Dwelling2
VR_7409,Que,0.0,0.0,0.0,0.0,0.0,2022,centre6,Zone54,Neighbourhood123,Dwelling1
VR_7410,Que,0.0,0.0,0.2,0.7,0.5,2022,centre6,Zone54,Neighbourhood123,Dwelling2
VR_7411,Que,0.0,0.0,0.0,0.0,0.0,2022,centre6,Zone54,Neighbourhood124,Dwelling1
VR_7412,Que,0.0,0.0,0.0,0.0,0.0,2022,centre6,Zone54,Neighbourhood124,Dwelling2
VR_7413,Que,0.0,0.0,0.0,0.0,0.0,2022,centre6,Zone55,Neighbourhood125,Dwelling1
VR_7414,Que,0.0,0.0,0.0,0.0,0.0,2022,centre6,Zone55,Neighbourhood125,Dwelling2
VR_7415,Que,0.0,0.0,0.0,0.0,0.0,2022,centre6,Zone55,Neighbourhood126,Dwelling1
VR_7416,Que,0.0,3.7,0.5,0.0,0.0,2022,centre6,Zone55,Neighbourhood126,Dwelling2
VR_7417,Que,0.0,0.0,0.0,0.0,0.0,2022,centre6,Zone55,Neighbourhood127,Dwelling1
VR_7418,Que,0.0,0.0,0.2,0.0,0.1,2022,centre6,Zone55,Neighbourhood127,Dwelling2
VR_7419,Que,0.0,0.0,0.0,0.0,0.0,2022,centre6,Zone55,Neighbourhood128,Dwelling1
VR_7420,Que,0.0,0.0,0.0,0.0,0.0,2022,centre6,Zone55,Neighbourhood128,Dwelling2
VR_7421,Que,0.0,0.0,0.0,0.0,0.0,2022,centre6,Zone55,Neighbourhood129,Dwelling1
VR_7422,Que,0.0,0.0,0.0,0.0,0.0,2022,centre6,Zone55,Neighbourhood129,Dwelling2
VR_7423,Que,0.0,0.0,0.0,0.0,0.0,2022,centre6,Zone55,Neighbourhood130,Dwelling1
VR_7424,Que,0.0,0.0,0.3,0.0,0.3,2022,centre6,Zone55,Neighbourhood130,Dwelling2
VR_7425,Que,0.0,0.0,0.0,0.0,0.0,2022,centre6,Zone56,Neighbourhood131,Dwelling1
VR_7426,Que,0.0,0.0,0.0,0.5,0.2,2022,centre6,Zone56,Neighbourhood131,Dwelling2
VR_7427,Que,0.0,0.0,0.0,0.0,0.0,2022,centre6,Zone56,Neighbourhood132,Dwelling1
VR_7428,Que,0.0,0.0,0.0,0.6,1.3,2022,centre6,Zone56,Neighbourhood132,Dwelling2
VR_7429,Que,0.0,0.0,0.0,0.0,0.0,2022,centre6,Zone56,Neighbourhood133,Dwelling1
VR_7430,Que,0.0,0.2,0.1,0.0,0.1,2022,centre6,Zone56,Neighbourhood133,Dwelling2
VR_7431,Que,0.0,0.0,0.0,0.0,0.0,2022,centre6,Zone56,Neighbourhood134,Dwelling1
VR_7432,Que,0.0,0.0,0.0,0.0,0.0,2022,centre6,Zone56,Neighbourhood134,Dwelling2
VR_7433,Que,0.0,0.0,0.0,0.0,0.0,2022,centre6,Zone57,Neighbourhood135,Dwelling1
VR_7434,Que,0.7,0.6,0.4,0.0,1.2,2022,centre6,Zone57,Neighbourhood135,Dwelling2
VR_7435,Que,0.0,0.0,0.0,0.0,0.0,2022,centre6,Zone58,Neighbourhood136,Dwelling1
VR_7436,Que,2.8,0.0,0.0,0.0,0.0,2022,centre6,Zone58,Neighbourhood136,Dwelling2
VR_7437,Que,0.0,0.0,0.0,0.0,0.0,2022,centre6,Zone58,Neighbourhood137,Dwelling1
VR_7438,Que,0.0,0.0,0.0,0.0,0.2,2022,centre6,Zone58,Neighbourhood137,Dwelling2
VR_7439,Que,0.0,0.0,0.0,0.0,0.0,2022,centre6,Zone58,Neighbourhood138,Dwelling1
VR_7440,Que,0.0,0.0,0.4,0.0,0.0,2022,centre6,Zone58,Neighbourhood138,Dwelling2
VR_7441,Que,0.0,0.0,0.0,0.0,0.0,2022,centre6,Zone58,Neighbourhood139,Dwelling1
VR_7442,Que,0.0,0.0,0.0,0.0,0.0,2022,centre6,Zone58,Neighbourhood139,Dwelling2
VR_7443,Que,0.0,0.0,0.0,0.0,0.0,2022,centre6,Zone58,Neighbourhood140,Dwelling1
VR_7444,Que,0.0,1.7,0.9,0.1,0.8,2022,centre6,Zone58,Neighbourhood140,Dwelling2
VR_7445,Que,0.0,0.0,0.0,0.0,0.0,2022,centre6,Zone58,Neighbourhood141,Dwelling1
VR_7446,Que,0.0,0.0,0.2,0.0,0.4,2022,centre6,Zone58,Neighbourhood141,Dwelling2
VR_7447,Que,0.0,0.0,0.0,0.0,0.0,2022,centre6,Zone59,Neighbourhood142,Dwelling1
VR_7448,Que,0.0,0.0,0.0,0.0,0.0,2022,centre6,Zone59,Neighbourhood142,Dwelling2
VR_7449,Que,0.0,0.0,0.0,0.0,0.0,2022,centre6,Zone59,Neighbourhood143,Dwelling1
VR_7450,Que,0.0,0.0,0.4,0.0,0.2,2022,centre6,Zone59,Neighbourhood143,Dwelling2
VR_7451,Que,0.0,0.0,0.0,0.0,0.0,2022,centre6,Zone59,Neighbourhood144,Dwelling1
VR_7452,Que,0.0,0.0,0.0,0.0,0.0,2022,centre6,Zone59,Neighbourhood144,Dwelling2
VR_7453,Que,0.0,0.0,0.0,0.0,0.0,2022,centre6,Zone59,Neighbourhood145,Dwelling1
VR_7454,Que,0.0,0.0,0.0,0.0,0.0,2022,centre6,Zone59,Neighbourhood145,Dwelling2
VR_7455,Que,0.0,0.0,0.0,0.0,0.0,2022,centre6,Zone59,Neighbourhood146,Dwelling1
VR_7456,Que,0.0,0.0,0.0,0.0,0.0,2022,centre6,Zone59,Neighbourhood146,Dwelling2
VR_7457,Que,0.0,0.0,0.0,0.0,0.0,2022,centre6,Zone59,Neighbourhood147,Dwelling1
VR_7458,Que,0.0,0.0,0.0,0.0,0.3,2022,centre6,Zone59,Neighbourhood147,Dwelling2
VR_7459,Que,0.0,0.0,0.0,0.0,0.0,2022,centre6,Zone59,Neighbourhood148,Dwelling1
VR_7460,Que,0.0,0.0,0.0,0.0,0.0,2022,centre6,Zone59,Neighbourhood148,Dwelling2
VR_7461,Que,0.0,0.0,0.0,0.0,0.0,2022,centre6,Zone59,Neighbourhood149,Dwelling1
VR_7462,Que,0.0,0.0,0.0,0.0,0.0,2022,centre6,Zone59,Neighbourhood149,Dwelling2
VR_7463,Que,0.0,0.0,0.0,0.0,0.0,2022,centre6,Zone60,Neighbourhood150,Dwelling1
VR_7464,Que,0.0,1.1,0.0,0.0,0.3,2022,centre6,Zone60,Neighbourhood150,Dwelling2
VR_7465,Que,0.0,0.0,0.0,0.0,0.0,2022,centre6,Zone60,Neighbourhood151,Dwelling1
VR_7466,Que,0.0,0.0,0.0,0.0,0.0,2022,centre6,Zone60,Neighbourhood151,Dwelling2
VR_7467,Que,0.0,0.0,0.0,0.0,0.0,2022,centre6,Zone60,Neighbourhood152,Dwelling1
VR_7468,Que,0.0,0.0,0.0,0.0,0.0,2022,centre6,Zone60,Neighbourhood152,Dwelling2
VR_7469,Que,0.0,0.0,0.0,0.0,0.0,2022,centre6,Zone60,Neighbourhood153,Dwelling1
VR_7470,Que,0.0,1.3,0.0,0.0,1.1,2022,centre6,Zone60,Neighbourhood153,Dwelling2
VR_7471,Que,0.0,0.0,0.0,0.0,0.0,2022,centre6,Zone60,Neighbourhood154,Dwelling1
VR_7472,Que,0.0,0.0,0.0,0.0,0.0,2022,centre6,Zone60,Neighbourhood154,Dwelling2
VR_7473,Que,0.0,0.0,0.0,0.0,0.0,2022,centre6,Zone60,Neighbourhood155,Dwelling1
VR_7474,Que,0.0,0.0,0.0,0.0,0.0,2022,centre6,Zone60,Neighbourhood155,Dwelling2
VR_7475,Que,0.0,0.0,0.0,0.0,0.0,2022,centre6,Zone60,Neighbourhood156,Dwelling1
VR_7476,Que,0.0,0.0,0.0,0.0,0.0,2022,centre6,Zone60,Neighbourhood156,Dwelling2
VR_7477,Que,0.0,0.0,0.0,0.0,0.0,2022,centre6,Zone60,Neighbourhood157,Dwelling1
VR_7478,Que,0.0,0.0,0.0,0.0,0.0,2022,centre6,Zone60,Neighbourhood157,Dwelling2
VR_7479,Que,0.0,0.0,0.0,0.0,0.0,2022,centre6,Zone61,Neighbourhood158,Dwelling1
VR_7480,Que,0.0,0.0,0.0,0.0,0.0,2022,centre6,Zone61,Neighbourhood158,Dwelling2
VR_7481,Que,0.0,0.0,0.0,0.0,0.0,2022,centre6,Zone61,Neighbourhood159,Dwelling1
VR_7482,Que,0.0,0.0,0.0,0.0,0.0,2022,centre6,Zone61,Neighbourhood159,Dwelling2
VR_7483,Que,0.0,0.0,0.0,0.0,0.0,2022,centre6,Zone61,Neighbourhood160,Dwelling1
VR_7484,Que,0.0,0.0,0.0,0.0,0.0,2022,centre6,Zone61,Neighbourhood160,Dwelling2
VR_7485,Que,0.0,0.0,0.0,0.0,0.0,2022,centre6,Zone61,Neighbourhood161,Dwelling1
VR_7486,Que,0.0,0.0,0.0,0.0,0.0,2022,centre6,Zone61,Neighbourhood161,Dwelling2
VR_7487,Que,0.0,0.0,0.0,0.0,0.0,2022,centre6,Zone61,Neighbourhood162,Dwelling1
VR_7488,Que,0.0,0.0,0.0,0.0,0.0,2022,centre6,Zone61,Neighbourhood162,Dwelling2
VR_7489,Que,0.0,0.0,0.0,0.0,0.0,2022,centre6,Zone62,Neighbourhood163,Dwelling1
VR_7490,Que,0.0,0.0,0.0,2.6,2.2,2022,centre6,Zone62,Neighbourhood163,Dwelling2
VR_7491,Que,0.0,0.0,0.0,0.0,0.0,2022,centre6,Zone62,Neighbourhood164,Dwelling1
VR_7492,Que,0.0,0.0,0.0,0.0,0.0,2022,centre6,Zone62,Neighbourhood164,Dwelling2
VR_7493,Que,0.0,0.0,0.0,0.0,0.0,2022,centre6,Zone62,Neighbourhood165,Dwelling1
VR_7494,Que,0.0,0.0,0.0,0.0,0.0,2022,centre6,Zone62,Neighbourhood165,Dwelling2
VR_7495,Que,0.0,0.0,0.0,0.0,0.0,2022,centre6,Zone62,Neighbourhood166,Dwelling1
VR_7496,Que,0.0,0.0,0.0,0.0,0.0,2022,centre6,Zone62,Neighbourhood166,Dwelling2
VR_7497,Que,0.0,0.0,0.0,0.0,0.0,2022,centre6,Zone63,Neighbourhood167,Dwelling1
VR_7498,Que,0.0,0.0,0.4,0.1,0.9,2022,centre6,Zone63,Neighbourhood167,Dwelling2
VR_7499,Que,0.0,0.0,0.0,0.0,0.0,2022,centre6,Zone64,Neighbourhood168,Dwelling1
VR_7500,Que,0.0,0.0,0.0,0.0,0.0,2022,centre6,Zone64,Neighbourhood168,Dwelling2
VR_7501,Que,0.0,0.0,0.0,0.0,0.0,2022,centre6,Zone65,Neighbourhood169,Dwelling1
VR_7502,Que,0.0,0.0,0.0,0.0,0.0,2022,centre6,Zone65,Neighbourhood169,Dwelling2
VR_7503,Que,0.0,0.0,0.0,0.0,0.0,2022,centre6,Zone65,Neighbourhood170,Dwelling1
VR_7504,Que,0.0,0.0,0.0,0.0,0.0,2022,centre6,Zone65,Neighbourhood170,Dwelling2
VR_7505,Que,0.0,0.0,0.0,0.0,0.0,2022,centre6,Zone272,Neighbourhood171,Dwelling1
VR_7506,Que,0.0,0.0,0.0,0.0,0.0,2022,centre6,Zone272,Neighbourhood171,Dwelling2
VR_7507,Que,0.0,0.0,0.0,0.0,0.0,2022,centre7,Zone67,Neighbourhood172,Dwelling1
VR_7508,Que,0.0,0.0,0.6,0.0,1.2,2022,centre7,Zone67,Neighbourhood172,Dwelling2
VR_7509,Que,0.0,0.0,0.0,0.0,0.0,2022,centre7,Zone67,Neighbourhood173,Dwelling1
VR_7510,Que,0.7,1.0,0.9,0.2,0.8,2022,centre7,Zone67,Neighbourhood173,Dwelling2
VR_7511,Que,0.0,0.0,0.0,0.0,0.0,2022,centre7,Zone68,Neighbourhood174,Dwelling1
VR_7512,Que,0.0,0.7,0.0,0.0,0.9,2022,centre7,Zone68,Neighbourhood174,Dwelling2
VR_7513,Que,0.0,0.0,0.0,0.0,0.0,2022,centre7,Zone68,Neighbourhood175,Dwelling1
VR_7514,Que,0.0,0.0,0.0,0.0,0.0,2022,centre7,Zone68,Neighbourhood175,Dwelling2
VR_7515,Que,0.0,0.0,0.0,0.0,0.0,2022,centre7,Zone68,Neighbourhood176,Dwelling1
VR_7516,Que,0.0,2.7,1.0,0.0,1.2,2022,centre7,Zone68,Neighbourhood176,Dwelling2
VR_7517,Que,0.0,0.0,0.0,0.0,0.0,2022,centre7,Zone69,Neighbourhood177,Dwelling1
VR_7518,Que,0.0,0.0,0.5,0.0,0.3,2022,centre7,Zone69,Neighbourhood177,Dwelling2
VR_7519,Que,0.0,0.0,0.0,0.0,0.0,2022,centre7,Zone69,Neighbourhood178,Dwelling1
VR_7520,Que,0.0,0.0,0.4,0.0,0.3,2022,centre7,Zone69,Neighbourhood178,Dwelling2
VR_7521,Que,0.0,0.0,0.0,0.0,0.0,2022,centre7,Zone69,Neighbourhood179,Dwelling1
VR_7522,Que,0.0,0.0,0.0,0.0,0.0,2022,centre7,Zone69,Neighbourhood179,Dwelling2
VR_7523,Que,0.0,0.0,0.0,0.0,0.0,2022,centre7,Zone69,Neighbourhood180,Dwelling1
VR_7524,Que,0.0,0.0,0.0,0.0,0.0,2022,centre7,Zone69,Neighbourhood180,Dwelling2
VR_7525,Que,0.0,0.0,0.0,0.0,0.0,2022,centre7,Zone69,Neighbourhood181,Dwelling1
VR_7526,Que,0.0,0.0,0.0,0.0,0.0,2022,centre7,Zone69,Neighbourhood181,Dwelling2
VR_7527,Que,0.0,0.0,0.0,0.0,0.0,2022,centre7,Zone70,Neighbourhood182,Dwelling1
VR_7528,Que,0.0,0.0,0.0,0.0,0.0,2022,centre7,Zone70,Neighbourhood182,Dwelling2
VR_7529,Que,0.0,0.0,0.0,0.0,0.0,2022,centre7,Zone70,Neighbourhood183,Dwelling1
VR_7530,Que,0.0,0.0,0.0,0.0,0.0,2022,centre7,Zone70,Neighbourhood183,Dwelling2
VR_7531,Que,0.0,0.0,0.0,0.0,0.0,2022,centre8,Zone71,Neighbourhood184,Dwelling1
VR_7532,Que,0.0,0.0,0.0,0.0,0.0,2022,centre8,Zone71,Neighbourhood184,Dwelling2
VR_7533,Que,0.0,0.0,0.0,0.0,0.0,2022,centre8,Zone71,Neighbourhood185,Dwelling1
VR_7534,Que,0.0,0.0,0.0,0.0,3.3,2022,centre8,Zone71,Neighbourhood185,Dwelling2
VR_7535,Que,0.0,0.0,0.0,0.0,0.0,2022,centre8,Zone71,Neighbourhood186,Dwelling1
VR_7536,Que,1.7,1.5,1.1,0.0,1.7,2022,centre8,Zone71,Neighbourhood186,Dwelling2
VR_7537,Que,0.0,0.0,0.0,0.0,0.0,2022,centre8,Zone71,Neighbourhood187,Dwelling1
VR_7538,Que,0.0,3.9,2.5,0.0,3.3,2022,centre8,Zone71,Neighbourhood187,Dwelling2
VR_7539,Que,0.0,0.0,0.0,0.0,0.0,2022,centre8,Zone72,Neighbourhood188,Dwelling1
VR_7540,Que,0.4,0.0,0.2,0.4,0.2,2022,centre8,Zone72,Neighbourhood188,Dwelling2
VR_7541,Que,0.0,0.0,0.0,0.0,0.0,2022,centre8,Zone72,Neighbourhood189,Dwelling1
VR_7542,Que,0.0,0.0,0.0,0.0,0.0,2022,centre8,Zone72,Neighbourhood189,Dwelling2
VR_7543,Que,0.0,0.0,0.0,0.0,0.0,2022,centre8,Zone72,Neighbourhood190,Dwelling1
VR_7544,Que,1.2,1.2,0.0,0.0,0.9,2022,centre8,Zone72,Neighbourhood190,Dwelling2
VR_7545,Que,0.0,0.0,0.0,0.0,0.0,2022,centre8,Zone73,Neighbourhood191,Dwelling1
VR_7546,Que,0.0,3.0,0.2,0.0,1.6,2022,centre8,Zone73,Neighbourhood191,Dwelling2
VR_7547,Que,0.0,0.0,0.0,0.0,0.0,2022,centre8,Zone73,Neighbourhood192,Dwelling1
VR_7548,Que,1.4,2.8,3.9,0.0,2.9,2022,centre8,Zone73,Neighbourhood192,Dwelling2
VR_7549,Que,0.0,0.0,0.0,0.0,0.0,2022,centre8,Zone73,Neighbourhood193,Dwelling1
VR_7550,Que,2.2,2.0,1.5,0.0,1.8,2022,centre8,Zone73,Neighbourhood193,Dwelling2
VR_7551,Que,0.0,0.0,0.0,0.0,0.0,2022,centre8,Zone74,Neighbourhood194,Dwelling1
VR_7552,Que,0.0,0.0,0.0,0.0,3.5,2022,centre8,Zone74,Neighbourhood194,Dwelling2
VR_7553,Que,0.0,0.0,0.0,0.0,0.0,2022,centre8,Zone74,Neighbourhood195,Dwelling1
VR_7554,Que,0.0,0.0,0.0,0.0,0.1,2022,centre8,Zone74,Neighbourhood195,Dwelling2
VR_7555,Que,0.0,0.0,0.0,0.0,0.0,2022,centre8,Zone74,Neighbourhood196,Dwelling1
VR_7556,Que,0.0,0.8,0.5,0.0,0.7,2022,centre8,Zone74,Neighbourhood196,Dwelling2
VR_7557,Que,0.0,0.0,0.0,0.0,0.0,2022,centre8,Zone74,Neighbourhood197,Dwelling1
VR_7558,Que,0.0,2.8,1.7,3.4,2.2,2022,centre8,Zone74,Neighbourhood197,Dwelling2
VR_7559,Que,0.0,0.0,0.0,0.0,0.0,2022,centre8,Zone75,Neighbourhood198,Dwelling1
VR_7560,Que,0.0,0.4,0.2,0.0,0.6,2022,centre8,Zone75,Neighbourhood198,Dwelling2
VR_7561,Que,0.0,0.0,0.0,0.0,0.0,2022,centre8,Zone75,Neighbourhood199,Dwelling1
VR_7562,Que,0.0,2.1,0.0,0.0,2.1,2022,centre8,Zone75,Neighbourhood199,Dwelling2
VR_7563,Que,0.0,0.0,0.0,0.0,0.0,2022,centre8,Zone75,Neighbourhood200,Dwelling1
VR_7564,Que,0.0,0.0,0.5,0.0,0.4,2022,centre8,Zone75,Neighbourhood200,Dwelling2
VR_7565,Que,0.0,0.0,0.0,0.0,0.0,2022,centre8,Zone75,Neighbourhood201,Dwelling1
VR_7566,Que,0.0,0.0,0.0,0.0,0.0,2022,centre8,Zone75,Neighbourhood201,Dwelling2
VR_7567,Que,0.0,0.0,0.0,0.0,0.0,2022,centre8,Zone76,Neighbourhood202,Dwelling1
VR_7568,Que,0.0,0.5,0.4,1.4,0.6,2022,centre8,Zone76,Neighbourhood202,Dwelling2
VR_7569,Que,0.0,0.0,0.0,0.0,0.0,2022,centre8,Zone76,Neighbourhood203,Dwelling1
VR_7570,Que,0.0,0.0,0.0,0.5,0.9,2022,centre8,Zone76,Neighbourhood203,Dwelling2
VR_7571,Que,0.0,0.0,0.0,0.0,0.0,2022,centre8,Zone76,Neighbourhood204,Dwelling1
VR_7572,Que,0.0,0.0,0.0,0.0,0.0,2022,centre8,Zone76,Neighbourhood204,Dwelling2
VR_7573,Que,0.0,0.0,0.0,0.0,0.0,2022,centre8,Zone77,Neighbourhood205,Dwelling1
VR_7574,Que,0.0,0.0,0.2,0.0,0.3,2022,centre8,Zone77,Neighbourhood205,Dwelling2
VR_7575,Que,0.0,0.0,0.0,0.0,0.0,2022,centre8,Zone77,Neighbourhood206,Dwelling1
VR_7576,Que,0.0,0.3,0.4,0.0,0.5,2022,centre8,Zone77,Neighbourhood206,Dwelling2
VR_7577,Que,0.0,0.0,0.0,0.0,0.0,2022,centre8,Zone77,Neighbourhood207,Dwelling1
VR_7578,Que,0.0,0.0,0.0,0.0,0.2,2022,centre8,Zone77,Neighbourhood207,Dwelling2
VR_7579,Que,0.0,0.0,0.0,0.0,0.0,2022,centre8,Zone78,Neighbourhood208,Dwelling1
VR_7580,Que,0.0,0.0,0.0,0.0,0.0,2022,centre8,Zone78,Neighbourhood208,Dwelling2
VR_7581,Que,0.0,0.0,0.0,0.0,0.0,2022,centre8,Zone78,Neighbourhood209,Dwelling1
VR_7582,Que,0.0,0.0,0.0,0.0,0.0,2022,centre8,Zone78,Neighbourhood209,Dwelling2
VR_7583,Que,0.0,0.0,0.0,0.0,0.0,2022,centre8,Zone78,Neighbourhood210,Dwelling1
VR_7584,Que,0.0,0.0,0.2,0.0,0.3,2022,centre8,Zone78,Neighbourhood210,Dwelling2
VR_7585,Que,0.0,0.0,0.0,0.0,0.0,2022,centre8,Zone79,Neighbourhood211,Dwelling1
VR_7586,Que,0.0,0.0,0.0,0.0,0.7,2022,centre8,Zone79,Neighbourhood211,Dwelling2
VR_7587,Que,0.0,0.0,0.0,0.0,0.0,2022,centre8,Zone79,Neighbourhood212,Dwelling1
VR_7588,Que,0.0,0.0,0.4,0.0,0.2,2022,centre8,Zone79,Neighbourhood212,Dwelling2
VR_7589,Que,0.0,0.0,0.0,0.0,0.0,2022,centre8,Zone80,Neighbourhood213,Dwelling1
VR_7590,Que,0.0,0.0,0.0,0.0,0.0,2022,centre8,Zone80,Neighbourhood213,Dwelling2
VR_7591,Que,0.0,0.0,0.0,0.0,0.0,2022,centre8,Zone80,Neighbourhood214,Dwelling1
VR_7592,Que,0.0,0.0,0.0,0.0,0.0,2022,centre8,Zone80,Neighbourhood214,Dwelling2
VR_7593,Que,0.0,0.0,0.0,0.0,0.0,2022,centre8,Zone80,Neighbourhood215,Dwelling1
VR_7594,Que,0.0,0.0,0.0,0.0,0.0,2022,centre8,Zone80,Neighbourhood215,Dwelling2
VR_7595,Que,0.0,0.0,0.0,0.0,0.0,2022,centre8,Zone81,Neighbourhood216,Dwelling1
VR_7596,Que,0.0,0.0,3.0,0.9,4.3,2022,centre8,Zone81,Neighbourhood216,Dwelling2
VR_7597,Que,0.0,0.0,0.0,0.0,0.0,2022,centre8,Zone81,Neighbourhood217,Dwelling1
VR_7598,Que,0.0,0.0,0.0,0.0,0.5,2022,centre8,Zone81,Neighbourhood217,Dwelling2
VR_7599,Que,0.0,0.0,0.0,0.0,0.0,2022,centre8,Zone81,Neighbourhood218,Dwelling1
VR_7600,Que,0.0,0.0,0.0,0.0,0.0,2022,centre8,Zone81,Neighbourhood218,Dwelling2
VR_7601,Que,0.0,0.0,0.0,0.0,0.0,2022,centre8,Zone82,Neighbourhood219,Dwelling1
VR_7602,Que,0.0,0.8,0.7,0.0,0.6,2022,centre8,Zone82,Neighbourhood219,Dwelling2
VR_7603,Que,0.0,0.0,0.0,0.0,0.0,2022,centre8,Zone82,Neighbourhood220,Dwelling1
VR_7604,Que,0.0,0.0,0.3,0.0,0.5,2022,centre8,Zone82,Neighbourhood220,Dwelling2
VR_7605,Que,0.0,0.0,0.0,0.0,0.0,2022,centre8,Zone82,Neighbourhood221,Dwelling1
VR_7606,Que,0.0,0.0,0.0,0.0,0.0,2022,centre8,Zone82,Neighbourhood221,Dwelling2
VR_7607,Que,0.0,0.0,0.0,0.0,0.0,2022,centre8,Zone82,Neighbourhood222,Dwelling1
VR_7608,Que,0.0,0.0,0.0,0.0,0.0,2022,centre8,Zone82,Neighbourhood222,Dwelling2
VR_7609,Que,0.0,0.0,0.0,0.0,0.0,2022,centre8,Zone83,Neighbourhood223,Dwelling1
VR_7610,Que,0.0,0.0,0.1,0.0,0.3,2022,centre8,Zone83,Neighbourhood223,Dwelling2
VR_7611,Que,0.0,0.0,0.0,0.0,0.0,2022,centre8,Zone83,Neighbourhood224,Dwelling1
VR_7612,Que,0.0,0.0,1.4,0.4,1.3,2022,centre8,Zone83,Neighbourhood224,Dwelling2
VR_7613,Que,0.0,0.0,0.0,0.0,0.0,2022,centre8,Zone83,Neighbourhood225,Dwelling1
VR_7614,Que,0.0,0.0,0.0,0.0,0.2,2022,centre8,Zone83,Neighbourhood225,Dwelling2
VR_7615,Que,0.0,0.0,0.0,0.0,0.0,2022,centre8,Zone83,Neighbourhood226,Dwelling1
VR_7616,Que,0.0,0.0,0.0,0.0,0.0,2022,centre8,Zone83,Neighbourhood226,Dwelling2
VR_7617,Que,0.0,0.0,0.0,0.0,0.0,2022,centre8,Zone83,Neighbourhood227,Dwelling1
VR_7618,Que,0.0,0.0,0.0,0.0,0.0,2022,centre8,Zone83,Neighbourhood227,Dwelling2
VR_7619,Que,0.0,0.0,0.0,0.0,0.0,2022,centre9,Zone84,Neighbourhood228,Dwelling1
VR_7620,Que,0.0,0.5,1.0,0.0,1.5,2022,centre9,Zone84,Neighbourhood228,Dwelling2
VR_7621,Que,0.0,0.0,0.0,0.0,0.0,2022,centre9,Zone85,Neighbourhood229,Dwelling1
VR_7622,Que,0.0,0.9,0.0,0.6,1.0,2022,centre9,Zone85,Neighbourhood229,Dwelling2
VR_7623,Que,0.0,0.0,0.0,0.0,0.0,2022,centre9,Zone86,Neighbourhood230,Dwelling1
VR_7624,Que,0.3,0.5,0.9,0.0,0.7,2022,centre9,Zone86,Neighbourhood230,Dwelling2
VR_7625,Que,0.0,0.0,0.0,0.0,0.0,2022,centre9,Zone87,Neighbourhood231,Dwelling1
VR_7626,Que,0.8,0.9,0.4,0.6,0.5,2022,centre9,Zone87,Neighbourhood231,Dwelling2
VR_7627,Que,0.0,0.0,0.0,0.0,0.0,2022,centre9,Zone88,Neighbourhood232,Dwelling1
VR_7628,Que,0.0,0.0,0.0,0.0,0.0,2022,centre9,Zone88,Neighbourhood232,Dwelling2
VR_7629,Que,0.0,0.0,0.0,0.0,0.0,2022,centre9,Zone89,Neighbourhood233,Dwelling1
VR_7630,Que,0.0,0.0,0.5,0.0,0.9,2022,centre9,Zone89,Neighbourhood233,Dwelling2
VR_7631,Que,0.0,0.0,0.0,0.0,0.0,2022,centre9,Zone90,Neighbourhood234,Dwelling1
VR_7632,Que,4.7,3.6,1.2,0.8,1.6,2022,centre9,Zone90,Neighbourhood234,Dwelling2
VR_7633,Que,0.0,0.0,0.0,0.0,0.0,2022,centre9,Zone91,Neighbourhood235,Dwelling1
VR_7634,Que,0.0,3.7,0.6,0.0,1.3,2022,centre9,Zone91,Neighbourhood235,Dwelling2
VR_7635,Que,0.0,0.0,0.0,0.0,0.0,2022,centre9,Zone92,Neighbourhood236,Dwelling1
VR_7636,Que,0.0,0.5,0.6,0.5,0.5,2022,centre9,Zone92,Neighbourhood236,Dwelling2
VR_7637,Que,0.0,0.0,0.0,0.0,0.0,2022,centre9,Zone3,Neighbourhood3,Dwelling1
VR_7638,Que,0.0,0.0,0.0,0.0,0.0,2022,centre9,Zone3,Neighbourhood3,Dwelling2
VR_7639,Que,0.0,0.0,0.0,0.0,0.0,2022,centre10,Zone93,Neighbourhood237,Dwelling1
VR_7640,Que,0.0,0.0,0.0,0.0,0.0,2022,centre10,Zone93,Neighbourhood237,Dwelling2
VR_7641,Que,0.0,0.0,0.0,0.0,0.0,2022,centre10,Zone93,Neighbourhood238,Dwelling1
VR_7642,Que,0.0,0.0,0.0,0.0,0.0,2022,centre10,Zone93,Neighbourhood238,Dwelling2
VR_7643,Que,0.0,0.0,0.0,0.0,0.0,2022,centre10,Zone93,Neighbourhood239,Dwelling1
VR_7644,Que,0.0,0.0,0.0,0.0,4.3,2022,centre10,Zone93,Neighbourhood239,Dwelling2
VR_7645,Que,0.0,0.0,0.0,0.0,0.0,2022,centre10,Zone94,Neighbourhood240,Dwelling1
VR_7646,Que,0.0,1.4,0.4,0.0,1.3,2022,centre10,Zone94,Neighbourhood240,Dwelling2
VR_7647,Que,0.0,0.0,0.0,0.0,0.0,2022,centre10,Zone24,Neighbourhood241,Dwelling1
VR_7648,Que,0.0,0.5,0.0,0.0,0.1,2022,centre10,Zone24,Neighbourhood241,Dwelling2
VR_7649,Que,0.0,0.0,0.0,0.0,0.0,2022,centre10,Zone95,Neighbourhood242,Dwelling1
VR_7650,Que,0.0,0.0,0.2,0.0,0.1,2022,centre10,Zone95,Neighbourhood242,Dwelling2
VR_7651,Que,0.0,0.0,0.0,0.0,0.0,2022,centre10,Zone95,Neighbourhood243,Dwelling1
VR_7652,Que,0.0,0.0,0.0,0.0,0.0,2022,centre10,Zone95,Neighbourhood243,Dwelling2
VR_7653,Que,0.0,0.0,0.0,0.0,0.0,2022,centre10,Zone96,Neighbourhood244,Dwelling1
VR_7654,Que,0.0,0.0,0.0,0.0,0.0,2022,centre10,Zone96,Neighbourhood244,Dwelling2
VR_7655,Que,0.0,0.0,0.0,0.0,0.0,2022,centre10,Zone97,Neighbourhood245,Dwelling1
VR_7656,Que,0.0,0.0,0.0,0.0,0.0,2022,centre10,Zone97,Neighbourhood245,Dwelling2
VR_7657,Que,0.0,0.0,0.0,0.0,0.0,2022,centre10,Zone97,Neighbourhood246,Dwelling1
VR_7658,Que,0.0,0.5,0.2,0.0,0.3,2022,centre10,Zone97,Neighbourhood246,Dwelling2
VR_7659,Que,0.0,0.0,0.0,0.0,0.0,2022,centre10,Zone98,Neighbourhood247,Dwelling1
VR_7660,Que,0.0,0.0,0.0,0.0,0.0,2022,centre10,Zone98,Neighbourhood247,Dwelling2
VR_7661,Que,0.0,0.0,0.0,0.0,0.0,2022,centre10,Zone98,Neighbourhood248,Dwelling1
VR_7662,Que,0.0,0.0,0.0,0.0,0.0,2022,centre10,Zone98,Neighbourhood248,Dwelling2
VR_7663,Que,0.0,0.0,0.0,0.0,0.0,2022,centre10,Zone98,Neighbourhood249,Dwelling1
VR_7664,Que,0.0,0.0,0.0,0.0,0.0,2022,centre10,Zone98,Neighbourhood249,Dwelling2
VR_7665,Que,0.0,0.0,0.0,0.0,0.0,2022,centre10,Zone99,Neighbourhood250,Dwelling1
VR_7666,Que,0.0,0.0,0.0,0.0,0.0,2022,centre10,Zone99,Neighbourhood250,Dwelling2
VR_7667,Que,0.0,0.0,0.0,0.0,0.0,2022,centre10,Zone99,Neighbourhood251,Dwelling1
VR_7668,Que,0.0,0.0,0.5,0.0,0.4,2022,centre10,Zone99,Neighbourhood251,Dwelling2
VR_7669,Ont.,0.0,0.0,0.0,0.0,0.0,2022,centre11,Zone100,Neighbourhood252,Dwelling1
VR_7670,Ont.,6.2,3.2,2.2,0.0,2.9,2022,centre11,Zone100,Neighbourhood252,Dwelling2
VR_7671,Ont.,0.0,0.0,0.0,0.0,0.0,2022,centre11,Zone100,Neighbourhood253,Dwelling1
VR_7672,Ont.,0.0,0.0,2.0,0.0,2.3,2022,centre11,Zone100,Neighbourhood253,Dwelling2
VR_7673,Ont.,0.0,0.0,0.0,0.0,0.0,2022,centre11,Zone100,Neighbourhood254,Dwelling1
VR_7674,Ont.,0.0,2.5,0.5,0.0,1.5,2022,centre11,Zone100,Neighbourhood254,Dwelling2
VR_7675,Ont.,0.0,0.0,0.0,0.0,0.0,2022,centre11,Zone100,Neighbourhood255,Dwelling1
VR_7676,Ont.,0.0,0.9,0.3,0.0,0.6,2022,centre11,Zone100,Neighbourhood255,Dwelling2
VR_7677,Ont.,0.0,0.0,0.0,2.9,3.1,2022,centre11,Zone100,Neighbourhood256,Dwelling1
VR_7678,Ont.,0.0,0.0,0.0,0.0,2.4,2022,centre11,Zone100,Neighbourhood256,Dwelling2
VR_7679,Ont.,0.0,0.0,0.0,0.0,0.0,2022,centre11,Zone100,Neighbourhood257,Dwelling1
VR_7680,Ont.,0.0,0.0,0.0,0.0,0.0,2022,centre11,Zone100,Neighbourhood257,Dwelling2
VR_7681,Ont.,0.0,0.0,0.0,0.0,0.0,2022,centre11,Zone100,Neighbourhood258,Dwelling1
VR_7682,Ont.,0.0,0.0,0.0,0.0,0.0,2022,centre11,Zone100,Neighbourhood258,Dwelling2
VR_7683,Ont.,0.0,0.0,0.0,0.0,0.0,2022,centre12,Zone101,Neighbourhood259,Dwelling1
VR_7684,Ont.,0.0,3.0,1.7,0.7,2.1,2022,centre12,Zone101,Neighbourhood259,Dwelling2
VR_7685,Ont.,0.0,0.0,0.0,0.0,0.0,2022,centre12,Zone101,Neighbourhood252,Dwelling1
VR_7686,Ont.,0.0,0.0,0.0,0.0,0.0,2022,centre12,Zone101,Neighbourhood252,Dwelling2
VR_7687,Ont.,0.0,0.0,0.0,0.0,0.0,2022,centre12,Zone101,Neighbourhood260,Dwelling1
VR_7688,Ont.,0.0,3.3,4.2,0.0,4.1,2022,centre12,Zone101,Neighbourhood260,Dwelling2
VR_7689,Ont.,0.0,0.0,0.0,0.0,0.0,2022,centre12,Zone101,Neighbourhood261,Dwelling1
VR_7690,Ont.,0.0,1.3,0.0,0.0,2.0,2022,centre12,Zone101,Neighbourhood261,Dwelling2
VR_7691,Ont.,0.0,0.0,0.0,0.0,0.0,2022,centre12,Zone101,Neighbourhood262,Dwelling1
VR_7692,Ont.,0.0,0.0,0.0,0.0,0.0,2022,centre12,Zone101,Neighbourhood262,Dwelling2
VR_7693,Ont.,0.0,0.0,0.0,0.0,0.0,2022,centre12,Zone102,Neighbourhood263,Dwelling1
VR_7694,Ont.,0.0,0.0,0.0,0.0,0.0,2022,centre12,Zone102,Neighbourhood263,Dwelling2
VR_7695,Ont.,0.0,0.0,0.0,0.0,0.0,2022,centre12,Zone102,Neighbourhood264,Dwelling1
VR_7696,Ont.,0.0,0.0,0.0,0.0,2.3,2022,centre12,Zone102,Neighbourhood264,Dwelling2
VR_7697,Ont.,0.0,0.0,0.0,0.0,0.0,2022,centre13,Zone103,Neighbourhood265,Dwelling1
VR_7698,Ont.,0.0,5.7,4.2,0.0,4.1,2022,centre13,Zone103,Neighbourhood265,Dwelling2
VR_7699,Ont.,0.0,0.0,0.0,0.0,1.2,2022,centre13,Zone103,Neighbourhood266,Dwelling1
VR_7700,Ont.,0.0,0.0,1.1,0.0,1.5,2022,centre13,Zone103,Neighbourhood266,Dwelling2
VR_7701,Ont.,0.0,0.0,0.0,0.0,0.0,2022,centre13,Zone103,Neighbourhood267,Dwelling1
VR_7702,Ont.,0.0,2.3,0.7,0.0,1.2,2022,centre13,Zone103,Neighbourhood267,Dwelling2
VR_7703,Ont.,0.0,0.0,0.0,0.0,0.0,2022,centre13,Zone103,Neighbourhood268,Dwelling1
VR_7704,Ont.,0.0,1.2,0.6,0.0,0.8,2022,centre13,Zone103,Neighbourhood268,Dwelling2
VR_7705,Ont.,0.0,0.0,0.0,0.0,0.0,2022,centre13,Zone103,Neighbourhood269,Dwelling1
VR_7706,Ont.,0.0,1.2,0.0,1.5,0.0,2022,centre13,Zone103,Neighbourhood269,Dwelling2
VR_7707,Ont.,0.0,0.0,0.0,0.0,0.0,2022,centre13,Zone103,Neighbourhood270,Dwelling1
VR_7708,Ont.,0.0,0.0,0.0,0.0,0.0,2022,centre13,Zone103,Neighbourhood270,Dwelling2
VR_7709,Ont.,0.0,0.0,0.0,0.0,0.0,2022,centre14,Zone20,Neighbourhood46,Dwelling1
VR_7710,Ont.,4.6,1.7,1.9,1.1,1.8,2022,centre14,Zone20,Neighbourhood46,Dwelling2
VR_7711,Ont.,0.0,0.0,0.0,0.0,0.0,2022,centre14,Zone19,Neighbourhood271,Dwelling1
VR_7712,Ont.,0.0,0.4,1.0,0.0,1.0,2022,centre14,Zone19,Neighbourhood271,Dwelling2
VR_7713,Ont.,0.0,0.0,0.8,0.2,0.4,2022,centre14,Zone19,Neighbourhood272,Dwelling1
VR_7714,Ont.,0.0,0.7,1.2,0.0,1.0,2022,centre14,Zone19,Neighbourhood272,Dwelling2
VR_7715,Ont.,0.0,0.0,0.0,0.0,0.0,2022,centre14,Zone22,Neighbourhood49,Dwelling1
VR_7716,Ont.,0.0,2.2,1.7,1.5,2.0,2022,centre14,Zone22,Neighbourhood49,Dwelling2
VR_7717,Ont.,0.0,0.0,0.0,0.0,0.0,2022,centre14,Zone104,Neighbourhood273,Dwelling1
VR_7718,Ont.,0.0,0.0,0.0,0.0,0.0,2022,centre14,Zone104,Neighbourhood273,Dwelling2
VR_7719,Ont.,0.0,0.0,0.0,0.0,0.0,2022,centre15,Zone105,Neighbourhood274,Dwelling1
VR_7720,Ont.,0.0,2.5,1.8,0.0,2.5,2022,centre15,Zone105,Neighbourhood274,Dwelling2
VR_7721,Ont.,0.0,0.0,0.0,0.0,0.0,2022,centre15,Zone105,Neighbourhood275,Dwelling1
VR_7722,Ont.,0.0,1.6,0.9,0.0,1.6,2022,centre15,Zone105,Neighbourhood275,Dwelling2
VR_7723,Ont.,0.0,0.0,0.0,0.0,0.0,2022,centre15,Zone105,Neighbourhood276,Dwelling1
VR_7724,Ont.,0.0,3.2,0.0,0.0,2.6,2022,centre15,Zone105,Neighbourhood276,Dwelling2
VR_7725,Ont.,0.0,0.0,0.0,0.0,0.0,2022,centre15,Zone106,Neighbourhood277,Dwelling1
VR_7726,Ont.,0.0,0.0,1.5,0.0,1.3,2022,centre15,Zone106,Neighbourhood277,Dwelling2
VR_7727,Ont.,0.0,0.0,0.0,0.0,0.0,2022,centre15,Zone106,Neighbourhood278,Dwelling1
VR_7728,Ont.,0.0,3.0,1.3,0.0,3.0,2022,centre15,Zone106,Neighbourhood278,Dwelling2
VR_7729,Ont.,0.0,0.0,0.0,0.0,0.0,2022,centre15,Zone107,Neighbourhood279,Dwelling1
VR_7730,Ont.,0.0,1.3,2.2,0.0,1.8,2022,centre15,Zone107,Neighbourhood279,Dwelling2
VR_7731,Ont.,0.0,0.0,0.0,0.0,3.2,2022,centre15,Zone107,Neighbourhood280,Dwelling1
VR_7732,Ont.,3.5,1.7,2.2,0.0,2.1,2022,centre15,Zone107,Neighbourhood280,Dwelling2
VR_7733,Ont.,0.0,0.0,0.0,0.0,0.0,2022,centre15,Zone108,Neighbourhood281,Dwelling1
VR_7734,Ont.,0.0,0.0,0.0,0.0,0.0,2022,centre15,Zone108,Neighbourhood281,Dwelling2
VR_7735,Ont.,0.0,0.0,0.0,0.0,0.0,2022,centre15,Zone108,Neighbourhood282,Dwelling1
VR_7736,Ont.,0.0,0.0,3.4,0.0,2.8,2022,centre15,Zone108,Neighbourhood282,Dwelling2
VR_7737,Ont.,0.0,0.0,0.0,0.0,0.0,2022,centre15,Zone108,Neighbourhood283,Dwelling1
VR_7738,Ont.,0.0,3.1,2.0,0.0,2.5,2022,centre15,Zone108,Neighbourhood283,Dwelling2
VR_7739,Ont.,0.0,0.0,0.0,0.0,0.0,2022,centre15,Zone109,Neighbourhood284,Dwelling1
VR_7740,Ont.,0.0,2.0,1.2,0.7,2.0,2022,centre15,Zone109,Neighbourhood284,Dwelling2
VR_7741,Ont.,0.0,0.0,0.0,0.0,0.0,2022,centre15,Zone109,Neighbourhood285,Dwelling1
VR_7742,Ont.,0.0,1.7,1.6,0.0,1.6,2022,centre15,Zone109,Neighbourhood285,Dwelling2
VR_7743,Ont.,0.0,0.0,0.0,0.0,0.0,2022,centre15,Zone110,Neighbourhood286,Dwelling1
VR_7744,Ont.,2.6,2.1,2.0,1.3,2.0,2022,centre15,Zone110,Neighbourhood286,Dwelling2
VR_7745,Ont.,0.0,0.0,0.0,0.0,0.0,2022,centre15,Zone110,Neighbourhood287,Dwelling1
VR_7746,Ont.,0.0,1.6,1.6,0.5,1.4,2022,centre15,Zone110,Neighbourhood287,Dwelling2
VR_7747,Ont.,0.0,0.0,0.0,0.0,0.0,2022,centre15,Zone110,Neighbourhood288,Dwelling1
VR_7748,Ont.,0.0,0.0,0.0,0.0,0.0,2022,centre15,Zone110,Neighbourhood288,Dwelling2
VR_7749,Ont.,0.0,0.0,0.0,0.0,0.0,2022,centre15,Zone110,Neighbourhood289,Dwelling1
VR_7750,Ont.,0.0,0.0,0.0,0.0,0.0,2022,centre15,Zone110,Neighbourhood289,Dwelling2
VR_7751,Ont.,0.0,0.0,0.0,0.0,0.0,2022,centre15,Zone111,Neighbourhood290,Dwelling1
VR_7752,Ont.,3.9,4.6,2.3,2.0,3.2,2022,centre15,Zone111,Neighbourhood290,Dwelling2
VR_7753,Ont.,0.0,0.0,0.0,0.0,0.0,2022,centre15,Zone111,Neighbourhood291,Dwelling1
VR_7754,Ont.,0.0,2.2,4.0,0.0,2.3,2022,centre15,Zone111,Neighbourhood291,Dwelling2
VR_7755,Ont.,0.0,0.0,0.0,0.0,0.0,2022,centre15,Zone112,Neighbourhood292,Dwelling1
VR_7756,Ont.,0.0,0.2,1.4,0.5,1.0,2022,centre15,Zone112,Neighbourhood292,Dwelling2
VR_7757,Ont.,0.0,0.0,0.0,0.9,0.8,2022,centre15,Zone112,Neighbourhood293,Dwelling1
VR_7758,Ont.,0.0,1.2,1.0,1.2,1.1,2022,centre15,Zone112,Neighbourhood293,Dwelling2
VR_7759,Ont.,0.0,0.0,0.0,0.0,0.0,2022,centre15,Zone112,Neighbourhood294,Dwelling1
VR_7760,Ont.,0.0,0.8,1.0,9.8,1.8,2022,centre15,Zone112,Neighbourhood294,Dwelling2
VR_7761,Ont.,0.0,0.0,0.0,0.0,0.0,2022,centre15,Zone112,Neighbourhood295,Dwelling1
VR_7762,Ont.,0.0,2.8,0.4,4.3,1.7,2022,centre15,Zone112,Neighbourhood295,Dwelling2
VR_7763,Ont.,0.0,0.0,0.0,0.0,0.0,2022,centre15,Zone112,Neighbourhood296,Dwelling1
VR_7764,Ont.,0.0,0.0,0.0,0.0,0.0,2022,centre15,Zone112,Neighbourhood296,Dwelling2
VR_7765,Ont.,0.0,0.0,0.0,0.0,0.0,2022,centre15,Zone113,Neighbourhood297,Dwelling1
VR_7766,Ont.,0.0,1.4,0.4,0.0,0.8,2022,centre15,Zone113,Neighbourhood297,Dwelling2
VR_7767,Ont.,0.0,0.0,0.0,0.0,0.0,2022,centre15,Zone113,Neighbourhood298,Dwelling1
VR_7768,Ont.,0.0,0.0,0.0,0.0,0.0,2022,centre15,Zone113,Neighbourhood298,Dwelling2
VR_7769,Ont.,0.0,0.0,0.0,0.0,0.0,2022,centre15,Zone113,Neighbourhood299,Dwelling1
VR_7770,Ont.,0.0,0.0,0.0,0.0,0.0,2022,centre15,Zone113,Neighbourhood299,Dwelling2
VR_7771,Ont.,0.0,0.0,0.0,0.0,0.0,2022,centre15,Zone113,Neighbourhood300,Dwelling1
VR_7772,Ont.,0.0,0.0,0.0,0.0,0.0,2022,centre15,Zone113,Neighbourhood300,Dwelling2
VR_7773,Ont.,0.0,0.0,0.0,0.0,0.0,2022,centre16,Zone114,Neighbourhood301,Dwelling1
VR_7774,Ont.,0.0,0.0,0.0,0.0,0.0,2022,centre16,Zone114,Neighbourhood301,Dwelling2
VR_7775,Ont.,0.0,0.0,0.0,0.0,0.0,2022,centre16,Zone114,Neighbourhood302,Dwelling1
VR_7776,Ont.,0.0,0.0,0.0,0.0,1.2,2022,centre16,Zone114,Neighbourhood302,Dwelling2
VR_7777,Ont.,0.0,0.0,0.0,0.0,0.0,2022,centre16,Zone114,Neighbourhood303,Dwelling1
VR_7778,Ont.,0.0,0.0,0.0,0.0,0.0,2022,centre16,Zone114,Neighbourhood303,Dwelling2
VR_7779,Ont.,0.0,0.0,0.0,0.0,0.0,2022,centre16,Zone114,Neighbourhood304,Dwelling1
VR_7780,Ont.,0.0,0.0,0.6,0.0,1.3,2022,centre16,Zone114,Neighbourhood304,Dwelling2
VR_7781,Ont.,0.0,0.0,0.0,0.0,0.0,2022,centre16,Zone115,Neighbourhood305,Dwelling1
VR_7782,Ont.,0.0,0.0,0.0,0.0,1.1,2022,centre16,Zone115,Neighbourhood305,Dwelling2
VR_7783,Ont.,0.0,0.0,0.0,0.0,0.0,2022,centre16,Zone115,Neighbourhood306,Dwelling1
VR_7784,Ont.,0.0,0.0,0.0,0.0,3.5,2022,centre16,Zone115,Neighbourhood306,Dwelling2
VR_7785,Ont.,0.0,0.0,0.0,0.0,0.0,2022,centre16,Zone115,Neighbourhood307,Dwelling1
VR_7786,Ont.,0.0,0.7,1.2,1.2,0.9,2022,centre16,Zone115,Neighbourhood307,Dwelling2
VR_7787,Ont.,0.0,0.0,0.0,0.0,0.0,2022,centre16,Zone116,Neighbourhood308,Dwelling1
VR_7788,Ont.,0.0,0.0,0.0,0.0,0.0,2022,centre16,Zone116,Neighbourhood308,Dwelling2
VR_7789,Ont.,0.0,0.0,0.0,0.0,0.0,2022,centre16,Zone116,Neighbourhood309,Dwelling1
VR_7790,Ont.,0.0,2.6,1.9,0.0,2.5,2022,centre16,Zone116,Neighbourhood309,Dwelling2
VR_7791,Ont.,0.0,0.0,0.0,0.0,0.0,2022,centre16,Zone116,Neighbourhood310,Dwelling1
VR_7792,Ont.,0.0,0.0,3.7,0.0,2.9,2022,centre16,Zone116,Neighbourhood310,Dwelling2
VR_7793,Ont.,0.0,0.0,0.0,0.0,0.0,2022,centre16,Zone116,Neighbourhood311,Dwelling1
VR_7794,Ont.,0.0,0.5,0.0,0.0,0.3,2022,centre16,Zone116,Neighbourhood311,Dwelling2
VR_7795,Ont.,0.0,0.0,0.0,0.0,0.0,2022,centre16,Zone116,Neighbourhood312,Dwelling1
VR_7796,Ont.,0.0,0.0,0.9,0.0,0.6,2022,centre16,Zone116,Neighbourhood312,Dwelling2
VR_7797,Ont.,0.0,0.0,0.0,0.0,0.0,2022,centre16,Zone116,Neighbourhood313,Dwelling1
VR_7798,Ont.,0.0,0.9,0.5,0.0,0.6,2022,centre16,Zone116,Neighbourhood313,Dwelling2
VR_7799,Ont.,0.0,0.0,0.0,0.0,0.0,2022,centre16,Zone3,Neighbourhood314,Dwelling1
VR_7800,Ont.,0.0,0.0,0.7,0.0,0.6,2022,centre16,Zone3,Neighbourhood314,Dwelling2
VR_7801,Ont.,0.0,0.0,0.0,0.0,0.0,2022,centre16,Zone3,Neighbourhood315,Dwelling1
VR_7802,Ont.,0.0,0.3,0.7,0.0,0.4,2022,centre16,Zone3,Neighbourhood315,Dwelling2
VR_7803,Ont.,0.0,0.0,0.0,0.0,0.0,2022,centre16,Zone3,Neighbourhood316,Dwelling1
VR_7804,Ont.,0.0,0.0,0.9,0.0,0.6,2022,centre16,Zone3,Neighbourhood316,Dwelling2
VR_7805,Ont.,0.0,0.0,0.0,0.0,0.0,2022,centre16,Zone3,Neighbourhood317,Dwelling1
VR_7806,Ont.,0.0,0.0,0.0,0.0,0.0,2022,centre16,Zone3,Neighbourhood317,Dwelling2
VR_7807,Ont.,0.0,0.0,0.0,0.0,1.5,2022,centre17,Zone117,Neighbourhood318,Dwelling1
VR_7808,Ont.,0.0,0.4,0.8,1.0,0.7,2022,centre17,Zone117,Neighbourhood318,Dwelling2
VR_7809,Ont.,0.0,0.0,0.0,0.0,0.0,2022,centre17,Zone117,Neighbourhood319,Dwelling1
VR_7810,Ont.,0.0,0.5,0.6,1.8,0.7,2022,centre17,Zone117,Neighbourhood319,Dwelling2
VR_7811,Ont.,0.0,0.0,0.0,0.0,0.0,2022,centre17,Zone117,Neighbourhood320,Dwelling1
VR_7812,Ont.,0.0,2.0,1.3,2.1,1.6,2022,centre17,Zone117,Neighbourhood320,Dwelling2
VR_7813,Ont.,0.0,0.0,0.0,0.0,0.0,2022,centre17,Zone118,Neighbourhood321,Dwelling1
VR_7814,Ont.,0.0,1.2,0.6,0.0,0.9,2022,centre17,Zone118,Neighbourhood321,Dwelling2
VR_7815,Ont.,0.0,0.0,0.0,0.0,2.0,2022,centre17,Zone119,Neighbourhood322,Dwelling1
VR_7816,Ont.,0.0,0.9,1.4,0.0,1.2,2022,centre17,Zone119,Neighbourhood322,Dwelling2
VR_7817,Ont.,0.0,0.0,0.0,0.0,0.0,2022,centre17,Zone119,Neighbourhood323,Dwelling1
VR_7818,Ont.,0.0,2.6,1.2,0.0,1.8,2022,centre17,Zone119,Neighbourhood323,Dwelling2
VR_7819,Ont.,0.0,0.0,0.0,0.0,0.0,2022,centre17,Zone120,Neighbourhood324,Dwelling1
VR_7820,Ont.,0.0,1.3,1.1,0.0,1.1,2022,centre17,Zone120,Neighbourhood324,Dwelling2
VR_7821,Ont.,0.0,0.0,0.0,0.0,0.0,2022,centre17,Zone120,Neighbourhood325,Dwelling1
VR_7822,Ont.,0.0,0.0,0.0,0.0,0.0,2022,centre17,Zone120,Neighbourhood325,Dwelling2
VR_7823,Ont.,0.0,0.0,0.0,0.0,0.5,2022,centre17,Zone120,Neighbourhood326,Dwelling1
VR_7824,Ont.,0.0,0.0,1.4,0.0,1.0,2022,centre17,Zone120,Neighbourhood326,Dwelling2
VR_7825,Ont.,0.0,0.0,0.0,0.0,0.0,2022,centre17,Zone120,Neighbourhood327,Dwelling1
VR_7826,Ont.,0.0,0.0,0.8,1.1,0.6,2022,centre17,Zone120,Neighbourhood327,Dwelling2
VR_7827,Ont.,0.0,0.0,0.0,0.0,0.0,2022,centre17,Zone121,Neighbourhood328,Dwelling1
VR_7828,Ont.,0.0,0.0,0.0,0.0,0.4,2022,centre17,Zone121,Neighbourhood328,Dwelling2
VR_7829,Ont.,0.0,0.0,0.0,0.0,0.0,2022,centre17,Zone121,Neighbourhood329,Dwelling1
VR_7830,Ont.,0.0,0.0,1.4,0.0,1.4,2022,centre17,Zone121,Neighbourhood329,Dwelling2
VR_7831,Ont.,0.0,0.0,0.0,0.0,0.0,2022,centre17,Zone121,Neighbourhood330,Dwelling1
VR_7832,Ont.,0.0,0.0,0.0,0.0,0.0,2022,centre17,Zone121,Neighbourhood330,Dwelling2
VR_7833,Ont.,0.0,0.0,0.0,0.0,0.0,2022,centre17,Zone121,Neighbourhood331,Dwelling1
VR_7834,Ont.,0.0,1.8,3.0,0.0,2.8,2022,centre17,Zone121,Neighbourhood331,Dwelling2
VR_7835,Ont.,0.0,0.0,0.0,0.0,0.0,2022,centre17,Zone121,Neighbourhood332,Dwelling1
VR_7836,Ont.,0.0,0.0,0.0,0.0,0.0,2022,centre17,Zone121,Neighbourhood332,Dwelling2
VR_7837,Ont.,0.0,0.0,0.0,0.0,0.0,2022,centre17,Zone122,Neighbourhood333,Dwelling1
VR_7838,Ont.,0.0,0.5,0.0,0.0,0.2,2022,centre17,Zone122,Neighbourhood333,Dwelling2
VR_7839,Ont.,0.0,0.0,0.0,0.0,0.0,2022,centre18,Zone123,Neighbourhood334,Dwelling1
VR_7840,Ont.,0.0,2.6,1.9,0.0,2.4,2022,centre18,Zone123,Neighbourhood334,Dwelling2
VR_7841,Ont.,0.0,0.0,0.0,0.5,0.0,2022,centre18,Zone124,Neighbourhood335,Dwelling1
VR_7842,Ont.,1.7,2.8,4.7,0.0,3.6,2022,centre18,Zone124,Neighbourhood335,Dwelling2
VR_7843,Ont.,0.0,0.0,0.0,0.0,0.0,2022,centre18,Zone124,Neighbourhood336,Dwelling1
VR_7844,Ont.,0.0,1.5,0.9,0.0,1.1,2022,centre18,Zone124,Neighbourhood336,Dwelling2
VR_7845,Ont.,0.0,0.0,0.0,0.0,0.0,2022,centre18,Zone21,Neighbourhood337,Dwelling1
VR_7846,Ont.,0.0,0.4,0.6,0.6,0.5,2022,centre18,Zone21,Neighbourhood337,Dwelling2
VR_7847,Ont.,0.0,0.0,0.0,0.0,0.0,2022,centre18,Zone21,Neighbourhood338,Dwelling1
VR_7848,Ont.,0.0,2.1,2.1,0.0,2.0,2022,centre18,Zone21,Neighbourhood338,Dwelling2
VR_7849,Ont.,0.0,0.0,0.0,0.0,0.0,2022,centre18,Zone125,Neighbourhood339,Dwelling1
VR_7850,Ont.,0.0,1.1,0.8,1.3,1.0,2022,centre18,Zone125,Neighbourhood339,Dwelling2
VR_7851,Ont.,0.0,0.0,0.0,0.0,0.0,2022,centre18,Zone125,Neighbourhood340,Dwelling1
VR_7852,Ont.,0.0,0.6,1.3,0.0,1.1,2022,centre18,Zone125,Neighbourhood340,Dwelling2
VR_7853,Ont.,0.0,0.0,0.0,0.0,0.0,2022,centre18,Zone125,Neighbourhood341,Dwelling1
VR_7854,Ont.,0.0,1.3,0.9,0.0,1.1,2022,centre18,Zone125,Neighbourhood341,Dwelling2
VR_7855,Ont.,0.0,0.0,0.0,0.0,0.0,2022,centre18,Zone125,Neighbourhood342,Dwelling1
VR_7856,Ont.,0.0,0.0,0.0,0.0,0.0,2022,centre18,Zone125,Neighbourhood342,Dwelling2
VR_7857,Ont.,0.0,0.0,0.6,0.0,0.3,2022,centre18,Zone126,Neighbourhood343,Dwelling1
VR_7858,Ont.,2.3,1.2,1.0,1.8,1.1,2022,centre18,Zone126,Neighbourhood343,Dwelling2
VR_7859,Ont.,0.0,0.0,0.0,0.0,0.0,2022,centre18,Zone126,Neighbourhood344,Dwelling1
VR_7860,Ont.,0.0,0.0,0.9,1.7,1.0,2022,centre18,Zone126,Neighbourhood344,Dwelling2
VR_7861,Ont.,0.0,0.0,0.0,1.9,1.6,2022,centre18,Zone126,Neighbourhood345,Dwelling1
VR_7862,Ont.,0.0,1.2,1.5,0.6,1.3,2022,centre18,Zone126,Neighbourhood345,Dwelling2
VR_7863,Ont.,0.0,0.0,0.0,0.0,0.0,2022,centre18,Zone127,Neighbourhood346,Dwelling1
VR_7864,Ont.,0.0,2.7,5.0,0.0,3.5,2022,centre18,Zone127,Neighbourhood346,Dwelling2
VR_7865,Ont.,0.0,0.0,0.0,0.0,0.0,2022,centre18,Zone19,Neighbourhood347,Dwelling1
VR_7866,Ont.,0.0,0.8,0.2,0.0,0.4,2022,centre18,Zone19,Neighbourhood347,Dwelling2
VR_7867,Ont.,0.0,0.0,0.0,0.0,0.0,2022,centre18,Zone19,Neighbourhood348,Dwelling1
VR_7868,Ont.,0.0,0.4,1.2,0.0,0.9,2022,centre18,Zone19,Neighbourhood348,Dwelling2
VR_7869,Ont.,0.0,0.0,0.0,0.0,0.0,2022,centre18,Zone19,Neighbourhood349,Dwelling1
VR_7870,Ont.,0.0,0.0,0.0,0.0,0.0,2022,centre18,Zone19,Neighbourhood349,Dwelling2
VR_7871,Ont.,0.0,0.0,0.0,0.0,0.0,2022,centre18,Zone22,Neighbourhood350,Dwelling1
VR_7872,Ont.,0.0,0.0,1.5,0.0,1.2,2022,centre18,Zone22,Neighbourhood350,Dwelling2
VR_7873,Ont.,0.0,0.0,0.0,0.0,0.0,2022,centre18,Zone22,Neighbourhood351,Dwelling1
VR_7874,Ont.,0.0,0.3,0.0,0.0,1.5,2022,centre18,Zone22,Neighbourhood351,Dwelling2
VR_7875,Ont.,0.0,0.0,0.0,0.0,0.0,2022,centre18,Zone22,Neighbourhood352,Dwelling1
VR_7876,Ont.,0.0,0.0,0.0,0.0,0.0,2022,centre18,Zone22,Neighbourhood352,Dwelling2
VR_7877,Ont.,0.0,0.0,0.0,0.0,0.0,2022,centre18,Zone128,Neighbourhood353,Dwelling1
VR_7878,Ont.,0.0,0.0,0.0,0.0,4.0,2022,centre18,Zone128,Neighbourhood353,Dwelling2
VR_7879,Ont.,0.0,0.0,0.0,0.0,0.0,2022,centre18,Zone128,Neighbourhood354,Dwelling1
VR_7880,Ont.,0.0,0.0,4.2,0.0,5.4,2022,centre18,Zone128,Neighbourhood354,Dwelling2
VR_7881,Ont.,0.0,0.0,0.0,0.0,0.0,2022,centre18,Zone128,Neighbourhood355,Dwelling1
VR_7882,Ont.,0.0,0.0,0.8,0.0,0.7,2022,centre18,Zone128,Neighbourhood355,Dwelling2
VR_7883,Ont.,0.0,0.0,0.0,0.0,0.0,2022,centre18,Zone128,Neighbourhood356,Dwelling1
VR_7884,Ont.,0.0,1.6,0.3,0.0,0.8,2022,centre18,Zone128,Neighbourhood356,Dwelling2
VR_7885,Ont.,0.0,0.0,0.0,0.0,0.0,2022,centre18,Zone129,Neighbourhood357,Dwelling1
VR_7886,Ont.,0.0,3.9,3.6,0.0,3.6,2022,centre18,Zone129,Neighbourhood357,Dwelling2
VR_7887,Ont.,0.0,0.0,0.0,0.0,0.0,2022,centre18,Zone3,Neighbourhood3,Dwelling1
VR_7888,Ont.,0.0,0.0,1.3,0.0,1.0,2022,centre18,Zone3,Neighbourhood3,Dwelling2
VR_7889,Ont.,0.0,0.0,0.0,0.0,0.0,2022,centre19,Zone130,Neighbourhood358,Dwelling1
VR_7890,Ont.,0.0,0.0,0.0,0.0,0.0,2022,centre19,Zone130,Neighbourhood358,Dwelling2
VR_7891,Ont.,0.0,0.0,0.0,0.0,0.0,2022,centre19,Zone130,Neighbourhood229,Dwelling1
VR_7892,Ont.,0.0,4.3,1.7,0.0,3.0,2022,centre19,Zone130,Neighbourhood229,Dwelling2
VR_7893,Ont.,0.0,0.0,0.0,0.0,0.0,2022,centre19,Zone130,Neighbourhood228,Dwelling1
VR_7894,Ont.,0.0,0.0,0.0,0.0,0.0,2022,centre19,Zone130,Neighbourhood228,Dwelling2
VR_7895,Ont.,0.0,0.0,0.0,0.0,0.0,2022,centre19,Zone131,Neighbourhood231,Dwelling1
VR_7896,Ont.,0.0,2.2,2.2,0.7,2.1,2022,centre19,Zone131,Neighbourhood231,Dwelling2
VR_7897,Ont.,0.0,0.0,0.0,0.0,0.0,2022,centre19,Zone132,Neighbourhood359,Dwelling1
VR_7898,Ont.,0.0,0.0,0.0,0.0,0.0,2022,centre19,Zone132,Neighbourhood359,Dwelling2
VR_7899,Ont.,0.0,0.0,0.0,0.0,0.0,2022,centre19,Zone132,Neighbourhood360,Dwelling1
VR_7900,Ont.,0.0,0.0,4.5,0.0,2.6,2022,centre19,Zone132,Neighbourhood360,Dwelling2
VR_7901,Ont.,0.0,0.0,0.0,0.0,0.0,2022,centre19,Zone132,Neighbourhood361,Dwelling1
VR_7902,Ont.,0.0,0.0,0.0,0.0,0.0,2022,centre19,Zone132,Neighbourhood361,Dwelling2
VR_7903,Ont.,0.0,0.0,0.0,0.0,0.0,2022,centre19,Zone133,Neighbourhood362,Dwelling1
VR_7904,Ont.,0.0,0.0,0.0,0.0,0.0,2022,centre19,Zone133,Neighbourhood362,Dwelling2
VR_7905,Ont.,0.0,0.0,0.0,0.0,0.0,2022,centre19,Zone133,Neighbourhood363,Dwelling1
VR_7906,Ont.,0.0,0.0,0.0,0.0,0.0,2022,centre19,Zone133,Neighbourhood363,Dwelling2
VR_7907,Ont.,0.0,0.0,0.0,0.0,0.0,2022,centre19,Zone133,Neighbourhood364,Dwelling1
VR_7908,Ont.,0.0,0.0,0.0,0.0,0.0,2022,centre19,Zone133,Neighbourhood364,Dwelling2
VR_7909,Ont.,0.0,0.0,0.0,0.0,0.0,2022,centre19,Zone133,Neighbourhood365,Dwelling1
VR_7910,Ont.,0.0,0.0,2.0,0.0,1.7,2022,centre19,Zone133,Neighbourhood365,Dwelling2
VR_7911,Ont.,0.0,0.0,0.0,0.0,0.0,2022,centre19,Zone134,Neighbourhood366,Dwelling1
VR_7912,Ont.,0.0,0.0,0.0,0.0,0.0,2022,centre19,Zone134,Neighbourhood366,Dwelling2
VR_7913,Ont.,0.0,0.0,0.0,0.0,0.0,2022,centre19,Zone134,Neighbourhood367,Dwelling1
VR_7914,Ont.,0.0,0.0,3.0,0.0,0.0,2022,centre19,Zone134,Neighbourhood367,Dwelling2
VR_7915,Ont.,0.0,0.0,0.0,0.0,0.0,2022,centre19,Zone134,Neighbourhood368,Dwelling1
VR_7916,Ont.,0.0,0.0,2.8,0.0,4.4,2022,centre19,Zone134,Neighbourhood368,Dwelling2
VR_7917,Ont.,0.0,0.0,0.0,0.0,0.0,2022,centre19,Zone134,Neighbourhood369,Dwelling1
VR_7918,Ont.,0.0,0.0,2.4,0.0,5.2,2022,centre19,Zone134,Neighbourhood369,Dwelling2
VR_7919,Ont.,0.0,0.0,0.0,0.0,0.0,2022,centre19,Zone134,Neighbourhood370,Dwelling1
VR_7920,Ont.,0.0,0.0,0.0,0.0,0.0,2022,centre19,Zone134,Neighbourhood370,Dwelling2
VR_7921,Ont.,0.0,0.0,0.0,0.0,0.0,2022,centre19,Zone135,Neighbourhood371,Dwelling1
VR_7922,Ont.,0.0,0.0,0.0,0.0,0.0,2022,centre19,Zone135,Neighbourhood371,Dwelling2
VR_7923,Ont.,0.0,0.0,0.0,0.0,0.0,2022,centre19,Zone135,Neighbourhood372,Dwelling1
VR_7924,Ont.,0.0,0.0,0.0,0.0,0.0,2022,centre19,Zone135,Neighbourhood372,Dwelling2
VR_7925,Ont.,0.0,0.0,0.0,0.0,0.0,2022,centre19,Zone135,Neighbourhood373,Dwelling1
VR_7926,Ont.,0.0,0.5,1.7,0.0,0.9,2022,centre19,Zone135,Neighbourhood373,Dwelling2
VR_7927,Ont.,0.0,0.0,0.0,0.0,0.0,2022,centre19,Zone135,Neighbourhood374,Dwelling1
VR_7928,Ont.,0.0,0.0,0.0,0.0,0.0,2022,centre19,Zone135,Neighbourhood374,Dwelling2
VR_7929,Ont.,0.0,0.0,0.0,0.0,0.0,2022,centre19,Zone135,Neighbourhood375,Dwelling1
VR_7930,Ont.,0.0,0.5,0.0,0.0,0.0,2022,centre19,Zone135,Neighbourhood375,Dwelling2
VR_7931,Ont.,0.0,0.0,0.0,0.0,0.0,2022,centre19,Zone3,Neighbourhood376,Dwelling1
VR_7932,Ont.,0.0,0.0,0.3,0.0,0.4,2022,centre19,Zone3,Neighbourhood376,Dwelling2
VR_7933,Ont.,0.0,0.0,0.0,0.0,0.0,2022,centre19,Zone3,Neighbourhood377,Dwelling1
VR_7934,Ont.,0.0,0.0,0.0,0.0,0.0,2022,centre19,Zone3,Neighbourhood377,Dwelling2
VR_7935,Ont.,0.0,0.0,0.0,0.0,0.0,2022,centre19,Zone3,Neighbourhood378,Dwelling1
VR_7936,Ont.,0.0,0.0,0.0,0.0,4.2,2022,centre19,Zone3,Neighbourhood378,Dwelling2
VR_7937,Ont.,0.0,0.0,0.0,0.0,0.0,2022,centre19,Zone3,Neighbourhood379,Dwelling1
VR_7938,Ont.,0.0,0.0,0.0,0.0,0.0,2022,centre19,Zone3,Neighbourhood379,Dwelling2
VR_7939,Ont.,0.0,0.0,0.0,0.0,0.0,2022,centre19,Zone3,Neighbourhood380,Dwelling1
VR_7940,Ont.,0.0,0.0,0.0,0.0,0.0,2022,centre19,Zone3,Neighbourhood380,Dwelling2
VR_7941,Ont.,0.0,0.0,0.0,0.0,0.0,2022,centre19,Zone3,Neighbourhood381,Dwelling1
VR_7942,Ont.,0.0,0.0,0.0,0.0,0.0,2022,centre19,Zone3,Neighbourhood381,Dwelling2
VR_7943,Ont.,0.0,0.0,0.0,0.0,0.0,2022,centre19,Zone3,Neighbourhood382,Dwelling1
VR_7944,Ont.,0.0,0.0,0.0,0.0,0.0,2022,centre19,Zone3,Neighbourhood382,Dwelling2
VR_7945,Ont.,0.0,0.0,0.0,0.0,0.0,2022,centre19,Zone136,Neighbourhood383,Dwelling1
VR_7946,Ont.,0.0,0.0,0.0,0.0,1.3,2022,centre19,Zone136,Neighbourhood383,Dwelling2
VR_7947,Ont.,0.0,0.0,0.0,0.0,0.0,2022,centre19,Zone136,Neighbourhood384,Dwelling1
VR_7948,Ont.,0.0,0.0,0.0,0.0,0.0,2022,centre19,Zone136,Neighbourhood384,Dwelling2
VR_7949,Ont.,0.0,0.0,0.0,0.0,0.0,2022,centre20,Zone137,Neighbourhood385,Dwelling1
VR_7950,Ont.,0.0,4.9,3.9,0.0,4.0,2022,centre20,Zone137,Neighbourhood385,Dwelling2
VR_7951,Ont.,0.0,0.0,0.0,0.0,0.0,2022,centre20,Zone138,Neighbourhood386,Dwelling1
VR_7952,Ont.,0.0,2.2,2.8,0.7,2.6,2022,centre20,Zone138,Neighbourhood386,Dwelling2
VR_7953,Ont.,0.0,0.0,0.0,0.0,0.0,2022,centre20,Zone139,Neighbourhood387,Dwelling1
VR_7954,Ont.,0.0,1.5,1.1,0.9,1.2,2022,centre20,Zone139,Neighbourhood387,Dwelling2
VR_7955,Ont.,0.0,0.0,0.0,0.0,1.2,2022,centre20,Zone140,Neighbourhood388,Dwelling1
VR_7956,Ont.,0.0,0.0,0.0,0.0,0.6,2022,centre20,Zone140,Neighbourhood388,Dwelling2
VR_7957,Ont.,0.0,0.0,0.0,0.0,0.0,2022,centre21,Zone93,Neighbourhood252,Dwelling1
VR_7958,Ont.,1.9,1.5,0.4,0.6,1.3,2022,centre21,Zone93,Neighbourhood252,Dwelling2
VR_7959,Ont.,0.0,0.0,0.0,0.0,0.0,2022,centre21,Zone141,Neighbourhood389,Dwelling1
VR_7960,Ont.,0.0,1.6,0.0,0.0,2.3,2022,centre21,Zone141,Neighbourhood389,Dwelling2
VR_7961,Ont.,0.0,0.0,0.0,0.0,0.0,2022,centre21,Zone141,Neighbourhood390,Dwelling1
VR_7962,Ont.,1.0,2.1,0.0,0.0,1.9,2022,centre21,Zone141,Neighbourhood390,Dwelling2
VR_7963,Ont.,0.0,0.0,0.0,0.0,0.0,2022,centre21,Zone142,Neighbourhood391,Dwelling1
VR_7964,Ont.,0.0,0.5,0.0,0.0,0.2,2022,centre21,Zone142,Neighbourhood391,Dwelling2
VR_7965,Ont.,0.0,0.0,0.0,0.0,0.0,2022,centre21,Zone142,Neighbourhood392,Dwelling1
VR_7966,Ont.,0.0,1.9,0.4,0.5,1.1,2022,centre21,Zone142,Neighbourhood392,Dwelling2
VR_7967,Ont.,0.0,0.0,0.0,0.0,0.0,2022,centre21,Zone143,Neighbourhood393,Dwelling1
VR_7968,Ont.,0.4,3.5,3.9,0.0,3.5,2022,centre21,Zone143,Neighbourhood393,Dwelling2
VR_7969,Ont.,0.0,0.0,0.0,0.0,0.0,2022,centre21,Zone144,Neighbourhood394,Dwelling1
VR_7970,Ont.,0.0,0.0,0.0,0.0,0.0,2022,centre21,Zone144,Neighbourhood394,Dwelling2
VR_7971,Ont.,0.0,0.0,0.0,0.0,0.0,2022,centre21,Zone144,Neighbourhood395,Dwelling1
VR_7972,Ont.,1.2,0.5,0.6,0.0,0.6,2022,centre21,Zone144,Neighbourhood395,Dwelling2
VR_7973,Ont.,0.0,0.0,0.0,0.0,0.0,2022,centre21,Zone144,Neighbourhood396,Dwelling1
VR_7974,Ont.,0.0,0.0,0.0,0.0,1.7,2022,centre21,Zone144,Neighbourhood396,Dwelling2
VR_7975,Ont.,0.0,0.0,0.0,0.0,0.0,2022,centre21,Zone145,Neighbourhood397,Dwelling1
VR_7976,Ont.,0.0,1.8,0.2,0.0,1.2,2022,centre21,Zone145,Neighbourhood397,Dwelling2
VR_7977,Ont.,0.0,0.0,0.0,0.0,0.0,2022,centre21,Zone145,Neighbourhood398,Dwelling1
VR_7978,Ont.,0.0,1.0,0.0,0.0,1.7,2022,centre21,Zone145,Neighbourhood398,Dwelling2
VR_7979,Ont.,0.0,0.0,0.0,0.0,0.0,2022,centre21,Zone145,Neighbourhood399,Dwelling1
VR_7980,Ont.,1.1,2.0,2.7,0.0,2.0,2022,centre21,Zone145,Neighbourhood399,Dwelling2
VR_7981,Ont.,0.0,0.0,0.0,0.0,0.0,2022,centre21,Zone146,Neighbourhood400,Dwelling1
VR_7982,Ont.,1.3,1.0,1.0,0.0,1.0,2022,centre21,Zone146,Neighbourhood400,Dwelling2
VR_7983,Ont.,0.0,0.0,0.0,0.0,0.0,2022,centre21,Zone146,Neighbourhood401,Dwelling1
VR_7984,Ont.,0.0,1.5,0.0,0.0,2.1,2022,centre21,Zone146,Neighbourhood401,Dwelling2
VR_7985,Ont.,0.0,0.0,0.0,0.0,0.0,2022,centre21,Zone147,Neighbourhood402,Dwelling1
VR_7986,Ont.,0.0,0.4,0.1,0.0,0.2,2022,centre21,Zone147,Neighbourhood402,Dwelling2
VR_7987,Ont.,0.0,0.0,0.0,0.0,0.0,2022,centre21,Zone147,Neighbourhood403,Dwelling1
VR_7988,Ont.,0.7,6.3,0.0,0.0,6.0,2022,centre21,Zone147,Neighbourhood403,Dwelling2
VR_7989,Ont.,0.0,0.0,0.0,0.0,0.0,2022,centre21,Zone148,Neighbourhood404,Dwelling1
VR_7990,Ont.,1.0,1.6,1.4,0.0,1.4,2022,centre21,Zone148,Neighbourhood404,Dwelling2
VR_7991,Ont.,0.0,0.0,0.0,0.0,0.0,2022,centre21,Zone149,Neighbourhood194,Dwelling1
VR_7992,Ont.,0.0,2.1,2.5,0.0,2.5,2022,centre21,Zone149,Neighbourhood194,Dwelling2
VR_7993,Ont.,0.0,0.0,0.0,0.2,0.2,2022,centre21,Zone150,Neighbourhood405,Dwelling1
VR_7994,Ont.,0.0,1.7,0.0,0.0,2.4,2022,centre21,Zone150,Neighbourhood405,Dwelling2
VR_7995,Ont.,0.0,0.0,0.0,0.0,0.7,2022,centre21,Zone150,Neighbourhood406,Dwelling1
VR_7996,Ont.,2.9,1.1,7.8,0.0,4.5,2022,centre21,Zone150,Neighbourhood406,Dwelling2
VR_7997,Ont.,0.0,0.0,0.0,0.0,0.0,2022,centre21,Zone151,Neighbourhood407,Dwelling1
VR_7998,Ont.,0.0,0.0,0.0,0.0,0.0,2022,centre21,Zone151,Neighbourhood407,Dwelling2
VR_7999,Ont.,0.0,0.0,0.0,0.0,0.0,2022,centre21,Zone151,Neighbourhood408,Dwelling1
VR_8000,Ont.,0.0,0.0,0.0,0.0,0.0,2022,centre21,Zone151,Neighbourhood408,Dwelling2
VR_8001,Ont.,0.0,0.0,0.0,1.2,1.3,2022,centre21,Zone152,Neighbourhood409,Dwelling1
VR_8002,Ont.,0.0,1.2,0.7,0.0,0.9,2022,centre21,Zone152,Neighbourhood409,Dwelling2
VR_8003,Ont.,0.0,0.0,0.0,0.0,0.0,2022,centre21,Zone152,Neighbourhood410,Dwelling1
VR_8004,Ont.,6.8,2.7,1.2,0.0,2.1,2022,centre21,Zone152,Neighbourhood410,Dwelling2
VR_8005,Ont.,0.0,0.0,0.0,0.0,0.0,2022,centre21,Zone152,Neighbourhood411,Dwelling1
VR_8006,Ont.,0.0,0.0,0.0,0.0,0.0,2022,centre21,Zone152,Neighbourhood411,Dwelling2
VR_8007,Ont.,0.0,0.0,0.0,0.0,0.0,2022,centre21,Zone153,Neighbourhood412,Dwelling1
VR_8008,Ont.,0.0,0.0,0.6,0.0,0.4,2022,centre21,Zone153,Neighbourhood412,Dwelling2
VR_8009,Ont.,0.0,0.0,0.0,0.0,0.0,2022,centre21,Zone153,Neighbourhood413,Dwelling1
VR_8010,Ont.,0.0,0.0,0.0,0.0,0.0,2022,centre21,Zone153,Neighbourhood413,Dwelling2
VR_8011,Ont.,0.0,0.0,0.0,0.0,0.0,2022,centre21,Zone154,Neighbourhood414,Dwelling1
VR_8012,Ont.,0.0,0.0,0.0,0.0,0.0,2022,centre21,Zone154,Neighbourhood414,Dwelling2
VR_8013,Ont.,0.0,0.0,0.0,0.0,0.0,2022,centre22,Zone93,Neighbourhood415,Dwelling1
VR_8014,Ont.,0.0,1.8,0.0,0.0,1.6,2022,centre22,Zone93,Neighbourhood415,Dwelling2
VR_8015,Ont.,0.0,0.0,0.0,0.0,0.0,2022,centre22,Zone93,Neighbourhood416,Dwelling1
VR_8016,Ont.,0.0,0.5,0.7,0.0,0.6,2022,centre22,Zone93,Neighbourhood416,Dwelling2
VR_8017,Ont.,0.0,0.0,0.0,0.0,0.0,2022,centre22,Zone3,Neighbourhood417,Dwelling1
VR_8018,Ont.,0.0,1.0,1.7,0.0,1.3,2022,centre22,Zone3,Neighbourhood417,Dwelling2
VR_8019,Ont.,0.0,0.0,0.0,0.0,0.0,2022,centre22,Zone3,Neighbourhood418,Dwelling1
VR_8020,Ont.,0.0,0.0,0.0,0.0,0.0,2022,centre22,Zone3,Neighbourhood418,Dwelling2
VR_8021,Ont.,0.0,0.0,0.0,0.0,0.0,2022,centre22,Zone3,Neighbourhood419,Dwelling1
VR_8022,Ont.,0.0,0.0,0.7,0.0,1.1,2022,centre22,Zone3,Neighbourhood419,Dwelling2
VR_8023,Ont.,0.0,0.0,0.0,0.0,0.0,2022,centre22,Zone3,Neighbourhood420,Dwelling1
VR_8024,Ont.,0.0,0.0,0.0,0.0,0.0,2022,centre22,Zone3,Neighbourhood420,Dwelling2
VR_8025,Ont.,0.0,0.0,0.0,0.0,0.0,2022,centre22,Zone3,Neighbourhood421,Dwelling1
VR_8026,Ont.,0.0,0.0,0.0,0.0,0.0,2022,centre22,Zone3,Neighbourhood421,Dwelling2
VR_8027,Ont.,0.0,0.0,0.0,0.0,0.0,2022,centre23,Zone155,Neighbourhood422,Dwelling1
VR_8028,Ont.,0.0,1.3,1.1,0.0,1.0,2022,centre23,Zone155,Neighbourhood422,Dwelling2
VR_8029,Ont.,0.0,0.0,0.0,0.0,0.0,2022,centre23,Zone156,Neighbourhood423,Dwelling1
VR_8030,Ont.,0.0,1.5,1.0,4.7,1.1,2022,centre23,Zone156,Neighbourhood423,Dwelling2
VR_8031,Ont.,0.0,0.0,0.0,0.0,0.0,2022,centre23,Zone156,Neighbourhood424,Dwelling1
VR_8032,Ont.,0.0,0.0,0.7,0.0,1.1,2022,centre23,Zone156,Neighbourhood424,Dwelling2
VR_8033,Ont.,0.0,0.0,0.0,0.0,0.0,2022,centre23,Zone157,Neighbourhood425,Dwelling1
VR_8034,Ont.,0.7,0.0,0.0,0.0,0.0,2022,centre23,Zone157,Neighbourhood425,Dwelling2
VR_8035,Ont.,0.0,0.0,0.0,0.0,0.0,2022,centre23,Zone157,Neighbourhood426,Dwelling1
VR_8036,Ont.,0.0,0.0,0.0,0.0,5.8,2022,centre23,Zone157,Neighbourhood426,Dwelling2
VR_8037,Ont.,0.0,0.0,0.0,0.0,0.0,2022,centre23,Zone157,Neighbourhood427,Dwelling1
VR_8038,Ont.,0.0,0.0,0.0,0.0,0.0,2022,centre23,Zone157,Neighbourhood427,Dwelling2
VR_8039,Ont.,0.0,0.0,0.0,0.0,0.0,2022,centre23,Zone3,Neighbourhood428,Dwelling1
VR_8040,Ont.,0.0,0.0,0.0,0.0,0.0,2022,centre23,Zone3,Neighbourhood428,Dwelling2
VR_8041,Ont.,0.0,0.0,0.0,0.0,0.0,2022,centre23,Zone3,Neighbourhood429,Dwelling1
VR_8042,Ont.,0.0,0.0,0.0,0.0,0.0,2022,centre23,Zone3,Neighbourhood429,Dwelling2
VR_8043,Ont.,0.0,0.0,0.0,0.0,0.0,2022,centre23,Zone3,Neighbourhood430,Dwelling1
VR_8044,Ont.,0.0,0.0,0.0,0.0,0.0,2022,centre23,Zone3,Neighbourhood430,Dwelling2
VR_8045,Ont.,0.0,0.0,0.0,0.0,0.0,2022,centre23,Zone3,Neighbourhood431,Dwelling1
VR_8046,Ont.,0.0,0.0,0.0,0.0,0.0,2022,centre23,Zone3,Neighbourhood431,Dwelling2
VR_8047,Ont.,0.0,0.0,0.0,0.0,0.0,2022,centre24,Zone158,Neighbourhood432,Dwelling1
VR_8048,Ont.,0.0,1.4,0.0,0.0,1.0,2022,centre24,Zone158,Neighbourhood432,Dwelling2
VR_8049,Ont.,0.0,0.0,0.0,0.0,0.0,2022,centre24,Zone158,Neighbourhood433,Dwelling1
VR_8050,Ont.,0.0,0.0,0.6,0.0,0.0,2022,centre24,Zone158,Neighbourhood433,Dwelling2
VR_8051,Ont.,0.0,0.0,0.0,0.0,0.0,2022,centre24,Zone158,Neighbourhood434,Dwelling1
VR_8052,Ont.,0.0,0.0,0.0,0.0,0.0,2022,centre24,Zone158,Neighbourhood434,Dwelling2
VR_8053,Ont.,0.0,0.0,0.0,0.0,0.0,2022,centre24,Zone158,Neighbourhood435,Dwelling1
VR_8054,Ont.,0.0,0.0,1.0,0.0,2.5,2022,centre24,Zone158,Neighbourhood435,Dwelling2
VR_8055,Ont.,0.0,0.0,0.0,0.0,0.0,2022,centre24,Zone158,Neighbourhood436,Dwelling1
VR_8056,Ont.,0.0,0.0,0.0,0.0,0.0,2022,centre24,Zone158,Neighbourhood436,Dwelling2
VR_8057,Ont.,0.0,0.0,0.0,0.0,0.0,2022,centre24,Zone159,Neighbourhood255,Dwelling1
VR_8058,Ont.,0.0,1.3,1.0,0.0,1.6,2022,centre24,Zone159,Neighbourhood255,Dwelling2
VR_8059,Ont.,0.0,0.0,0.0,0.0,0.0,2022,centre24,Zone159,Neighbourhood437,Dwelling1
VR_8060,Ont.,0.0,0.0,0.0,0.0,0.0,2022,centre24,Zone159,Neighbourhood437,Dwelling2
VR_8061,Ont.,0.0,0.0,0.0,0.0,0.0,2022,centre24,Zone159,Neighbourhood438,Dwelling1
VR_8062,Ont.,0.0,0.7,1.2,0.0,1.0,2022,centre24,Zone159,Neighbourhood438,Dwelling2
VR_8063,Ont.,0.0,0.0,0.0,0.0,0.0,2022,centre24,Zone159,Neighbourhood439,Dwelling1
VR_8064,Ont.,0.0,0.0,0.0,0.0,0.0,2022,centre24,Zone159,Neighbourhood439,Dwelling2
VR_8065,Ont.,0.0,0.0,0.0,0.0,0.0,2022,centre25,Zone160,Neighbourhood440,Dwelling1
VR_8066,Ont.,0.0,0.0,0.0,0.0,0.0,2022,centre25,Zone160,Neighbourhood440,Dwelling2
VR_8067,Ont.,0.0,0.0,0.0,0.0,0.0,2022,centre25,Zone160,Neighbourhood441,Dwelling1
VR_8068,Ont.,1.1,0.0,0.0,1.8,0.0,2022,centre25,Zone160,Neighbourhood441,Dwelling2
VR_8069,Ont.,0.0,0.0,0.0,0.0,0.0,2022,centre25,Zone160,Neighbourhood442,Dwelling1
VR_8070,Ont.,1.1,2.4,0.0,0.0,2.6,2022,centre25,Zone160,Neighbourhood442,Dwelling2
VR_8071,Ont.,0.0,0.0,0.0,0.0,0.0,2022,centre25,Zone160,Neighbourhood443,Dwelling1
VR_8072,Ont.,1.2,0.5,0.2,0.0,0.5,2022,centre25,Zone160,Neighbourhood443,Dwelling2
VR_8073,Ont.,0.0,0.0,0.0,0.0,0.0,2022,centre25,Zone160,Neighbourhood444,Dwelling1
VR_8074,Ont.,5.1,3.3,1.2,0.0,3.5,2022,centre25,Zone160,Neighbourhood444,Dwelling2
VR_8075,Ont.,0.0,0.0,0.0,0.0,0.0,2022,centre25,Zone160,Neighbourhood445,Dwelling1
VR_8076,Ont.,2.2,3.8,2.5,0.0,3.0,2022,centre25,Zone160,Neighbourhood445,Dwelling2
VR_8077,Ont.,0.0,0.0,0.0,0.0,0.0,2022,centre25,Zone160,Neighbourhood446,Dwelling1
VR_8078,Ont.,0.0,0.0,0.0,0.0,0.0,2022,centre25,Zone160,Neighbourhood446,Dwelling2
VR_8079,Ont.,0.0,0.0,0.0,0.0,0.0,2022,centre25,Zone160,Neighbourhood447,Dwelling1
VR_8080,Ont.,0.8,2.1,0.8,0.0,1.6,2022,centre25,Zone160,Neighbourhood447,Dwelling2
VR_8081,Ont.,0.0,0.0,0.0,0.0,0.0,2022,centre25,Zone160,Neighbourhood448,Dwelling1
VR_8082,Ont.,0.0,0.0,0.2,0.0,0.1,2022,centre25,Zone160,Neighbourhood448,Dwelling2
VR_8083,Ont.,0.0,0.0,0.0,0.0,0.0,2022,centre25,Zone161,Neighbourhood449,Dwelling1
VR_8084,Ont.,0.0,2.3,1.2,0.0,1.6,2022,centre25,Zone161,Neighbourhood449,Dwelling2
VR_8085,Ont.,0.0,0.0,0.0,0.0,0.0,2022,centre25,Zone161,Neighbourhood450,Dwelling1
VR_8086,Ont.,0.0,0.0,0.0,0.0,0.0,2022,centre25,Zone161,Neighbourhood450,Dwelling2
VR_8087,Ont.,0.0,0.0,0.0,0.0,0.0,2022,centre25,Zone161,Neighbourhood451,Dwelling1
VR_8088,Ont.,10.0,6.5,5.7,0.0,6.6,2022,centre25,Zone161,Neighbourhood451,Dwelling2
VR_8089,Ont.,0.0,0.0,0.0,0.0,0.0,2022,centre25,Zone161,Neighbourhood452,Dwelling1
VR_8090,Ont.,0.0,0.0,0.0,0.0,0.0,2022,centre25,Zone161,Neighbourhood452,Dwelling2
VR_8091,Ont.,0.0,0.0,0.0,0.0,0.0,2022,centre25,Zone161,Neighbourhood453,Dwelling1
VR_8092,Ont.,0.0,0.0,0.0,0.0,3.4,2022,centre25,Zone161,Neighbourhood453,Dwelling2
VR_8093,Ont.,0.0,0.0,0.0,0.0,0.0,2022,centre25,Zone162,Neighbourhood454,Dwelling1
VR_8094,Ont.,0.0,4.5,0.0,0.0,0.0,2022,centre25,Zone162,Neighbourhood454,Dwelling2
VR_8095,Ont.,0.0,0.0,0.0,0.0,0.0,2022,centre25,Zone162,Neighbourhood455,Dwelling1
VR_8096,Ont.,1.5,1.5,0.9,0.0,1.3,2022,centre25,Zone162,Neighbourhood455,Dwelling2
VR_8097,Ont.,0.0,0.0,0.0,0.0,0.0,2022,centre25,Zone162,Neighbourhood456,Dwelling1
VR_8098,Ont.,0.0,0.7,0.0,0.0,1.0,2022,centre25,Zone162,Neighbourhood456,Dwelling2
VR_8099,Ont.,0.0,0.0,0.0,0.0,0.0,2022,centre25,Zone162,Neighbourhood457,Dwelling1
VR_8100,Ont.,0.0,1.5,0.0,0.0,1.4,2022,centre25,Zone162,Neighbourhood457,Dwelling2
VR_8101,Ont.,0.0,0.0,0.0,0.0,0.0,2022,centre25,Zone162,Neighbourhood458,Dwelling1
VR_8102,Ont.,0.0,0.0,0.0,0.0,1.3,2022,centre25,Zone162,Neighbourhood458,Dwelling2
VR_8103,Ont.,0.0,0.0,0.0,0.0,0.0,2022,centre25,Zone162,Neighbourhood459,Dwelling1
VR_8104,Ont.,2.5,1.3,0.9,0.0,1.5,2022,centre25,Zone162,Neighbourhood459,Dwelling2
VR_8105,Ont.,0.0,0.0,0.0,0.0,0.0,2022,centre25,Zone162,Neighbourhood460,Dwelling1
VR_8106,Ont.,0.7,0.7,0.2,0.0,0.5,2022,centre25,Zone162,Neighbourhood460,Dwelling2
VR_8107,Ont.,0.0,0.0,0.0,0.0,0.0,2022,centre25,Zone162,Neighbourhood461,Dwelling1
VR_8108,Ont.,0.0,1.0,0.5,0.0,0.7,2022,centre25,Zone162,Neighbourhood461,Dwelling2
VR_8109,Ont.,0.0,0.0,0.0,0.0,0.0,2022,centre25,Zone162,Neighbourhood462,Dwelling1
VR_8110,Ont.,0.0,0.0,0.0,0.0,0.0,2022,centre25,Zone162,Neighbourhood462,Dwelling2
VR_8111,Ont.,0.0,0.0,0.0,0.0,0.0,2022,centre25,Zone162,Neighbourhood463,Dwelling1
VR_8112,Ont.,1.6,0.7,0.8,1.2,0.8,2022,centre25,Zone162,Neighbourhood463,Dwelling2
VR_8113,Ont.,0.0,0.0,0.0,0.0,0.0,2022,centre25,Zone163,Neighbourhood464,Dwelling1
VR_8114,Ont.,3.0,1.9,1.4,0.0,2.0,2022,centre25,Zone163,Neighbourhood464,Dwelling2
VR_8115,Ont.,0.0,0.0,0.0,0.0,0.0,2022,centre25,Zone163,Neighbourhood465,Dwelling1
VR_8116,Ont.,0.0,0.0,0.0,0.0,0.0,2022,centre25,Zone163,Neighbourhood465,Dwelling2
VR_8117,Ont.,0.0,0.0,0.0,0.0,0.0,2022,centre25,Zone163,Neighbourhood466,Dwelling1
VR_8118,Ont.,0.0,0.0,0.0,0.0,0.0,2022,centre25,Zone163,Neighbourhood466,Dwelling2
VR_8119,Ont.,0.0,0.0,0.0,0.0,0.0,2022,centre25,Zone163,Neighbourhood467,Dwelling1
VR_8120,Ont.,4.5,4.5,2.4,0.0,3.9,2022,centre25,Zone163,Neighbourhood467,Dwelling2
VR_8121,Ont.,0.0,0.0,0.0,0.0,0.0,2022,centre25,Zone163,Neighbourhood468,Dwelling1
VR_8122,Ont.,0.0,2.6,0.0,0.0,2.2,2022,centre25,Zone163,Neighbourhood468,Dwelling2
VR_8123,Ont.,0.0,0.0,0.0,0.0,0.0,2022,centre25,Zone163,Neighbourhood469,Dwelling1
VR_8124,Ont.,1.1,0.8,1.9,0.0,1.1,2022,centre25,Zone163,Neighbourhood469,Dwelling2
VR_8125,Ont.,0.0,0.0,0.0,0.0,0.0,2022,centre25,Zone163,Neighbourhood470,Dwelling1
VR_8126,Ont.,0.0,0.0,0.2,0.0,0.8,2022,centre25,Zone163,Neighbourhood470,Dwelling2
VR_8127,Ont.,0.0,0.0,0.0,0.0,0.0,2022,centre25,Zone163,Neighbourhood471,Dwelling1
VR_8128,Ont.,0.0,0.0,0.0,0.0,0.0,2022,centre25,Zone163,Neighbourhood471,Dwelling2
VR_8129,Ont.,0.0,0.0,0.0,0.0,0.0,2022,centre25,Zone164,Neighbourhood472,Dwelling1
VR_8130,Ont.,2.5,1.7,0.0,0.0,2.8,2022,centre25,Zone164,Neighbourhood472,Dwelling2
VR_8131,Ont.,0.0,0.0,0.0,0.0,0.0,2022,centre25,Zone164,Neighbourhood473,Dwelling1
VR_8132,Ont.,0.0,0.0,0.0,0.0,0.0,2022,centre25,Zone164,Neighbourhood473,Dwelling2
VR_8133,Ont.,0.0,0.0,0.0,0.0,0.0,2022,centre25,Zone164,Neighbourhood474,Dwelling1
VR_8134,Ont.,0.0,0.0,2.7,0.0,5.6,2022,centre25,Zone164,Neighbourhood474,Dwelling2
VR_8135,Ont.,0.0,0.0,0.0,0.0,0.0,2022,centre25,Zone164,Neighbourhood475,Dwelling1
VR_8136,Ont.,0.0,0.0,0.0,0.0,0.0,2022,centre25,Zone164,Neighbourhood475,Dwelling2
VR_8137,Ont.,0.0,0.0,0.0,0.0,0.0,2022,centre25,Zone164,Neighbourhood476,Dwelling1
VR_8138,Ont.,0.0,0.0,0.0,0.0,0.0,2022,centre25,Zone164,Neighbourhood476,Dwelling2
VR_8139,Ont.,0.0,0.0,0.0,0.0,0.0,2022,centre25,Zone164,Neighbourhood477,Dwelling1
VR_8140,Ont.,0.0,0.9,0.5,0.0,0.6,2022,centre25,Zone164,Neighbourhood477,Dwelling2
VR_8141,Ont.,0.0,0.0,0.0,0.0,0.0,2022,centre25,Zone165,Neighbourhood478,Dwelling1
VR_8142,Ont.,0.0,3.1,1.1,0.0,1.8,2022,centre25,Zone165,Neighbourhood478,Dwelling2
VR_8143,Ont.,0.0,0.0,0.0,0.0,0.0,2022,centre25,Zone165,Neighbourhood479,Dwelling1
VR_8144,Ont.,0.6,1.6,0.7,0.3,1.0,2022,centre25,Zone165,Neighbourhood479,Dwelling2
VR_8145,Ont.,0.0,0.0,0.0,0.0,0.0,2022,centre25,Zone165,Neighbourhood480,Dwelling1
VR_8146,Ont.,0.0,1.3,0.8,1.5,1.1,2022,centre25,Zone165,Neighbourhood480,Dwelling2
VR_8147,Ont.,0.0,0.0,0.0,0.0,0.0,2022,centre25,Zone165,Neighbourhood481,Dwelling1
VR_8148,Ont.,0.0,1.3,0.4,0.0,1.2,2022,centre25,Zone165,Neighbourhood481,Dwelling2
VR_8149,Ont.,0.0,0.0,0.0,0.0,0.0,2022,centre25,Zone165,Neighbourhood482,Dwelling1
VR_8150,Ont.,0.0,1.7,0.0,0.0,0.4,2022,centre25,Zone165,Neighbourhood482,Dwelling2
VR_8151,Ont.,0.0,0.0,0.0,0.0,0.0,2022,centre25,Zone165,Neighbourhood483,Dwelling1
VR_8152,Ont.,0.0,0.5,0.0,0.0,0.2,2022,centre25,Zone165,Neighbourhood483,Dwelling2
VR_8153,Ont.,0.0,0.0,0.0,0.0,0.0,2022,centre25,Zone165,Neighbourhood484,Dwelling1
VR_8154,Ont.,0.0,0.0,0.4,0.0,0.3,2022,centre25,Zone165,Neighbourhood484,Dwelling2
VR_8155,Ont.,0.0,0.0,0.0,0.0,0.0,2022,centre25,Zone165,Neighbourhood485,Dwelling1
VR_8156,Ont.,0.0,0.4,1.4,0.4,0.9,2022,centre25,Zone165,Neighbourhood485,Dwelling2
VR_8157,Ont.,0.0,0.0,0.0,0.0,0.0,2022,centre25,Zone165,Neighbourhood486,Dwelling1
VR_8158,Ont.,0.0,0.0,0.3,0.0,0.9,2022,centre25,Zone165,Neighbourhood486,Dwelling2
VR_8159,Ont.,0.0,0.0,0.0,0.0,0.0,2022,centre25,Zone166,Neighbourhood487,Dwelling1
VR_8160,Ont.,0.0,0.0,0.0,0.0,0.0,2022,centre25,Zone166,Neighbourhood487,Dwelling2
VR_8161,Ont.,0.0,0.0,0.0,0.0,0.0,2022,centre25,Zone166,Neighbourhood488,Dwelling1
VR_8162,Ont.,0.0,0.0,0.0,0.0,0.0,2022,centre25,Zone166,Neighbourhood488,Dwelling2
VR_8163,Ont.,0.0,0.0,0.0,0.0,0.0,2022,centre25,Zone166,Neighbourhood489,Dwelling1
VR_8164,Ont.,0.0,0.5,0.8,0.0,0.7,2022,centre25,Zone166,Neighbourhood489,Dwelling2
VR_8165,Ont.,0.0,0.0,0.0,0.0,0.0,2022,centre25,Zone166,Neighbourhood490,Dwelling1
VR_8166,Ont.,0.0,1.5,0.7,0.9,0.9,2022,centre25,Zone166,Neighbourhood490,Dwelling2
VR_8167,Ont.,0.0,0.0,0.0,0.0,0.0,2022,centre25,Zone167,Neighbourhood491,Dwelling1
VR_8168,Ont.,4.5,2.5,1.5,1.1,2.3,2022,centre25,Zone167,Neighbourhood491,Dwelling2
VR_8169,Ont.,0.0,0.0,0.0,0.0,0.0,2022,centre25,Zone167,Neighbourhood492,Dwelling1
VR_8170,Ont.,0.6,0.9,0.3,0.0,0.6,2022,centre25,Zone167,Neighbourhood492,Dwelling2
VR_8171,Ont.,0.0,0.0,0.0,0.0,0.0,2022,centre25,Zone167,Neighbourhood493,Dwelling1
VR_8172,Ont.,0.0,0.0,0.0,0.0,1.3,2022,centre25,Zone167,Neighbourhood493,Dwelling2
VR_8173,Ont.,0.0,0.0,0.0,0.0,0.0,2022,centre25,Zone167,Neighbourhood494,Dwelling1
VR_8174,Ont.,0.0,0.0,0.0,0.0,0.0,2022,centre25,Zone167,Neighbourhood494,Dwelling2
VR_8175,Ont.,0.0,0.0,0.0,0.0,0.0,2022,centre25,Zone167,Neighbourhood495,Dwelling1
VR_8176,Ont.,0.0,0.0,0.0,0.0,0.0,2022,centre25,Zone167,Neighbourhood495,Dwelling2
VR_8177,Ont.,0.0,0.0,0.0,0.0,0.0,2022,centre25,Zone167,Neighbourhood496,Dwelling1
VR_8178,Ont.,0.0,0.0,0.0,0.0,1.3,2022,centre25,Zone167,Neighbourhood496,Dwelling2
VR_8179,Ont.,0.0,0.0,0.0,0.0,0.0,2022,centre25,Zone167,Neighbourhood497,Dwelling1
VR_8180,Ont.,0.0,0.0,0.0,0.0,0.0,2022,centre25,Zone167,Neighbourhood497,Dwelling2
VR_8181,Ont.,0.0,0.0,0.0,0.0,0.0,2022,centre25,Zone167,Neighbourhood498,Dwelling1
VR_8182,Ont.,0.0,1.2,1.1,0.0,1.4,2022,centre25,Zone167,Neighbourhood498,Dwelling2
VR_8183,Ont.,0.0,0.0,0.0,0.0,0.0,2022,centre25,Zone167,Neighbourhood499,Dwelling1
VR_8184,Ont.,0.0,0.0,0.0,0.0,0.0,2022,centre25,Zone167,Neighbourhood499,Dwelling2
VR_8185,Ont.,0.0,0.0,0.0,0.0,0.0,2022,centre25,Zone167,Neighbourhood500,Dwelling1
VR_8186,Ont.,0.0,0.0,0.5,0.0,0.6,2022,centre25,Zone167,Neighbourhood500,Dwelling2
VR_8187,Ont.,0.0,0.0,0.0,0.0,0.0,2022,centre25,Zone168,Neighbourhood501,Dwelling1
VR_8188,Ont.,0.0,2.0,1.2,0.0,1.8,2022,centre25,Zone168,Neighbourhood501,Dwelling2
VR_8189,Ont.,0.0,0.0,0.0,0.0,0.0,2022,centre25,Zone168,Neighbourhood502,Dwelling1
VR_8190,Ont.,0.0,1.6,0.0,0.0,1.1,2022,centre25,Zone168,Neighbourhood502,Dwelling2
VR_8191,Ont.,0.0,0.0,0.0,0.0,0.0,2022,centre25,Zone168,Neighbourhood503,Dwelling1
VR_8192,Ont.,0.0,0.0,0.0,0.0,0.0,2022,centre25,Zone168,Neighbourhood503,Dwelling2
VR_8193,Ont.,0.0,0.0,0.0,0.0,0.0,2022,centre25,Zone168,Neighbourhood504,Dwelling1
VR_8194,Ont.,0.0,0.0,0.0,0.0,1.5,2022,centre25,Zone168,Neighbourhood504,Dwelling2
VR_8195,Ont.,0.0,0.0,0.0,0.0,0.0,2022,centre25,Zone168,Neighbourhood505,Dwelling1
VR_8196,Ont.,0.0,3.3,0.5,0.4,1.9,2022,centre25,Zone168,Neighbourhood505,Dwelling2
VR_8197,Ont.,0.0,0.0,0.0,0.0,0.0,2022,centre25,Zone168,Neighbourhood506,Dwelling1
VR_8198,Ont.,0.0,0.0,0.0,0.0,0.0,2022,centre25,Zone168,Neighbourhood506,Dwelling2
VR_8199,Ont.,0.0,0.0,0.0,0.0,0.0,2022,centre25,Zone168,Neighbourhood507,Dwelling1
VR_8200,Ont.,0.0,1.6,1.2,1.5,1.4,2022,centre25,Zone168,Neighbourhood507,Dwelling2
VR_8201,Ont.,0.0,0.0,0.0,0.0,0.0,2022,centre25,Zone168,Neighbourhood508,Dwelling1
VR_8202,Ont.,0.0,1.2,0.0,0.0,0.8,2022,centre25,Zone168,Neighbourhood508,Dwelling2
VR_8203,Ont.,0.0,0.0,0.0,0.0,0.0,2022,centre25,Zone169,Neighbourhood509,Dwelling1
VR_8204,Ont.,0.0,2.9,0.0,0.0,2.2,2022,centre25,Zone169,Neighbourhood509,Dwelling2
VR_8205,Ont.,0.0,0.0,0.0,0.0,0.0,2022,centre25,Zone169,Neighbourhood510,Dwelling1
VR_8206,Ont.,0.0,2.2,0.4,5.3,1.2,2022,centre25,Zone169,Neighbourhood510,Dwelling2
VR_8207,Ont.,0.0,0.0,0.0,0.0,0.0,2022,centre25,Zone169,Neighbourhood511,Dwelling1
VR_8208,Ont.,0.0,2.6,1.5,0.9,1.6,2022,centre25,Zone169,Neighbourhood511,Dwelling2
VR_8209,Ont.,0.0,0.0,0.0,0.0,0.0,2022,centre25,Zone169,Neighbourhood512,Dwelling1
VR_8210,Ont.,0.0,1.4,0.0,3.1,0.0,2022,centre25,Zone169,Neighbourhood512,Dwelling2
VR_8211,Ont.,0.0,0.0,0.0,0.0,0.0,2022,centre25,Zone169,Neighbourhood340,Dwelling1
VR_8212,Ont.,4.0,2.0,0.4,0.0,1.5,2022,centre25,Zone169,Neighbourhood340,Dwelling2
VR_8213,Ont.,0.0,0.0,0.0,0.0,0.0,2022,centre25,Zone169,Neighbourhood513,Dwelling1
VR_8214,Ont.,0.0,0.1,0.0,0.0,0.1,2022,centre25,Zone169,Neighbourhood513,Dwelling2
VR_8215,Ont.,0.0,0.0,0.0,0.0,0.0,2022,centre25,Zone169,Neighbourhood514,Dwelling1
VR_8216,Ont.,0.0,1.1,0.7,0.0,0.9,2022,centre25,Zone169,Neighbourhood514,Dwelling2
VR_8217,Ont.,0.0,0.0,0.0,0.0,0.0,2022,centre25,Zone169,Neighbourhood515,Dwelling1
VR_8218,Ont.,0.0,0.6,0.9,0.0,0.7,2022,centre25,Zone169,Neighbourhood515,Dwelling2
VR_8219,Ont.,0.0,0.0,0.0,0.0,0.0,2022,centre25,Zone169,Neighbourhood516,Dwelling1
VR_8220,Ont.,0.0,0.3,0.7,0.0,0.5,2022,centre25,Zone169,Neighbourhood516,Dwelling2
VR_8221,Ont.,0.0,0.0,0.0,0.0,0.0,2022,centre25,Zone169,Neighbourhood517,Dwelling1
VR_8222,Ont.,0.0,0.0,0.6,0.4,0.8,2022,centre25,Zone169,Neighbourhood517,Dwelling2
VR_8223,Ont.,0.0,0.0,0.0,0.0,0.0,2022,centre25,Zone170,Neighbourhood518,Dwelling1
VR_8224,Ont.,0.0,0.9,1.0,0.5,0.9,2022,centre25,Zone170,Neighbourhood518,Dwelling2
VR_8225,Ont.,0.0,0.0,0.0,0.0,0.0,2022,centre25,Zone170,Neighbourhood519,Dwelling1
VR_8226,Ont.,0.0,1.1,0.8,4.1,1.4,2022,centre25,Zone170,Neighbourhood519,Dwelling2
VR_8227,Ont.,0.0,0.0,0.0,0.0,0.0,2022,centre25,Zone170,Neighbourhood520,Dwelling1
VR_8228,Ont.,0.0,0.7,1.1,0.0,0.9,2022,centre25,Zone170,Neighbourhood520,Dwelling2
VR_8229,Ont.,0.0,0.0,0.0,0.0,0.0,2022,centre25,Zone171,Neighbourhood521,Dwelling1
VR_8230,Ont.,0.0,2.2,1.9,1.4,1.9,2022,centre25,Zone171,Neighbourhood521,Dwelling2
VR_8231,Ont.,0.0,0.0,0.0,0.0,0.0,2022,centre25,Zone171,Neighbourhood522,Dwelling1
VR_8232,Ont.,0.0,0.0,0.0,0.0,0.0,2022,centre25,Zone171,Neighbourhood522,Dwelling2
VR_8233,Ont.,0.0,0.0,0.0,0.0,0.0,2022,centre25,Zone171,Neighbourhood523,Dwelling1
VR_8234,Ont.,0.0,0.0,0.0,0.0,0.0,2022,centre25,Zone171,Neighbourhood523,Dwelling2
VR_8235,Ont.,0.0,0.0,0.0,0.0,0.0,2022,centre25,Zone171,Neighbourhood524,Dwelling1
VR_8236,Ont.,0.0,1.9,0.7,0.5,1.0,2022,centre25,Zone171,Neighbourhood524,Dwelling2
VR_8237,Ont.,0.0,0.0,0.0,0.0,0.0,2022,centre25,Zone171,Neighbourhood525,Dwelling1
VR_8238,Ont.,0.0,2.3,0.9,0.0,1.2,2022,centre25,Zone171,Neighbourhood525,Dwelling2
VR_8239,Ont.,0.0,0.0,0.0,0.0,0.0,2022,centre25,Zone171,Neighbourhood526,Dwelling1
VR_8240,Ont.,0.0,1.6,0.8,0.0,0.9,2022,centre25,Zone171,Neighbourhood526,Dwelling2
VR_8241,Ont.,0.0,0.0,0.0,0.0,0.0,2022,centre25,Zone172,Neighbourhood527,Dwelling1
VR_8242,Ont.,0.0,2.9,0.0,1.1,2.8,2022,centre25,Zone172,Neighbourhood527,Dwelling2
VR_8243,Ont.,0.0,0.0,0.0,0.0,0.0,2022,centre25,Zone172,Neighbourhood528,Dwelling1
VR_8244,Ont.,0.0,1.1,0.2,0.0,0.7,2022,centre25,Zone172,Neighbourhood528,Dwelling2
VR_8245,Ont.,0.0,0.0,0.0,0.0,0.0,2022,centre25,Zone172,Neighbourhood529,Dwelling1
VR_8246,Ont.,0.0,2.5,1.5,0.4,1.8,2022,centre25,Zone172,Neighbourhood529,Dwelling2
VR_8247,Ont.,0.0,0.0,0.0,0.9,1.0,2022,centre25,Zone172,Neighbourhood530,Dwelling1
VR_8248,Ont.,4.6,1.2,0.6,0.5,0.8,2022,centre25,Zone172,Neighbourhood530,Dwelling2
VR_8249,Ont.,0.0,0.0,0.0,0.0,0.0,2022,centre25,Zone172,Neighbourhood531,Dwelling1
VR_8250,Ont.,0.0,0.3,0.6,0.5,0.5,2022,centre25,Zone172,Neighbourhood531,Dwelling2
VR_8251,Ont.,0.0,0.0,0.0,0.0,0.0,2022,centre25,Zone173,Neighbourhood532,Dwelling1
VR_8252,Ont.,0.0,0.5,0.8,0.7,0.7,2022,centre25,Zone173,Neighbourhood532,Dwelling2
VR_8253,Ont.,0.0,0.0,0.0,0.0,0.4,2022,centre25,Zone173,Neighbourhood533,Dwelling1
VR_8254,Ont.,0.0,0.6,1.4,0.2,0.9,2022,centre25,Zone173,Neighbourhood533,Dwelling2
VR_8255,Ont.,0.0,0.0,0.0,0.0,0.0,2022,centre25,Zone173,Neighbourhood534,Dwelling1
VR_8256,Ont.,0.0,0.4,2.2,0.0,1.7,2022,centre25,Zone173,Neighbourhood534,Dwelling2
VR_8257,Ont.,0.0,0.0,0.0,0.0,0.0,2022,centre25,Zone173,Neighbourhood535,Dwelling1
VR_8258,Ont.,0.0,0.3,1.7,4.1,1.3,2022,centre25,Zone173,Neighbourhood535,Dwelling2
VR_8259,Ont.,0.0,0.0,0.0,0.0,0.0,2022,centre25,Zone173,Neighbourhood536,Dwelling1
VR_8260,Ont.,0.0,0.0,0.0,0.4,0.1,2022,centre25,Zone173,Neighbourhood536,Dwelling2
VR_8261,Ont.,0.0,0.0,0.0,0.0,0.0,2022,centre25,Zone174,Neighbourhood537,Dwelling1
VR_8262,Ont.,0.0,3.0,3.2,0.0,2.9,2022,centre25,Zone174,Neighbourhood537,Dwelling2
VR_8263,Ont.,0.0,0.0,0.0,0.0,0.0,2022,centre25,Zone174,Neighbourhood538,Dwelling1
VR_8264,Ont.,0.0,0.0,0.0,0.0,4.2,2022,centre25,Zone174,Neighbourhood538,Dwelling2
VR_8265,Ont.,0.0,0.0,0.0,0.0,0.0,2022,centre25,Zone174,Neighbourhood539,Dwelling1
VR_8266,Ont.,0.0,0.0,0.0,0.0,0.0,2022,centre25,Zone174,Neighbourhood539,Dwelling2
VR_8267,Ont.,0.0,0.0,0.0,0.0,0.0,2022,centre25,Zone174,Neighbourhood540,Dwelling1
VR_8268,Ont.,0.0,1.4,1.0,0.4,1.1,2022,centre25,Zone174,Neighbourhood540,Dwelling2
VR_8269,Ont.,0.0,0.0,0.0,0.0,0.0,2022,centre25,Zone174,Neighbourhood541,Dwelling1
VR_8270,Ont.,0.0,0.3,0.5,0.0,0.4,2022,centre25,Zone174,Neighbourhood541,Dwelling2
VR_8271,Ont.,0.0,0.0,0.0,0.0,0.0,2022,centre25,Zone174,Neighbourhood542,Dwelling1
VR_8272,Ont.,0.0,0.0,0.0,0.0,0.0,2022,centre25,Zone174,Neighbourhood542,Dwelling2
VR_8273,Ont.,0.0,0.0,0.0,0.0,0.0,2022,centre25,Zone175,Neighbourhood543,Dwelling1
VR_8274,Ont.,0.0,0.0,0.0,0.0,0.0,2022,centre25,Zone175,Neighbourhood543,Dwelling2
VR_8275,Ont.,0.0,0.0,0.0,0.0,0.0,2022,centre25,Zone175,Neighbourhood544,Dwelling1
VR_8276,Ont.,0.0,2.0,1.3,0.0,1.6,2022,centre25,Zone175,Neighbourhood544,Dwelling2
VR_8277,Ont.,0.0,0.0,0.0,0.0,0.0,2022,centre25,Zone175,Neighbourhood545,Dwelling1
VR_8278,Ont.,0.0,0.9,0.4,0.8,0.6,2022,centre25,Zone175,Neighbourhood545,Dwelling2
VR_8279,Ont.,0.0,0.0,0.0,0.0,0.0,2022,centre25,Zone175,Neighbourhood546,Dwelling1
VR_8280,Ont.,0.0,0.7,0.8,0.7,0.7,2022,centre25,Zone175,Neighbourhood546,Dwelling2
VR_8281,Ont.,0.0,0.0,0.0,0.0,0.0,2022,centre25,Zone175,Neighbourhood547,Dwelling1
VR_8282,Ont.,0.0,0.8,0.5,0.5,0.6,2022,centre25,Zone175,Neighbourhood547,Dwelling2
VR_8283,Ont.,0.0,0.0,0.0,0.0,0.0,2022,centre25,Zone176,Neighbourhood548,Dwelling1
VR_8284,Ont.,3.1,0.8,0.9,0.4,0.9,2022,centre25,Zone176,Neighbourhood548,Dwelling2
VR_8285,Ont.,0.0,0.0,0.0,0.0,0.0,2022,centre25,Zone176,Neighbourhood549,Dwelling1
VR_8286,Ont.,0.0,1.8,0.8,1.0,1.1,2022,centre25,Zone176,Neighbourhood549,Dwelling2
VR_8287,Ont.,0.0,0.0,0.0,0.0,0.0,2022,centre25,Zone177,Neighbourhood550,Dwelling1
VR_8288,Ont.,0.0,1.2,0.0,0.0,0.0,2022,centre25,Zone177,Neighbourhood550,Dwelling2
VR_8289,Ont.,0.0,0.0,0.0,0.0,0.0,2022,centre25,Zone177,Neighbourhood551,Dwelling1
VR_8290,Ont.,0.0,1.6,0.9,0.6,1.2,2022,centre25,Zone177,Neighbourhood551,Dwelling2
VR_8291,Ont.,0.0,0.0,0.0,0.0,0.0,2022,centre25,Zone177,Neighbourhood552,Dwelling1
VR_8292,Ont.,2.1,1.1,1.0,0.0,1.2,2022,centre25,Zone177,Neighbourhood552,Dwelling2
VR_8293,Ont.,0.0,0.0,0.0,0.0,0.0,2022,centre25,Zone178,Neighbourhood553,Dwelling1
VR_8294,Ont.,0.0,0.0,0.6,0.6,0.7,2022,centre25,Zone178,Neighbourhood553,Dwelling2
VR_8295,Ont.,0.0,0.0,0.0,0.0,0.0,2022,centre25,Zone178,Neighbourhood554,Dwelling1
VR_8296,Ont.,0.0,1.9,1.3,0.0,1.5,2022,centre25,Zone178,Neighbourhood554,Dwelling2
VR_8297,Ont.,0.0,0.0,0.0,1.2,1.2,2022,centre25,Zone179,Neighbourhood555,Dwelling1
VR_8298,Ont.,1.8,2.0,1.6,0.9,1.7,2022,centre25,Zone179,Neighbourhood555,Dwelling2
VR_8299,Ont.,0.0,0.0,0.0,0.0,0.0,2022,centre25,Zone179,Neighbourhood556,Dwelling1
VR_8300,Ont.,0.0,5.9,2.9,1.1,2.7,2022,centre25,Zone179,Neighbourhood556,Dwelling2
VR_8301,Ont.,0.0,0.0,0.0,1.9,2.9,2022,centre25,Zone180,Neighbourhood557,Dwelling1
VR_8302,Ont.,0.0,1.4,1.1,0.0,1.2,2022,centre25,Zone180,Neighbourhood557,Dwelling2
VR_8303,Ont.,0.0,0.0,0.0,0.0,0.0,2022,centre25,Zone181,Neighbourhood558,Dwelling1
VR_8304,Ont.,0.0,1.9,2.5,1.2,2.1,2022,centre25,Zone181,Neighbourhood558,Dwelling2
VR_8305,Ont.,0.0,0.0,0.0,0.0,0.0,2022,centre25,Zone182,Neighbourhood559,Dwelling1
VR_8306,Ont.,0.0,1.7,1.4,0.0,1.5,2022,centre25,Zone182,Neighbourhood559,Dwelling2
VR_8307,Ont.,0.0,0.0,0.0,0.0,0.4,2022,centre25,Zone182,Neighbourhood560,Dwelling1
VR_8308,Ont.,0.0,1.0,0.9,0.3,0.9,2022,centre25,Zone182,Neighbourhood560,Dwelling2
VR_8309,Ont.,0.0,0.0,0.0,0.0,0.0,2022,centre25,Zone183,Neighbourhood561,Dwelling1
VR_8310,Ont.,0.0,0.0,0.0,0.0,0.0,2022,centre25,Zone183,Neighbourhood561,Dwelling2
VR_8311,Ont.,0.0,0.0,0.0,0.0,0.0,2022,centre25,Zone184,Neighbourhood562,Dwelling1
VR_8312,Ont.,0.0,0.9,1.0,0.0,1.0,2022,centre25,Zone184,Neighbourhood562,Dwelling2
VR_8313,Ont.,0.0,0.0,0.0,0.0,0.0,2022,centre25,Zone185,Neighbourhood563,Dwelling1
VR_8314,Ont.,0.0,0.0,0.0,0.0,0.0,2022,centre25,Zone185,Neighbourhood563,Dwelling2
VR_8315,Ont.,0.0,0.0,0.0,0.0,0.0,2022,centre25,Zone185,Neighbourhood564,Dwelling1
VR_8316,Ont.,0.0,2.7,3.7,0.0,2.7,2022,centre25,Zone185,Neighbourhood564,Dwelling2
VR_8317,Ont.,0.0,0.0,0.0,0.0,0.0,2022,centre25,Zone185,Neighbourhood565,Dwelling1
VR_8318,Ont.,0.0,0.5,0.3,0.0,0.4,2022,centre25,Zone185,Neighbourhood565,Dwelling2
VR_8319,Ont.,0.0,0.0,0.0,0.0,0.0,2022,centre25,Zone185,Neighbourhood566,Dwelling1
VR_8320,Ont.,0.0,0.0,1.7,0.0,1.4,2022,centre25,Zone185,Neighbourhood566,Dwelling2
VR_8321,Ont.,0.0,0.0,0.0,0.0,0.0,2022,centre25,Zone186,Neighbourhood567,Dwelling1
VR_8322,Ont.,0.0,1.2,0.4,1.3,0.8,2022,centre25,Zone186,Neighbourhood567,Dwelling2
VR_8323,Ont.,0.0,0.0,0.0,0.0,0.0,2022,centre25,Zone187,Neighbourhood568,Dwelling1
VR_8324,Ont.,0.0,0.0,0.3,0.3,0.3,2022,centre25,Zone187,Neighbourhood568,Dwelling2
VR_8325,Ont.,0.0,0.0,0.0,0.0,0.0,2022,centre25,Zone187,Neighbourhood569,Dwelling1
VR_8326,Ont.,0.0,0.0,0.0,0.0,2.0,2022,centre25,Zone187,Neighbourhood569,Dwelling2
VR_8327,Ont.,0.0,0.0,0.0,0.0,0.0,2022,centre25,Zone188,Neighbourhood570,Dwelling1
VR_8328,Ont.,0.0,2.0,1.7,1.4,1.8,2022,centre25,Zone188,Neighbourhood570,Dwelling2
VR_8329,Ont.,0.0,0.0,0.0,0.0,0.0,2022,centre25,Zone189,Neighbourhood571,Dwelling1
VR_8330,Ont.,0.0,0.6,0.3,0.0,0.4,2022,centre25,Zone189,Neighbourhood571,Dwelling2
VR_8331,Ont.,0.0,0.0,0.0,0.0,0.0,2022,centre25,Zone190,Neighbourhood572,Dwelling1
VR_8332,Ont.,0.0,2.1,7.5,0.0,4.6,2022,centre25,Zone190,Neighbourhood572,Dwelling2
VR_8333,Ont.,0.0,0.0,0.0,0.0,0.0,2022,centre26,Zone191,Neighbourhood252,Dwelling1
VR_8334,Ont.,0.0,1.6,1.0,0.0,2.1,2022,centre26,Zone191,Neighbourhood252,Dwelling2
VR_8335,Ont.,0.0,0.0,0.0,0.0,0.0,2022,centre26,Zone191,Neighbourhood573,Dwelling1
VR_8336,Ont.,0.0,0.0,0.0,0.0,0.0,2022,centre26,Zone191,Neighbourhood573,Dwelling2
VR_8337,Ont.,0.0,0.0,0.0,0.0,0.0,2022,centre26,Zone191,Neighbourhood574,Dwelling1
VR_8338,Ont.,0.0,0.0,0.0,0.0,0.0,2022,centre26,Zone191,Neighbourhood574,Dwelling2
VR_8339,Ont.,0.0,0.0,0.0,0.0,0.0,2022,centre26,Zone192,Neighbourhood575,Dwelling1
VR_8340,Ont.,0.0,0.0,0.0,0.0,0.0,2022,centre26,Zone192,Neighbourhood575,Dwelling2
VR_8341,Ont.,0.0,0.0,0.0,0.0,0.0,2022,centre26,Zone192,Neighbourhood576,Dwelling1
VR_8342,Ont.,3.5,0.0,1.2,0.0,1.8,2022,centre26,Zone192,Neighbourhood576,Dwelling2
VR_8343,Ont.,0.0,0.0,0.0,0.0,0.0,2022,centre26,Zone193,Neighbourhood577,Dwelling1
VR_8344,Ont.,1.8,1.6,1.7,0.0,1.7,2022,centre26,Zone193,Neighbourhood577,Dwelling2
VR_8345,Ont.,0.0,0.0,0.0,0.0,0.0,2022,centre26,Zone193,Neighbourhood578,Dwelling1
VR_8346,Ont.,0.0,0.0,1.8,0.0,1.1,2022,centre26,Zone193,Neighbourhood578,Dwelling2
VR_8347,Ont.,0.0,0.0,0.0,0.0,0.0,2022,centre26,Zone193,Neighbourhood579,Dwelling1
VR_8348,Ont.,0.0,0.0,0.0,0.0,3.6,2022,centre26,Zone193,Neighbourhood579,Dwelling2
VR_8349,Ont.,0.0,0.0,0.0,0.0,0.0,2022,centre26,Zone193,Neighbourhood580,Dwelling1
VR_8350,Ont.,0.0,0.0,0.0,0.0,0.0,2022,centre26,Zone193,Neighbourhood580,Dwelling2
VR_8351,Ont.,0.0,0.0,0.0,0.0,0.0,2022,centre26,Zone193,Neighbourhood581,Dwelling1
VR_8352,Ont.,0.0,0.0,0.0,0.0,0.0,2022,centre26,Zone193,Neighbourhood581,Dwelling2
VR_8353,Ont.,0.0,0.0,0.0,0.0,0.0,2022,centre26,Zone20,Neighbourhood582,Dwelling1
VR_8354,Ont.,0.0,0.0,0.0,0.0,1.1,2022,centre26,Zone20,Neighbourhood582,Dwelling2
VR_8355,Ont.,0.0,0.0,0.0,0.0,0.0,2022,centre26,Zone20,Neighbourhood583,Dwelling1
VR_8356,Ont.,0.0,1.7,2.4,0.0,1.8,2022,centre26,Zone20,Neighbourhood583,Dwelling2
VR_8357,Ont.,0.0,0.0,0.0,0.0,0.0,2022,centre26,Zone20,Neighbourhood584,Dwelling1
VR_8358,Ont.,0.0,0.0,0.0,0.0,0.5,2022,centre26,Zone20,Neighbourhood584,Dwelling2
VR_8359,Ont.,0.0,0.0,0.0,0.0,0.0,2022,centre26,Zone194,Neighbourhood585,Dwelling1
VR_8360,Ont.,0.0,0.0,0.0,0.0,0.0,2022,centre26,Zone194,Neighbourhood585,Dwelling2
VR_8361,Ont.,0.0,0.0,0.0,0.0,0.0,2022,centre26,Zone3,Neighbourhood3,Dwelling1
VR_8362,Ont.,0.0,0.6,0.3,0.0,0.4,2022,centre26,Zone3,Neighbourhood3,Dwelling2
VR_8363,Man.,0.0,0.0,0.0,0.0,0.0,2022,centre27,Zone195,Neighbourhood586,Dwelling1
VR_8364,Man.,0.0,0.0,1.4,0.0,0.4,2022,centre27,Zone195,Neighbourhood586,Dwelling2
VR_8365,Man.,0.0,0.0,0.0,0.0,0.0,2022,centre27,Zone195,Neighbourhood587,Dwelling1
VR_8366,Man.,0.0,1.2,1.3,7.1,1.4,2022,centre27,Zone195,Neighbourhood587,Dwelling2
VR_8367,Man.,0.0,0.0,0.0,0.0,0.0,2022,centre27,Zone195,Neighbourhood588,Dwelling1
VR_8368,Man.,0.0,3.1,2.1,0.0,2.6,2022,centre27,Zone195,Neighbourhood588,Dwelling2
VR_8369,Man.,0.0,0.0,0.0,0.0,0.0,2022,centre27,Zone196,Neighbourhood252,Dwelling1
VR_8370,Man.,2.9,5.3,5.9,5.9,5.0,2022,centre27,Zone196,Neighbourhood252,Dwelling2
VR_8371,Man.,0.0,0.0,0.0,0.0,0.0,2022,centre27,Zone196,Neighbourhood589,Dwelling1
VR_8372,Man.,0.0,0.0,0.0,0.0,0.0,2022,centre27,Zone196,Neighbourhood589,Dwelling2
VR_8373,Man.,0.0,0.0,0.0,0.0,0.0,2022,centre27,Zone196,Neighbourhood590,Dwelling1
VR_8374,Man.,0.0,0.0,0.0,0.0,4.1,2022,centre27,Zone196,Neighbourhood590,Dwelling2
VR_8375,Man.,0.0,0.0,0.0,0.0,0.0,2022,centre27,Zone197,Neighbourhood591,Dwelling1
VR_8376,Man.,1.9,3.3,4.8,0.0,3.4,2022,centre27,Zone197,Neighbourhood591,Dwelling2
VR_8377,Man.,0.0,0.0,0.0,0.0,0.0,2022,centre27,Zone197,Neighbourhood592,Dwelling1
VR_8378,Man.,0.0,0.0,2.4,0.0,4.4,2022,centre27,Zone197,Neighbourhood592,Dwelling2
VR_8379,Man.,0.0,0.0,0.0,0.0,0.0,2022,centre27,Zone197,Neighbourhood253,Dwelling1
VR_8380,Man.,0.0,3.7,4.7,0.0,3.8,2022,centre27,Zone197,Neighbourhood253,Dwelling2
VR_8381,Man.,0.0,0.0,0.0,0.0,0.0,2022,centre27,Zone198,Neighbourhood593,Dwelling1
VR_8382,Man.,0.0,0.0,0.0,0.0,0.0,2022,centre27,Zone198,Neighbourhood593,Dwelling2
VR_8383,Man.,0.0,0.0,0.0,6.9,7.9,2022,centre27,Zone198,Neighbourhood594,Dwelling1
VR_8384,Man.,0.0,4.5,5.4,5.9,5.0,2022,centre27,Zone198,Neighbourhood594,Dwelling2
VR_8385,Man.,0.0,0.0,0.0,0.0,0.0,2022,centre27,Zone199,Neighbourhood595,Dwelling1
VR_8386,Man.,1.7,2.0,2.0,1.2,2.0,2022,centre27,Zone199,Neighbourhood595,Dwelling2
VR_8387,Man.,0.0,0.0,0.0,0.0,0.0,2022,centre27,Zone199,Neighbourhood596,Dwelling1
VR_8388,Man.,0.0,0.6,1.3,0.9,1.0,2022,centre27,Zone199,Neighbourhood596,Dwelling2
VR_8389,Man.,0.0,0.0,0.0,0.0,0.0,2022,centre27,Zone200,Neighbourhood597,Dwelling1
VR_8390,Man.,6.5,1.8,1.7,0.0,2.0,2022,centre27,Zone200,Neighbourhood597,Dwelling2
VR_8391,Man.,0.0,0.0,0.0,0.0,0.0,2022,centre27,Zone200,Neighbourhood598,Dwelling1
VR_8392,Man.,0.0,4.6,0.0,2.0,0.0,2022,centre27,Zone200,Neighbourhood598,Dwelling2
VR_8393,Man.,0.0,0.0,0.0,5.6,4.4,2022,centre27,Zone201,Neighbourhood599,Dwelling1
VR_8394,Man.,5.4,3.0,1.9,0.0,2.9,2022,centre27,Zone201,Neighbourhood599,Dwelling2
VR_8395,Man.,0.0,0.0,0.0,0.0,0.0,2022,centre27,Zone201,Neighbourhood600,Dwelling1
VR_8396,Man.,0.0,1.7,1.4,2.7,1.6,2022,centre27,Zone201,Neighbourhood600,Dwelling2
VR_8397,Man.,0.0,0.0,1.3,2.6,2.1,2022,centre27,Zone201,Neighbourhood601,Dwelling1
VR_8398,Man.,0.0,1.5,1.0,0.0,1.1,2022,centre27,Zone201,Neighbourhood601,Dwelling2
VR_8399,Man.,0.0,0.0,0.0,0.0,0.0,2022,centre27,Zone202,Neighbourhood602,Dwelling1
VR_8400,Man.,0.0,1.5,0.3,5.3,1.1,2022,centre27,Zone202,Neighbourhood602,Dwelling2
VR_8401,Man.,0.0,0.0,0.0,0.0,0.0,2022,centre27,Zone203,Neighbourhood603,Dwelling1
VR_8402,Man.,0.0,2.8,2.4,0.0,2.8,2022,centre27,Zone203,Neighbourhood603,Dwelling2
VR_8403,Man.,0.0,0.0,0.0,0.0,0.0,2022,centre27,Zone203,Neighbourhood604,Dwelling1
VR_8404,Man.,0.0,0.0,2.9,0.0,0.0,2022,centre27,Zone203,Neighbourhood604,Dwelling2
VR_8405,Man.,0.0,0.0,0.0,0.3,0.3,2022,centre27,Zone203,Neighbourhood605,Dwelling1
VR_8406,Man.,0.0,3.0,1.4,7.2,2.4,2022,centre27,Zone203,Neighbourhood605,Dwelling2
VR_8407,Man.,0.0,0.0,0.0,0.0,0.0,2022,centre27,Zone204,Neighbourhood606,Dwelling1
VR_8408,Man.,2.3,4.3,1.1,0.0,2.8,2022,centre27,Zone204,Neighbourhood606,Dwelling2
VR_8409,Man.,0.0,0.0,0.0,0.0,1.6,2022,centre27,Zone204,Neighbourhood607,Dwelling1
VR_8410,Man.,0.0,1.7,2.3,4.4,2.1,2022,centre27,Zone204,Neighbourhood607,Dwelling2
VR_8411,Man.,0.0,0.0,0.0,0.0,0.0,2022,centre27,Zone205,Neighbourhood608,Dwelling1
VR_8412,Man.,3.6,1.3,1.8,0.0,1.6,2022,centre27,Zone205,Neighbourhood608,Dwelling2
VR_8413,Man.,0.0,0.0,0.0,2.1,2.3,2022,centre27,Zone205,Neighbourhood609,Dwelling1
VR_8414,Man.,0.0,1.6,1.6,3.6,1.7,2022,centre27,Zone205,Neighbourhood609,Dwelling2
VR_8415,Man.,0.0,0.0,0.0,0.0,0.0,2022,centre27,Zone206,Neighbourhood610,Dwelling1
VR_8416,Man.,0.0,1.2,0.2,0.0,0.6,2022,centre27,Zone206,Neighbourhood610,Dwelling2
VR_8417,Man.,0.0,0.0,0.0,0.0,0.0,2022,centre27,Zone206,Neighbourhood611,Dwelling1
VR_8418,Man.,6.1,5.0,2.7,0.0,4.0,2022,centre27,Zone206,Neighbourhood611,Dwelling2
VR_8419,Man.,0.0,0.0,2.9,2.5,2.6,2022,centre27,Zone23,Neighbourhood612,Dwelling1
VR_8420,Man.,0.0,0.0,3.4,2.8,2.9,2022,centre27,Zone23,Neighbourhood612,Dwelling2
VR_8421,Sask.,0.0,0.0,0.0,0.0,0.0,2022,centre28,Zone108,Neighbourhood613,Dwelling1
VR_8422,Sask.,8.2,4.4,4.6,0.0,5.0,2022,centre28,Zone108,Neighbourhood613,Dwelling2
VR_8423,Sask.,0.0,0.0,0.0,0.0,0.0,2022,centre28,Zone108,Neighbourhood614,Dwelling1
VR_8424,Sask.,0.0,5.6,3.5,0.0,4.9,2022,centre28,Zone108,Neighbourhood614,Dwelling2
VR_8425,Sask.,0.0,0.0,0.0,0.0,0.0,2022,centre28,Zone108,Neighbourhood271,Dwelling1
VR_8426,Sask.,0.0,0.0,0.0,0.0,0.0,2022,centre28,Zone108,Neighbourhood271,Dwelling2
VR_8427,Sask.,0.0,0.0,0.0,0.0,0.0,2022,centre28,Zone108,Neighbourhood615,Dwelling1
VR_8428,Sask.,0.0,3.4,11.3,0.0,7.6,2022,centre28,Zone108,Neighbourhood615,Dwelling2
VR_8429,Sask.,0.0,0.0,0.0,0.0,0.0,2022,centre28,Zone108,Neighbourhood616,Dwelling1
VR_8430,Sask.,0.0,3.2,1.2,0.0,2.0,2022,centre28,Zone108,Neighbourhood616,Dwelling2
VR_8431,Sask.,0.0,0.0,0.0,0.0,0.0,2022,centre28,Zone207,Neighbourhood617,Dwelling1
VR_8432,Sask.,14.2,1.7,0.0,0.0,5.1,2022,centre28,Zone207,Neighbourhood617,Dwelling2
VR_8433,Sask.,0.0,0.0,0.0,0.0,0.0,2022,centre28,Zone207,Neighbourhood618,Dwelling1
VR_8434,Sask.,6.1,3.3,6.2,0.0,4.9,2022,centre28,Zone207,Neighbourhood618,Dwelling2
VR_8435,Sask.,0.0,0.0,0.0,0.0,0.0,2022,centre28,Zone207,Neighbourhood619,Dwelling1
VR_8436,Sask.,2.4,1.1,0.9,0.0,1.1,2022,centre28,Zone207,Neighbourhood619,Dwelling2
VR_8437,Sask.,0.0,0.0,0.0,0.0,0.0,2022,centre28,Zone207,Neighbourhood620,Dwelling1
VR_8438,Sask.,0.0,0.3,1.3,0.0,0.8,2022,centre28,Zone207,Neighbourhood620,Dwelling2
VR_8439,Sask.,0.0,0.0,0.0,0.0,0.0,2022,centre28,Zone208,Neighbourhood621,Dwelling1
VR_8440,Sask.,20.9,0.0,2.5,0.0,2.5,2022,centre28,Zone208,Neighbourhood621,Dwelling2
VR_8441,Sask.,0.0,0.0,0.0,0.0,0.0,2022,centre28,Zone208,Neighbourhood622,Dwelling1
VR_8442,Sask.,0.0,0.9,0.8,0.0,0.8,2022,centre28,Zone208,Neighbourhood622,Dwelling2
VR_8443,Sask.,0.0,0.0,0.0,0.0,0.0,2022,centre28,Zone22,Neighbourhood623,Dwelling1
VR_8444,Sask.,0.0,0.0,0.3,6.8,0.7,2022,centre28,Zone22,Neighbourhood623,Dwelling2
VR_8445,Sask.,0.0,0.0,0.0,0.0,0.0,2022,centre28,Zone22,Neighbourhood624,Dwelling1
VR_8446,Sask.,0.0,1.9,1.3,4.3,1.9,2022,centre28,Zone22,Neighbourhood624,Dwelling2
VR_8447,Sask.,0.0,0.0,0.0,1.4,1.3,2022,centre28,Zone22,Neighbourhood49,Dwelling1
VR_8448,Sask.,0.0,1.3,0.8,0.0,0.8,2022,centre28,Zone22,Neighbourhood49,Dwelling2
VR_8449,Sask.,0.0,0.0,0.0,0.0,0.0,2022,centre28,Zone20,Neighbourhood625,Dwelling1
VR_8450,Sask.,0.0,0.0,0.0,0.0,10.3,2022,centre28,Zone20,Neighbourhood625,Dwelling2
VR_8451,Sask.,0.0,0.0,0.0,0.0,0.0,2022,centre28,Zone20,Neighbourhood626,Dwelling1
VR_8452,Sask.,0.0,4.8,9.6,0.0,7.9,2022,centre28,Zone20,Neighbourhood626,Dwelling2
VR_8453,Sask.,0.0,0.0,0.0,0.0,0.0,2022,centre28,Zone20,Neighbourhood46,Dwelling1
VR_8454,Sask.,0.0,5.4,0.0,0.0,1.4,2022,centre28,Zone20,Neighbourhood46,Dwelling2
VR_8455,Sask.,0.0,0.0,0.0,0.0,0.0,2022,centre28,Zone124,Neighbourhood627,Dwelling1
VR_8456,Sask.,0.0,3.5,2.6,0.0,2.8,2022,centre28,Zone124,Neighbourhood627,Dwelling2
VR_8457,Sask.,0.0,0.0,0.0,0.0,0.0,2022,centre28,Zone124,Neighbourhood628,Dwelling1
VR_8458,Sask.,0.0,5.5,6.2,0.0,6.0,2022,centre28,Zone124,Neighbourhood628,Dwelling2
VR_8459,Sask.,0.0,0.0,0.0,0.0,0.0,2022,centre28,Zone125,Neighbourhood629,Dwelling1
VR_8460,Sask.,0.0,1.2,1.0,2.3,1.1,2022,centre28,Zone125,Neighbourhood629,Dwelling2
VR_8461,Sask.,0.0,0.0,0.0,0.0,0.0,2022,centre28,Zone23,Neighbourhood612,Dwelling1
VR_8462,Sask.,0.0,0.0,0.0,0.0,0.0,2022,centre28,Zone23,Neighbourhood612,Dwelling2
VR_8463,Sask.,0.0,0.0,0.0,0.0,0.0,2022,centre29,Zone108,Neighbourhood271,Dwelling1
VR_8464,Sask.,5.8,6.3,3.8,0.0,5.3,2022,centre29,Zone108,Neighbourhood271,Dwelling2
VR_8465,Sask.,0.0,0.0,0.0,0.0,0.0,2022,centre29,Zone108,Neighbourhood630,Dwelling1
VR_8466,Sask.,0.0,0.0,0.0,0.0,0.0,2022,centre29,Zone108,Neighbourhood630,Dwelling2
VR_8467,Sask.,0.0,0.0,0.0,0.0,0.0,2022,centre29,Zone19,Neighbourhood631,Dwelling1
VR_8468,Sask.,2.7,2.3,2.4,2.3,2.4,2022,centre29,Zone19,Neighbourhood631,Dwelling2
VR_8469,Sask.,0.0,0.0,0.0,0.0,0.0,2022,centre29,Zone19,Neighbourhood632,Dwelling1
VR_8470,Sask.,0.0,2.6,1.1,0.0,1.6,2022,centre29,Zone19,Neighbourhood632,Dwelling2
VR_8471,Sask.,0.0,0.0,0.0,0.0,0.0,2022,centre29,Zone209,Neighbourhood633,Dwelling1
VR_8472,Sask.,4.5,3.8,5.3,0.0,4.8,2022,centre29,Zone209,Neighbourhood633,Dwelling2
VR_8473,Sask.,0.0,0.0,0.0,0.0,0.0,2022,centre29,Zone209,Neighbourhood634,Dwelling1
VR_8474,Sask.,0.0,0.0,0.9,4.9,0.8,2022,centre29,Zone209,Neighbourhood634,Dwelling2
VR_8475,Sask.,0.0,0.0,0.0,0.0,0.0,2022,centre29,Zone124,Neighbourhood635,Dwelling1
VR_8476,Sask.,0.0,4.8,0.9,0.0,2.7,2022,centre29,Zone124,Neighbourhood635,Dwelling2
VR_8477,Sask.,0.0,0.0,0.0,0.0,0.0,2022,centre29,Zone124,Neighbourhood636,Dwelling1
VR_8478,Sask.,0.0,1.4,0.8,0.7,0.9,2022,centre29,Zone124,Neighbourhood636,Dwelling2
VR_8479,Sask.,0.0,0.0,0.0,0.0,0.0,2022,centre29,Zone21,Neighbourhood637,Dwelling1
VR_8480,Sask.,0.0,3.8,2.8,0.0,3.3,2022,centre29,Zone21,Neighbourhood637,Dwelling2
VR_8481,Sask.,0.0,0.0,0.0,0.0,0.0,2022,centre29,Zone21,Neighbourhood629,Dwelling1
VR_8482,Sask.,0.0,6.9,1.0,0.0,2.1,2022,centre29,Zone21,Neighbourhood629,Dwelling2
VR_8483,Sask.,0.0,0.0,0.0,0.0,0.0,2022,centre29,Zone126,Neighbourhood638,Dwelling1
VR_8484,Sask.,0.0,9.5,9.6,2.3,8.7,2022,centre29,Zone126,Neighbourhood638,Dwelling2
VR_8485,Sask.,0.0,0.0,0.0,0.0,0.0,2022,centre29,Zone126,Neighbourhood639,Dwelling1
VR_8486,Sask.,0.0,0.0,0.0,0.0,0.0,2022,centre29,Zone126,Neighbourhood639,Dwelling2
VR_8487,Sask.,0.0,0.0,0.0,0.0,0.0,2022,centre29,Zone20,Neighbourhood640,Dwelling1
VR_8488,Sask.,0.0,1.3,4.1,0.0,2.7,2022,centre29,Zone20,Neighbourhood640,Dwelling2
VR_8489,Sask.,0.0,0.0,0.0,0.0,0.0,2022,centre29,Zone20,Neighbourhood641,Dwelling1
VR_8490,Sask.,0.0,3.9,8.7,3.0,6.5,2022,centre29,Zone20,Neighbourhood641,Dwelling2
VR_8491,Sask.,0.0,0.0,0.0,0.0,0.0,2022,centre29,Zone20,Neighbourhood46,Dwelling1
VR_8492,Sask.,0.0,3.6,2.0,0.0,2.2,2022,centre29,Zone20,Neighbourhood46,Dwelling2
VR_8493,Sask.,0.0,0.0,3.8,3.7,3.2,2022,centre29,Zone23,Neighbourhood612,Dwelling1
VR_8494,Sask.,0.0,0.7,0.6,0.0,0.6,2022,centre29,Zone23,Neighbourhood612,Dwelling2
VR_8495,Alta,0.0,0.0,0.0,0.0,0.0,2022,centre30,Zone93,Neighbourhood642,Dwelling1
VR_8496,Alta,0.0,4.3,3.2,19.9,4.2,2022,centre30,Zone93,Neighbourhood642,Dwelling2
VR_8497,Alta,0.0,0.0,0.0,0.0,0.0,2022,centre30,Zone93,Neighbourhood643,Dwelling1
VR_8498,Alta,0.0,0.0,0.0,0.0,0.0,2022,centre30,Zone93,Neighbourhood643,Dwelling2
VR_8499,Alta,0.0,0.0,0.0,0.0,0.0,2022,centre30,Zone210,Neighbourhood644,Dwelling1
VR_8500,Alta,3.2,6.4,6.4,0.0,6.2,2022,centre30,Zone210,Neighbourhood644,Dwelling2
VR_8501,Alta,0.0,0.0,0.0,0.0,0.0,2022,centre30,Zone210,Neighbourhood645,Dwelling1
VR_8502,Alta,0.0,0.8,0.0,0.0,0.8,2022,centre30,Zone210,Neighbourhood645,Dwelling2
VR_8503,Alta,0.0,0.0,0.0,0.0,0.0,2022,centre30,Zone210,Neighbourhood646,Dwelling1
VR_8504,Alta,0.0,0.6,0.0,0.0,0.4,2022,centre30,Zone210,Neighbourhood646,Dwelling2
VR_8505,Alta,0.0,0.0,0.0,0.0,0.0,2022,centre30,Zone211,Neighbourhood647,Dwelling1
VR_8506,Alta,0.0,1.7,0.9,0.0,1.3,2022,centre30,Zone211,Neighbourhood647,Dwelling2
VR_8507,Alta,0.0,0.0,0.0,0.0,0.0,2022,centre30,Zone211,Neighbourhood648,Dwelling1
VR_8508,Alta,0.0,0.0,0.0,0.0,0.0,2022,centre30,Zone211,Neighbourhood648,Dwelling2
VR_8509,Alta,0.0,0.0,0.0,0.0,0.0,2022,centre30,Zone211,Neighbourhood649,Dwelling1
VR_8510,Alta,4.4,2.3,3.7,0.0,3.1,2022,centre30,Zone211,Neighbourhood649,Dwelling2
VR_8511,Alta,0.0,0.0,0.0,0.0,0.0,2022,centre30,Zone126,Neighbourhood650,Dwelling1
VR_8512,Alta,0.0,2.0,0.7,0.0,1.8,2022,centre30,Zone126,Neighbourhood650,Dwelling2
VR_8513,Alta,0.0,0.0,0.0,0.0,0.0,2022,centre30,Zone126,Neighbourhood651,Dwelling1
VR_8514,Alta,0.0,0.9,0.5,0.0,0.6,2022,centre30,Zone126,Neighbourhood651,Dwelling2
VR_8515,Alta,0.0,0.0,0.0,0.0,0.0,2022,centre30,Zone126,Neighbourhood652,Dwelling1
VR_8516,Alta,0.0,3.8,0.0,0.0,0.0,2022,centre30,Zone126,Neighbourhood652,Dwelling2
VR_8517,Alta,0.0,0.0,0.0,0.0,0.0,2022,centre30,Zone126,Neighbourhood653,Dwelling1
VR_8518,Alta,0.0,2.3,1.3,0.0,1.8,2022,centre30,Zone126,Neighbourhood653,Dwelling2
VR_8519,Alta,0.0,0.0,0.0,0.0,0.0,2022,centre30,Zone126,Neighbourhood654,Dwelling1
VR_8520,Alta,0.0,0.0,0.0,0.0,0.0,2022,centre30,Zone126,Neighbourhood654,Dwelling2
VR_8521,Alta,0.0,0.0,0.0,0.0,0.0,2022,centre30,Zone126,Neighbourhood655,Dwelling1
VR_8522,Alta,0.0,0.0,0.0,0.0,0.0,2022,centre30,Zone126,Neighbourhood655,Dwelling2
VR_8523,Alta,0.0,0.0,0.0,0.0,0.0,2022,centre30,Zone126,Neighbourhood656,Dwelling1
VR_8524,Alta,0.0,0.0,0.8,0.0,0.6,2022,centre30,Zone126,Neighbourhood656,Dwelling2
VR_8525,Alta,0.0,0.0,0.0,0.0,0.0,2022,centre30,Zone126,Neighbourhood657,Dwelling1
VR_8526,Alta,0.0,0.0,0.0,0.0,0.0,2022,centre30,Zone126,Neighbourhood657,Dwelling2
VR_8527,Alta,0.0,0.0,2.7,1.2,1.9,2022,centre30,Zone209,Neighbourhood658,Dwelling1
VR_8528,Alta,0.0,1.5,5.1,4.8,3.4,2022,centre30,Zone209,Neighbourhood658,Dwelling2
VR_8529,Alta,0.0,0.0,0.0,0.0,0.0,2022,centre30,Zone209,Neighbourhood659,Dwelling1
VR_8530,Alta,0.0,1.7,1.3,0.0,1.3,2022,centre30,Zone209,Neighbourhood659,Dwelling2
VR_8531,Alta,0.0,0.0,0.0,0.0,0.0,2022,centre30,Zone209,Neighbourhood660,Dwelling1
VR_8532,Alta,0.0,0.0,0.0,0.0,0.0,2022,centre30,Zone209,Neighbourhood660,Dwelling2
VR_8533,Alta,0.0,0.0,0.0,0.0,0.0,2022,centre30,Zone209,Neighbourhood661,Dwelling1
VR_8534,Alta,0.0,0.7,0.5,2.7,0.6,2022,centre30,Zone209,Neighbourhood661,Dwelling2
VR_8535,Alta,0.0,0.0,4.5,0.0,3.6,2022,centre30,Zone125,Neighbourhood662,Dwelling1
VR_8536,Alta,0.0,0.0,0.0,0.0,0.0,2022,centre30,Zone125,Neighbourhood662,Dwelling2
VR_8537,Alta,0.0,0.0,0.0,0.0,0.0,2022,centre30,Zone125,Neighbourhood663,Dwelling1
VR_8538,Alta,0.0,0.5,0.0,0.0,0.0,2022,centre30,Zone125,Neighbourhood663,Dwelling2
VR_8539,Alta,0.0,0.0,0.0,0.0,0.0,2022,centre30,Zone125,Neighbourhood664,Dwelling1
VR_8540,Alta,0.0,0.0,0.0,0.0,0.0,2022,centre30,Zone125,Neighbourhood664,Dwelling2
VR_8541,Alta,0.0,0.0,0.0,0.6,0.4,2022,centre30,Zone125,Neighbourhood665,Dwelling1
VR_8542,Alta,0.0,0.0,3.0,0.0,1.5,2022,centre30,Zone125,Neighbourhood665,Dwelling2
VR_8543,Alta,0.0,0.0,0.0,0.0,0.0,2022,centre30,Zone125,Neighbourhood666,Dwelling1
VR_8544,Alta,0.0,0.7,0.0,0.0,0.3,2022,centre30,Zone125,Neighbourhood666,Dwelling2
VR_8545,Alta,0.0,0.0,0.0,0.0,0.0,2022,centre30,Zone125,Neighbourhood667,Dwelling1
VR_8546,Alta,0.0,0.0,0.4,0.0,0.2,2022,centre30,Zone125,Neighbourhood667,Dwelling2
VR_8547,Alta,0.0,0.0,0.0,0.0,0.0,2022,centre30,Zone125,Neighbourhood668,Dwelling1
VR_8548,Alta,0.0,0.6,0.4,0.0,0.7,2022,centre30,Zone125,Neighbourhood668,Dwelling2
VR_8549,Alta,0.0,0.0,0.0,0.0,0.0,2022,centre30,Zone125,Neighbourhood669,Dwelling1
VR_8550,Alta,0.0,1.0,0.0,0.0,0.4,2022,centre30,Zone125,Neighbourhood669,Dwelling2
VR_8551,Alta,0.0,0.0,0.0,0.0,0.0,2022,centre30,Zone125,Neighbourhood670,Dwelling1
VR_8552,Alta,0.0,0.0,4.7,0.0,4.6,2022,centre30,Zone125,Neighbourhood670,Dwelling2
VR_8553,Alta,0.0,0.0,0.0,0.0,0.0,2022,centre30,Zone125,Neighbourhood671,Dwelling1
VR_8554,Alta,0.0,0.0,2.6,0.0,1.7,2022,centre30,Zone125,Neighbourhood671,Dwelling2
VR_8555,Alta,0.0,0.0,0.0,0.0,0.0,2022,centre30,Zone125,Neighbourhood672,Dwelling1
VR_8556,Alta,0.0,0.0,4.5,0.0,4.4,2022,centre30,Zone125,Neighbourhood672,Dwelling2
VR_8557,Alta,0.0,0.0,0.0,0.0,0.0,2022,centre30,Zone125,Neighbourhood673,Dwelling1
VR_8558,Alta,0.0,0.5,0.5,0.0,0.5,2022,centre30,Zone125,Neighbourhood673,Dwelling2
VR_8559,Alta,0.0,0.0,0.0,0.0,1.3,2022,centre30,Zone125,Neighbourhood674,Dwelling1
VR_8560,Alta,0.0,0.6,0.5,0.0,1.2,2022,centre30,Zone125,Neighbourhood674,Dwelling2
VR_8561,Alta,0.0,0.0,0.0,0.0,0.0,2022,centre30,Zone124,Neighbourhood675,Dwelling1
VR_8562,Alta,0.0,0.0,0.0,0.0,0.0,2022,centre30,Zone124,Neighbourhood675,Dwelling2
VR_8563,Alta,0.0,0.0,0.0,0.0,0.0,2022,centre30,Zone124,Neighbourhood676,Dwelling1
VR_8564,Alta,0.0,0.0,0.0,0.0,0.0,2022,centre30,Zone124,Neighbourhood676,Dwelling2
VR_8565,Alta,0.0,0.0,0.0,0.0,0.0,2022,centre30,Zone124,Neighbourhood677,Dwelling1
VR_8566,Alta,0.0,0.0,0.0,0.0,0.0,2022,centre30,Zone124,Neighbourhood677,Dwelling2
VR_8567,Alta,0.0,0.0,0.0,0.0,0.0,2022,centre30,Zone124,Neighbourhood678,Dwelling1
VR_8568,Alta,0.0,0.0,0.0,0.0,0.6,2022,centre30,Zone124,Neighbourhood678,Dwelling2
VR_8569,Alta,0.0,0.0,0.0,0.0,0.0,2022,centre30,Zone124,Neighbourhood679,Dwelling1
VR_8570,Alta,0.0,0.0,2.9,0.0,1.7,2022,centre30,Zone124,Neighbourhood679,Dwelling2
VR_8571,Alta,0.0,0.0,0.0,0.0,0.0,2022,centre30,Zone124,Neighbourhood680,Dwelling1
VR_8572,Alta,0.0,0.5,2.9,1.5,2.3,2022,centre30,Zone124,Neighbourhood680,Dwelling2
VR_8573,Alta,0.0,0.0,0.0,0.0,0.0,2022,centre30,Zone212,Neighbourhood681,Dwelling1
VR_8574,Alta,0.0,0.6,1.2,0.0,0.9,2022,centre30,Zone212,Neighbourhood681,Dwelling2
VR_8575,Alta,0.0,0.0,0.0,0.0,0.0,2022,centre30,Zone212,Neighbourhood682,Dwelling1
VR_8576,Alta,0.0,0.6,0.0,0.0,0.3,2022,centre30,Zone212,Neighbourhood682,Dwelling2
VR_8577,Alta,0.0,0.0,0.0,0.0,0.0,2022,centre30,Zone212,Neighbourhood683,Dwelling1
VR_8578,Alta,0.0,0.0,0.6,0.0,0.5,2022,centre30,Zone212,Neighbourhood683,Dwelling2
VR_8579,Alta,0.0,0.0,0.0,0.0,0.0,2022,centre30,Zone212,Neighbourhood684,Dwelling1
VR_8580,Alta,0.0,2.1,3.0,0.0,2.4,2022,centre30,Zone212,Neighbourhood684,Dwelling2
VR_8581,Alta,0.0,0.0,0.0,1.4,1.6,2022,centre30,Zone213,Neighbourhood685,Dwelling1
VR_8582,Alta,0.0,0.3,1.6,2.9,1.3,2022,centre30,Zone213,Neighbourhood685,Dwelling2
VR_8583,Alta,0.0,0.0,0.0,0.0,0.0,2022,centre30,Zone213,Neighbourhood686,Dwelling1
VR_8584,Alta,0.0,0.4,1.8,0.0,1.1,2022,centre30,Zone213,Neighbourhood686,Dwelling2
VR_8585,Alta,0.0,0.0,0.0,0.0,0.0,2022,centre30,Zone213,Neighbourhood687,Dwelling1
VR_8586,Alta,0.0,0.0,0.0,0.0,0.0,2022,centre30,Zone213,Neighbourhood687,Dwelling2
VR_8587,Alta,0.0,0.0,0.0,0.0,0.0,2022,centre30,Zone213,Neighbourhood688,Dwelling1
VR_8588,Alta,0.0,0.0,1.5,1.3,1.2,2022,centre30,Zone213,Neighbourhood688,Dwelling2
VR_8589,Alta,0.0,0.0,0.0,0.0,0.0,2022,centre30,Zone214,Neighbourhood689,Dwelling1
VR_8590,Alta,0.0,1.8,1.4,0.0,1.5,2022,centre30,Zone214,Neighbourhood689,Dwelling2
VR_8591,Alta,0.0,0.0,0.0,0.0,0.0,2022,centre30,Zone214,Neighbourhood690,Dwelling1
VR_8592,Alta,0.0,0.0,0.0,0.0,0.9,2022,centre30,Zone214,Neighbourhood690,Dwelling2
VR_8593,Alta,0.0,0.0,0.0,0.0,0.0,2022,centre30,Zone214,Neighbourhood691,Dwelling1
VR_8594,Alta,0.0,0.0,0.0,0.0,0.0,2022,centre30,Zone214,Neighbourhood691,Dwelling2
VR_8595,Alta,0.0,0.0,0.0,0.0,0.0,2022,centre31,Zone93,Neighbourhood252,Dwelling1
VR_8596,Alta,5.6,4.9,5.8,3.6,5.3,2022,centre31,Zone93,Neighbourhood252,Dwelling2
VR_8597,Alta,0.0,0.0,0.0,0.0,0.0,2022,centre31,Zone93,Neighbourhood692,Dwelling1
VR_8598,Alta,4.8,6.5,3.5,0.0,5.8,2022,centre31,Zone93,Neighbourhood692,Dwelling2
VR_8599,Alta,0.0,0.0,0.0,0.0,0.0,2022,centre31,Zone93,Neighbourhood693,Dwelling1
VR_8600,Alta,4.4,4.9,3.4,0.0,4.5,2022,centre31,Zone93,Neighbourhood693,Dwelling2
VR_8601,Alta,0.0,0.0,0.0,0.0,0.0,2022,centre31,Zone93,Neighbourhood694,Dwelling1
VR_8602,Alta,4.6,6.2,5.6,0.0,5.6,2022,centre31,Zone93,Neighbourhood694,Dwelling2
VR_8603,Alta,0.0,0.0,0.0,0.0,0.0,2022,centre31,Zone215,Neighbourhood695,Dwelling1
VR_8604,Alta,0.0,10.2,6.6,0.0,9.4,2022,centre31,Zone215,Neighbourhood695,Dwelling2
VR_8605,Alta,0.0,0.0,0.0,0.0,0.0,2022,centre31,Zone215,Neighbourhood696,Dwelling1
VR_8606,Alta,8.6,7.5,4.8,0.0,6.5,2022,centre31,Zone215,Neighbourhood696,Dwelling2
VR_8607,Alta,0.0,0.0,0.0,0.0,0.0,2022,centre31,Zone216,Neighbourhood697,Dwelling1
VR_8608,Alta,0.0,2.7,2.5,0.0,2.5,2022,centre31,Zone216,Neighbourhood697,Dwelling2
VR_8609,Alta,0.0,0.0,0.0,0.0,0.0,2022,centre31,Zone216,Neighbourhood582,Dwelling1
VR_8610,Alta,3.7,5.9,4.3,0.0,5.0,2022,centre31,Zone216,Neighbourhood582,Dwelling2
VR_8611,Alta,0.0,0.0,0.0,0.0,0.0,2022,centre31,Zone217,Neighbourhood698,Dwelling1
VR_8612,Alta,5.0,2.3,3.7,4.7,3.2,2022,centre31,Zone217,Neighbourhood698,Dwelling2
VR_8613,Alta,0.0,0.0,0.0,0.0,0.0,2022,centre31,Zone217,Neighbourhood699,Dwelling1
VR_8614,Alta,0.0,5.4,4.7,0.0,5.7,2022,centre31,Zone217,Neighbourhood699,Dwelling2
VR_8615,Alta,0.0,0.0,0.0,0.0,0.0,2022,centre31,Zone217,Neighbourhood700,Dwelling1
VR_8616,Alta,0.0,0.0,5.1,0.0,0.0,2022,centre31,Zone217,Neighbourhood700,Dwelling2
VR_8617,Alta,0.0,0.0,0.0,0.0,0.0,2022,centre31,Zone218,Neighbourhood701,Dwelling1
VR_8618,Alta,0.0,3.1,2.9,0.8,2.8,2022,centre31,Zone218,Neighbourhood701,Dwelling2
VR_8619,Alta,0.0,0.0,0.0,0.0,0.0,2022,centre31,Zone218,Neighbourhood702,Dwelling1
VR_8620,Alta,5.7,0.0,7.7,0.0,8.5,2022,centre31,Zone218,Neighbourhood702,Dwelling2
VR_8621,Alta,0.0,0.0,0.0,0.0,0.0,2022,centre31,Zone218,Neighbourhood703,Dwelling1
VR_8622,Alta,0.0,6.6,5.0,0.0,6.4,2022,centre31,Zone218,Neighbourhood703,Dwelling2
VR_8623,Alta,0.0,0.0,0.0,0.0,0.0,2022,centre31,Zone218,Neighbourhood704,Dwelling1
VR_8624,Alta,0.0,0.0,0.0,0.0,0.0,2022,centre31,Zone218,Neighbourhood704,Dwelling2
VR_8625,Alta,0.0,0.0,0.0,0.0,0.0,2022,centre31,Zone219,Neighbourhood705,Dwelling1
VR_8626,Alta,5.1,3.5,1.5,0.0,2.5,2022,centre31,Zone219,Neighbourhood705,Dwelling2
VR_8627,Alta,0.0,0.0,0.0,0.3,0.2,2022,centre31,Zone219,Neighbourhood706,Dwelling1
VR_8628,Alta,0.0,0.6,3.0,1.4,2.1,2022,centre31,Zone219,Neighbourhood706,Dwelling2
VR_8629,Alta,0.0,0.0,0.0,0.0,0.0,2022,centre31,Zone219,Neighbourhood707,Dwelling1
VR_8630,Alta,1.0,1.7,1.4,0.0,1.5,2022,centre31,Zone219,Neighbourhood707,Dwelling2
VR_8631,Alta,0.0,0.0,0.0,0.0,0.0,2022,centre31,Zone219,Neighbourhood708,Dwelling1
VR_8632,Alta,0.0,3.8,2.9,5.9,3.2,2022,centre31,Zone219,Neighbourhood708,Dwelling2
VR_8633,Alta,0.0,0.0,0.0,1.6,1.6,2022,centre31,Zone219,Neighbourhood709,Dwelling1
VR_8634,Alta,0.0,7.6,4.9,1.5,4.7,2022,centre31,Zone219,Neighbourhood709,Dwelling2
VR_8635,Alta,0.0,0.0,0.0,0.0,0.0,2022,centre31,Zone220,Neighbourhood710,Dwelling1
VR_8636,Alta,0.0,2.1,3.0,0.0,2.3,2022,centre31,Zone220,Neighbourhood710,Dwelling2
VR_8637,Alta,0.0,0.0,3.6,2.1,2.6,2022,centre31,Zone220,Neighbourhood711,Dwelling1
VR_8638,Alta,0.0,3.7,2.0,3.4,2.8,2022,centre31,Zone220,Neighbourhood711,Dwelling2
VR_8639,Alta,0.0,0.0,0.0,0.0,0.0,2022,centre31,Zone220,Neighbourhood712,Dwelling1
VR_8640,Alta,0.0,1.6,1.2,0.0,1.2,2022,centre31,Zone220,Neighbourhood712,Dwelling2
VR_8641,Alta,0.0,0.0,0.0,0.0,0.0,2022,centre31,Zone220,Neighbourhood713,Dwelling1
VR_8642,Alta,0.0,1.2,0.7,0.0,0.9,2022,centre31,Zone220,Neighbourhood713,Dwelling2
VR_8643,Alta,0.0,0.0,0.0,0.0,0.0,2022,centre31,Zone220,Neighbourhood714,Dwelling1
VR_8644,Alta,0.0,0.0,2.8,0.0,0.0,2022,centre31,Zone220,Neighbourhood714,Dwelling2
VR_8645,Alta,0.0,0.0,0.0,0.9,1.0,2022,centre31,Zone220,Neighbourhood715,Dwelling1
VR_8646,Alta,0.0,2.0,3.1,2.2,2.9,2022,centre31,Zone220,Neighbourhood715,Dwelling2
VR_8647,Alta,0.0,0.0,0.0,0.0,0.0,2022,centre31,Zone221,Neighbourhood716,Dwelling1
VR_8648,Alta,4.7,3.2,0.7,0.0,2.5,2022,centre31,Zone221,Neighbourhood716,Dwelling2
VR_8649,Alta,0.0,0.0,0.0,0.0,0.0,2022,centre31,Zone221,Neighbourhood717,Dwelling1
VR_8650,Alta,0.0,2.1,5.6,0.0,4.0,2022,centre31,Zone221,Neighbourhood717,Dwelling2
VR_8651,Alta,0.0,0.0,0.0,1.8,2.1,2022,centre31,Zone221,Neighbourhood718,Dwelling1
VR_8652,Alta,0.0,4.2,3.7,0.0,4.1,2022,centre31,Zone221,Neighbourhood718,Dwelling2
VR_8653,Alta,0.0,0.0,0.0,6.1,5.9,2022,centre31,Zone221,Neighbourhood719,Dwelling1
VR_8654,Alta,0.0,3.5,3.0,1.3,3.6,2022,centre31,Zone221,Neighbourhood719,Dwelling2
VR_8655,Alta,0.0,0.0,0.0,0.0,0.0,2022,centre31,Zone222,Neighbourhood720,Dwelling1
VR_8656,Alta,0.0,0.0,0.6,0.0,0.4,2022,centre31,Zone222,Neighbourhood720,Dwelling2
VR_8657,Alta,0.0,0.0,0.0,0.0,1.2,2022,centre31,Zone222,Neighbourhood721,Dwelling1
VR_8658,Alta,0.0,2.0,1.9,0.0,1.9,2022,centre31,Zone222,Neighbourhood721,Dwelling2
VR_8659,Alta,0.0,0.0,4.4,2.2,2.6,2022,centre31,Zone222,Neighbourhood722,Dwelling1
VR_8660,Alta,0.0,0.9,2.8,4.1,2.6,2022,centre31,Zone222,Neighbourhood722,Dwelling2
VR_8661,Alta,0.0,0.0,0.0,0.0,0.0,2022,centre31,Zone223,Neighbourhood723,Dwelling1
VR_8662,Alta,0.0,0.0,0.0,0.0,0.0,2022,centre31,Zone223,Neighbourhood723,Dwelling2
VR_8663,Alta,0.0,0.0,0.0,0.0,0.0,2022,centre31,Zone223,Neighbourhood724,Dwelling1
VR_8664,Alta,0.0,13.1,0.0,0.0,0.0,2022,centre31,Zone223,Neighbourhood724,Dwelling2
VR_8665,Alta,0.0,0.0,0.0,0.0,0.0,2022,centre31,Zone223,Neighbourhood725,Dwelling1
VR_8666,Alta,0.0,0.0,0.0,0.0,6.1,2022,centre31,Zone223,Neighbourhood725,Dwelling2
VR_8667,Alta,0.0,0.0,0.8,1.8,1.7,2022,centre31,Zone223,Neighbourhood726,Dwelling1
VR_8668,Alta,0.0,4.8,2.2,0.0,3.3,2022,centre31,Zone223,Neighbourhood726,Dwelling2
VR_8669,Alta,0.0,0.0,0.0,1.0,0.0,2022,centre31,Zone223,Neighbourhood727,Dwelling1
VR_8670,Alta,0.0,0.0,0.0,0.0,11.2,2022,centre31,Zone223,Neighbourhood727,Dwelling2
VR_8671,Alta,0.0,0.0,0.0,0.0,0.0,2022,centre31,Zone224,Neighbourhood728,Dwelling1
VR_8672,Alta,0.0,5.1,2.5,0.0,3.2,2022,centre31,Zone224,Neighbourhood728,Dwelling2
VR_8673,Alta,0.0,0.0,0.0,0.0,0.0,2022,centre31,Zone224,Neighbourhood729,Dwelling1
VR_8674,Alta,0.0,4.6,6.3,0.0,5.9,2022,centre31,Zone224,Neighbourhood729,Dwelling2
VR_8675,Alta,0.0,0.0,0.0,0.0,0.0,2022,centre31,Zone224,Neighbourhood730,Dwelling1
VR_8676,Alta,0.0,0.0,1.2,2.6,1.2,2022,centre31,Zone224,Neighbourhood730,Dwelling2
VR_8677,Alta,0.0,0.0,0.0,0.0,0.7,2022,centre31,Zone224,Neighbourhood731,Dwelling1
VR_8678,Alta,0.0,5.5,2.6,0.7,3.1,2022,centre31,Zone224,Neighbourhood731,Dwelling2
VR_8679,Alta,0.0,0.0,0.0,0.0,0.0,2022,centre31,Zone225,Neighbourhood732,Dwelling1
VR_8680,Alta,0.0,1.0,0.3,0.0,0.4,2022,centre31,Zone225,Neighbourhood732,Dwelling2
VR_8681,Alta,0.0,0.0,0.0,0.0,0.0,2022,centre31,Zone225,Neighbourhood733,Dwelling1
VR_8682,Alta,0.0,0.0,0.0,0.0,0.0,2022,centre31,Zone225,Neighbourhood733,Dwelling2
VR_8683,Alta,0.0,0.0,0.0,3.0,4.2,2022,centre31,Zone225,Neighbourhood734,Dwelling1
VR_8684,Alta,0.0,1.0,2.8,0.0,2.1,2022,centre31,Zone225,Neighbourhood734,Dwelling2
VR_8685,Alta,0.0,0.0,0.0,0.6,0.6,2022,centre31,Zone225,Neighbourhood735,Dwelling1
VR_8686,Alta,0.0,0.9,0.4,0.0,0.5,2022,centre31,Zone225,Neighbourhood735,Dwelling2
VR_8687,Alta,0.0,0.0,0.0,0.0,0.0,2022,centre31,Zone226,Neighbourhood736,Dwelling1
VR_8688,Alta,0.0,1.9,2.3,2.1,2.2,2022,centre31,Zone226,Neighbourhood736,Dwelling2
VR_8689,Alta,0.0,0.0,0.0,0.0,0.0,2022,centre31,Zone227,Neighbourhood737,Dwelling1
VR_8690,Alta,0.0,0.0,0.0,0.0,0.0,2022,centre31,Zone227,Neighbourhood737,Dwelling2
VR_8691,Alta,0.0,0.0,0.0,0.0,0.0,2022,centre31,Zone227,Neighbourhood738,Dwelling1
VR_8692,Alta,0.0,9.0,7.0,0.0,7.7,2022,centre31,Zone227,Neighbourhood738,Dwelling2
VR_8693,Alta,0.0,0.0,3.7,0.0,2.8,2022,centre31,Zone227,Neighbourhood739,Dwelling1
VR_8694,Alta,0.0,0.0,0.6,0.0,0.0,2022,centre31,Zone227,Neighbourhood739,Dwelling2
VR_8695,Alta,0.0,0.0,2.9,1.2,1.4,2022,centre31,Zone228,Neighbourhood740,Dwelling1
VR_8696,Alta,0.0,1.3,1.8,0.0,1.7,2022,centre31,Zone228,Neighbourhood740,Dwelling2
VR_8697,Alta,0.0,0.0,1.1,0.0,0.3,2022,centre31,Zone229,Neighbourhood741,Dwelling1
VR_8698,Alta,0.0,3.2,1.3,1.9,1.7,2022,centre31,Zone229,Neighbourhood741,Dwelling2
VR_8699,Alta,0.0,0.0,0.0,0.0,4.3,2022,centre31,Zone230,Neighbourhood742,Dwelling1
VR_8700,Alta,0.0,2.0,1.7,0.0,1.7,2022,centre31,Zone230,Neighbourhood742,Dwelling2
VR_8701,Alta,0.0,0.0,0.0,0.0,1.2,2022,centre31,Zone231,Neighbourhood743,Dwelling1
VR_8702,Alta,0.0,1.9,4.0,13.3,4.2,2022,centre31,Zone231,Neighbourhood743,Dwelling2
VR_8703,Alta,0.0,0.0,0.0,0.0,0.0,2022,centre31,Zone232,Neighbourhood744,Dwelling1
VR_8704,Alta,0.0,0.5,0.3,0.0,0.3,2022,centre31,Zone232,Neighbourhood744,Dwelling2
VR_8705,Alta,0.0,0.0,0.0,0.0,0.0,2022,centre31,Zone232,Neighbourhood745,Dwelling1
VR_8706,Alta,0.0,2.9,1.6,0.0,2.0,2022,centre31,Zone232,Neighbourhood745,Dwelling2
VR_8707,Alta,0.0,0.0,0.0,0.0,0.0,2022,centre32,Zone233,Neighbourhood252,Dwelling1
VR_8708,Alta,5.9,6.4,0.0,0.0,7.6,2022,centre32,Zone233,Neighbourhood252,Dwelling2
VR_8709,Alta,0.0,0.0,2.4,0.0,1.8,2022,centre32,Zone233,Neighbourhood746,Dwelling1
VR_8710,Alta,0.0,0.0,1.1,0.0,0.8,2022,centre32,Zone233,Neighbourhood746,Dwelling2
VR_8711,Alta,0.0,0.0,0.0,0.0,0.0,2022,centre32,Zone233,Neighbourhood747,Dwelling1
VR_8712,Alta,0.0,0.0,0.0,0.0,0.0,2022,centre32,Zone233,Neighbourhood747,Dwelling2
VR_8713,Alta,0.0,0.0,0.0,0.0,0.0,2022,centre32,Zone233,Neighbourhood748,Dwelling1
VR_8714,Alta,0.0,2.0,0.8,0.0,1.1,2022,centre32,Zone233,Neighbourhood748,Dwelling2
VR_8715,Alta,0.0,0.0,0.0,0.0,0.0,2022,centre32,Zone233,Neighbourhood749,Dwelling1
VR_8716,Alta,0.0,0.0,0.0,0.0,0.0,2022,centre32,Zone233,Neighbourhood749,Dwelling2
VR_8717,Alta,0.0,0.0,0.0,0.0,0.0,2022,centre32,Zone233,Neighbourhood750,Dwelling1
VR_8718,Alta,0.0,1.1,0.8,0.0,0.9,2022,centre32,Zone233,Neighbourhood750,Dwelling2
VR_8719,Alta,0.0,0.0,2.9,0.0,2.2,2022,centre32,Zone233,Neighbourhood751,Dwelling1
VR_8720,Alta,0.0,0.0,0.0,0.0,0.0,2022,centre32,Zone233,Neighbourhood751,Dwelling2
VR_8721,Alta,0.0,0.0,3.6,3.3,3.5,2022,centre32,Zone233,Neighbourhood752,Dwelling1
VR_8722,Alta,0.0,0.0,0.0,0.0,0.0,2022,centre32,Zone233,Neighbourhood752,Dwelling2
VR_8723,Alta,0.0,0.0,5.3,0.0,3.6,2022,centre32,Zone233,Neighbourhood753,Dwelling1
VR_8724,Alta,0.0,0.0,2.8,0.0,1.9,2022,centre32,Zone233,Neighbourhood753,Dwelling2
VR_8725,Alta,0.0,0.0,0.0,0.0,0.0,2022,centre32,Zone233,Neighbourhood754,Dwelling1
VR_8726,Alta,0.0,0.0,0.0,0.0,0.0,2022,centre32,Zone233,Neighbourhood754,Dwelling2
VR_8727,Alta,0.0,0.0,0.0,5.6,6.9,2022,centre32,Zone233,Neighbourhood755,Dwelling1
VR_8728,Alta,0.0,0.0,0.0,0.0,0.0,2022,centre32,Zone233,Neighbourhood755,Dwelling2
VR_8729,Alta,0.0,0.0,0.0,0.0,0.0,2022,centre32,Zone233,Neighbourhood756,Dwelling1
VR_8730,Alta,0.0,0.7,0.7,0.0,0.6,2022,centre32,Zone233,Neighbourhood756,Dwelling2
VR_8731,Alta,0.0,0.0,0.0,2.5,2.5,2022,centre32,Zone233,Neighbourhood757,Dwelling1
VR_8732,Alta,0.0,0.0,2.0,0.0,1.5,2022,centre32,Zone233,Neighbourhood757,Dwelling2
VR_8733,Alta,0.0,0.0,0.0,0.0,0.0,2022,centre32,Zone233,Neighbourhood758,Dwelling1
VR_8734,Alta,0.0,0.0,0.0,0.0,0.0,2022,centre32,Zone233,Neighbourhood758,Dwelling2
VR_8735,Alta,0.0,0.0,0.0,0.0,0.0,2022,centre32,Zone233,Neighbourhood759,Dwelling1
VR_8736,Alta,0.0,0.0,0.0,0.0,0.0,2022,centre32,Zone233,Neighbourhood759,Dwelling2
VR_8737,Alta,0.0,0.0,0.0,0.0,0.0,2022,centre32,Zone233,Neighbourhood760,Dwelling1
VR_8738,Alta,0.0,0.0,0.0,0.0,0.0,2022,centre32,Zone233,Neighbourhood760,Dwelling2
VR_8739,Alta,0.0,0.0,0.0,0.0,0.0,2022,centre32,Zone233,Neighbourhood761,Dwelling1
VR_8740,Alta,0.0,0.0,0.0,0.0,0.0,2022,centre32,Zone233,Neighbourhood761,Dwelling2
VR_8741,B.C.,0.0,0.0,0.0,0.0,0.0,2022,centre33,Zone234,Neighbourhood762,Dwelling1
VR_8742,B.C.,0.0,0.9,1.0,0.0,0.9,2022,centre33,Zone234,Neighbourhood762,Dwelling2
VR_8743,B.C.,0.0,0.0,0.0,0.0,0.0,2022,centre33,Zone234,Neighbourhood763,Dwelling1
VR_8744,B.C.,8.5,2.2,1.9,0.0,2.6,2022,centre33,Zone234,Neighbourhood763,Dwelling2
VR_8745,B.C.,0.0,0.0,1.0,0.0,0.8,2022,centre33,Zone234,Neighbourhood764,Dwelling1
VR_8746,B.C.,0.0,1.1,1.4,3.4,1.2,2022,centre33,Zone234,Neighbourhood764,Dwelling2
VR_8747,B.C.,0.0,0.0,0.0,0.0,0.0,2022,centre33,Zone234,Neighbourhood765,Dwelling1
VR_8748,B.C.,0.0,0.0,0.0,0.0,0.0,2022,centre33,Zone234,Neighbourhood765,Dwelling2
VR_8749,B.C.,0.0,0.0,0.0,0.0,0.0,2022,centre33,Zone234,Neighbourhood766,Dwelling1
VR_8750,B.C.,2.7,1.5,1.7,0.0,2.2,2022,centre33,Zone234,Neighbourhood766,Dwelling2
VR_8751,B.C.,0.0,0.0,0.0,0.0,0.0,2022,centre33,Zone235,Neighbourhood767,Dwelling1
VR_8752,B.C.,0.0,5.0,10.8,0.0,9.2,2022,centre33,Zone235,Neighbourhood767,Dwelling2
VR_8753,B.C.,0.0,0.0,1.7,0.0,1.7,2022,centre34,Zone236,Neighbourhood768,Dwelling1
VR_8754,B.C.,0.1,1.7,1.0,2.5,1.2,2022,centre34,Zone236,Neighbourhood768,Dwelling2
VR_8755,B.C.,0.0,0.0,0.0,0.0,1.4,2022,centre34,Zone237,Neighbourhood769,Dwelling1
VR_8756,B.C.,0.0,0.9,0.0,0.0,0.0,2022,centre34,Zone237,Neighbourhood769,Dwelling2
VR_8757,B.C.,0.0,0.0,0.0,0.0,0.0,2022,centre35,Zone238,Neighbourhood770,Dwelling1
VR_8758,B.C.,1.3,0.4,1.2,0.0,0.7,2022,centre35,Zone238,Neighbourhood770,Dwelling2
VR_8759,B.C.,0.0,0.0,0.0,0.0,0.0,2022,centre35,Zone238,Neighbourhood771,Dwelling1
VR_8760,B.C.,0.0,0.2,0.6,0.0,0.2,2022,centre35,Zone238,Neighbourhood771,Dwelling2
VR_8761,B.C.,0.0,0.0,0.0,0.0,0.0,2022,centre35,Zone239,Neighbourhood772,Dwelling1
VR_8762,B.C.,2.2,0.6,0.8,0.0,0.9,2022,centre35,Zone239,Neighbourhood772,Dwelling2
VR_8763,B.C.,0.0,0.0,0.0,0.0,0.0,2022,centre35,Zone93,Neighbourhood773,Dwelling1
VR_8764,B.C.,1.6,1.3,1.7,0.0,1.4,2022,centre35,Zone93,Neighbourhood773,Dwelling2
VR_8765,B.C.,0.0,0.0,0.0,0.0,0.0,2022,centre35,Zone93,Neighbourhood774,Dwelling1
VR_8766,B.C.,0.0,0.0,0.0,0.0,0.0,2022,centre35,Zone93,Neighbourhood774,Dwelling2
VR_8767,B.C.,0.0,0.0,0.0,0.0,0.0,2022,centre35,Zone93,Neighbourhood334,Dwelling1
VR_8768,B.C.,3.2,2.7,2.5,0.0,2.7,2022,centre35,Zone93,Neighbourhood334,Dwelling2
VR_8769,B.C.,0.0,0.0,0.0,0.0,0.0,2022,centre35,Zone240,Neighbourhood775,Dwelling1
VR_8770,B.C.,0.0,0.0,1.2,0.0,0.4,2022,centre35,Zone240,Neighbourhood775,Dwelling2
VR_8771,B.C.,0.0,0.0,0.0,0.0,0.0,2022,centre35,Zone240,Neighbourhood776,Dwelling1
VR_8772,B.C.,0.9,0.6,0.1,0.0,0.6,2022,centre35,Zone240,Neighbourhood776,Dwelling2
VR_8773,B.C.,0.0,0.0,0.0,0.0,0.0,2022,centre35,Zone240,Neighbourhood777,Dwelling1
VR_8774,B.C.,0.0,1.2,0.0,0.0,1.1,2022,centre35,Zone240,Neighbourhood777,Dwelling2
VR_8775,B.C.,0.0,0.0,0.0,0.0,0.0,2022,centre35,Zone241,Neighbourhood778,Dwelling1
VR_8776,B.C.,0.2,0.3,0.7,0.0,0.4,2022,centre35,Zone241,Neighbourhood778,Dwelling2
VR_8777,B.C.,0.0,0.0,0.0,0.0,0.0,2022,centre35,Zone241,Neighbourhood779,Dwelling1
VR_8778,B.C.,0.0,0.5,0.2,0.0,0.4,2022,centre35,Zone241,Neighbourhood779,Dwelling2
VR_8779,B.C.,0.0,0.0,0.0,0.0,0.0,2022,centre35,Zone241,Neighbourhood780,Dwelling1
VR_8780,B.C.,0.0,0.8,0.0,0.0,0.6,2022,centre35,Zone241,Neighbourhood780,Dwelling2
VR_8781,B.C.,0.0,0.0,0.0,0.0,0.0,2022,centre35,Zone242,Neighbourhood781,Dwelling1
VR_8782,B.C.,0.0,0.5,0.2,0.0,0.4,2022,centre35,Zone242,Neighbourhood781,Dwelling2
VR_8783,B.C.,0.0,0.0,0.0,0.0,0.0,2022,centre35,Zone242,Neighbourhood782,Dwelling1
VR_8784,B.C.,9.2,3.2,6.8,15.5,5.7,2022,centre35,Zone242,Neighbourhood782,Dwelling2
VR_8785,B.C.,0.0,0.0,0.0,0.0,0.0,2022,centre35,Zone243,Neighbourhood783,Dwelling1
VR_8786,B.C.,0.4,0.5,0.4,0.0,0.5,2022,centre35,Zone243,Neighbourhood783,Dwelling2
VR_8787,B.C.,0.0,0.0,0.0,0.0,0.0,2022,centre35,Zone243,Neighbourhood784,Dwelling1
VR_8788,B.C.,0.0,0.0,0.0,0.0,0.0,2022,centre35,Zone243,Neighbourhood784,Dwelling2
VR_8789,B.C.,0.0,0.0,0.0,0.0,0.0,2022,centre35,Zone244,Neighbourhood664,Dwelling1
VR_8790,B.C.,0.2,0.4,3.3,0.0,0.7,2022,centre35,Zone244,Neighbourhood664,Dwelling2
VR_8791,B.C.,0.0,0.0,0.0,0.0,0.0,2022,centre35,Zone244,Neighbourhood785,Dwelling1
VR_8792,B.C.,0.0,0.0,0.0,0.0,0.0,2022,centre35,Zone244,Neighbourhood785,Dwelling2
VR_8793,B.C.,0.0,0.0,0.0,0.0,0.0,2022,centre35,Zone244,Neighbourhood786,Dwelling1
VR_8794,B.C.,0.0,0.0,0.2,0.0,0.1,2022,centre35,Zone244,Neighbourhood786,Dwelling2
VR_8795,B.C.,0.0,0.0,0.0,0.0,0.0,2022,centre35,Zone244,Neighbourhood787,Dwelling1
VR_8796,B.C.,0.0,0.0,0.0,0.0,0.0,2022,centre35,Zone244,Neighbourhood787,Dwelling2
VR_8797,B.C.,0.0,0.0,0.0,0.0,0.0,2022,centre35,Zone245,Neighbourhood788,Dwelling1
VR_8798,B.C.,0.3,0.4,0.0,0.0,0.3,2022,centre35,Zone245,Neighbourhood788,Dwelling2
VR_8799,B.C.,0.0,0.0,0.0,0.0,0.0,2022,centre35,Zone245,Neighbourhood789,Dwelling1
VR_8800,B.C.,0.9,0.5,0.1,0.0,0.5,2022,centre35,Zone245,Neighbourhood789,Dwelling2
VR_8801,B.C.,0.0,0.0,0.0,0.0,0.0,2022,centre35,Zone246,Neighbourhood790,Dwelling1
VR_8802,B.C.,0.0,0.2,1.2,0.0,0.6,2022,centre35,Zone246,Neighbourhood790,Dwelling2
VR_8803,B.C.,0.0,0.0,0.0,0.0,0.0,2022,centre35,Zone246,Neighbourhood791,Dwelling1
VR_8804,B.C.,0.0,0.6,0.2,0.0,0.3,2022,centre35,Zone246,Neighbourhood791,Dwelling2
VR_8805,B.C.,0.0,0.0,0.0,0.0,0.0,2022,centre35,Zone246,Neighbourhood792,Dwelling1
VR_8806,B.C.,0.0,0.0,0.0,0.0,0.0,2022,centre35,Zone246,Neighbourhood792,Dwelling2
VR_8807,B.C.,0.0,0.0,0.0,0.0,0.0,2022,centre35,Zone247,Neighbourhood793,Dwelling1
VR_8808,B.C.,0.6,0.2,0.2,0.0,0.2,2022,centre35,Zone247,Neighbourhood793,Dwelling2
VR_8809,B.C.,0.0,0.0,0.0,0.0,0.0,2022,centre35,Zone248,Neighbourhood794,Dwelling1
VR_8810,B.C.,3.7,1.2,0.6,3.2,1.3,2022,centre35,Zone248,Neighbourhood794,Dwelling2
VR_8811,B.C.,0.0,0.0,0.0,0.0,0.0,2022,centre35,Zone248,Neighbourhood795,Dwelling1
VR_8812,B.C.,0.0,1.8,1.5,0.0,1.7,2022,centre35,Zone248,Neighbourhood795,Dwelling2
VR_8813,B.C.,0.0,0.0,0.0,0.0,0.0,2022,centre35,Zone249,Neighbourhood796,Dwelling1
VR_8814,B.C.,0.0,0.0,0.0,0.0,0.0,2022,centre35,Zone249,Neighbourhood796,Dwelling2
VR_8815,B.C.,0.0,0.0,0.0,0.0,0.0,2022,centre35,Zone249,Neighbourhood797,Dwelling1
VR_8816,B.C.,0.0,0.3,0.0,0.0,0.2,2022,centre35,Zone249,Neighbourhood797,Dwelling2
VR_8817,B.C.,0.0,0.0,0.0,0.0,0.0,2022,centre35,Zone249,Neighbourhood798,Dwelling1
VR_8818,B.C.,0.0,0.2,0.0,0.0,0.1,2022,centre35,Zone249,Neighbourhood798,Dwelling2
VR_8819,B.C.,0.0,0.0,0.0,0.0,0.0,2022,centre35,Zone250,Neighbourhood799,Dwelling1
VR_8820,B.C.,0.0,0.9,0.0,0.0,0.6,2022,centre35,Zone250,Neighbourhood799,Dwelling2
VR_8821,B.C.,0.0,0.0,0.0,0.0,0.0,2022,centre35,Zone250,Neighbourhood800,Dwelling1
VR_8822,B.C.,2.6,0.3,0.5,0.0,0.6,2022,centre35,Zone250,Neighbourhood800,Dwelling2
VR_8823,B.C.,0.0,0.0,0.0,1.0,1.2,2022,centre35,Zone250,Neighbourhood801,Dwelling1
VR_8824,B.C.,3.5,1.6,1.2,2.0,1.6,2022,centre35,Zone250,Neighbourhood801,Dwelling2
VR_8825,B.C.,0.0,0.0,0.0,0.0,0.0,2022,centre35,Zone251,Neighbourhood802,Dwelling1
VR_8826,B.C.,0.0,0.0,0.0,0.0,0.0,2022,centre35,Zone251,Neighbourhood802,Dwelling2
VR_8827,B.C.,0.0,0.0,0.0,0.0,0.0,2022,centre35,Zone251,Neighbourhood252,Dwelling1
VR_8828,B.C.,1.3,0.7,2.0,0.0,1.1,2022,centre35,Zone251,Neighbourhood252,Dwelling2
VR_8829,B.C.,0.0,0.0,0.0,0.0,0.0,2022,centre35,Zone251,Neighbourhood45,Dwelling1
VR_8830,B.C.,0.0,0.7,0.3,0.0,0.6,2022,centre35,Zone251,Neighbourhood45,Dwelling2
VR_8831,B.C.,0.0,0.0,0.0,0.0,0.0,2022,centre35,Zone251,Neighbourhood803,Dwelling1
VR_8832,B.C.,1.4,0.0,0.5,0.0,0.2,2022,centre35,Zone251,Neighbourhood803,Dwelling2
VR_8833,B.C.,0.0,0.0,0.0,0.0,0.0,2022,centre35,Zone252,Neighbourhood804,Dwelling1
VR_8834,B.C.,0.7,0.9,1.1,1.5,0.9,2022,centre35,Zone252,Neighbourhood804,Dwelling2
VR_8835,B.C.,0.0,0.0,0.0,0.0,0.0,2022,centre35,Zone252,Neighbourhood805,Dwelling1
VR_8836,B.C.,0.0,0.2,0.0,0.0,0.1,2022,centre35,Zone252,Neighbourhood805,Dwelling2
VR_8837,B.C.,0.0,0.0,0.0,0.0,0.0,2022,centre35,Zone252,Neighbourhood806,Dwelling1
VR_8838,B.C.,0.0,2.8,1.8,0.0,2.2,2022,centre35,Zone252,Neighbourhood806,Dwelling2
VR_8839,B.C.,0.0,0.0,0.0,0.0,0.0,2022,centre35,Zone252,Neighbourhood807,Dwelling1
VR_8840,B.C.,0.0,0.2,0.4,0.0,0.3,2022,centre35,Zone252,Neighbourhood807,Dwelling2
VR_8841,B.C.,0.0,0.0,0.0,0.0,0.0,2022,centre35,Zone253,Neighbourhood808,Dwelling1
VR_8842,B.C.,0.0,2.0,1.8,4.2,2.3,2022,centre35,Zone253,Neighbourhood808,Dwelling2
VR_8843,B.C.,0.0,0.0,3.1,2.2,2.4,2022,centre35,Zone253,Neighbourhood809,Dwelling1
VR_8844,B.C.,0.0,0.2,9.6,0.0,3.6,2022,centre35,Zone253,Neighbourhood809,Dwelling2
VR_8845,B.C.,0.0,0.0,0.0,0.0,0.0,2022,centre35,Zone254,Neighbourhood810,Dwelling1
VR_8846,B.C.,0.0,0.0,0.0,0.0,0.3,2022,centre35,Zone254,Neighbourhood810,Dwelling2
VR_8847,B.C.,0.0,0.0,0.0,0.0,0.0,2022,centre35,Zone254,Neighbourhood811,Dwelling1
VR_8848,B.C.,2.7,1.2,2.0,7.5,1.9,2022,centre35,Zone254,Neighbourhood811,Dwelling2
VR_8849,B.C.,0.0,0.0,0.0,0.0,0.0,2022,centre35,Zone255,Neighbourhood812,Dwelling1
VR_8850,B.C.,0.0,0.6,0.2,0.0,0.4,2022,centre35,Zone255,Neighbourhood812,Dwelling2
VR_8851,B.C.,0.0,0.0,0.0,0.0,0.0,2022,centre35,Zone255,Neighbourhood813,Dwelling1
VR_8852,B.C.,0.0,0.0,0.0,0.0,0.0,2022,centre35,Zone255,Neighbourhood813,Dwelling2
VR_8853,B.C.,0.0,0.0,0.0,0.0,0.0,2022,centre35,Zone255,Neighbourhood814,Dwelling1
VR_8854,B.C.,0.0,0.0,0.0,0.0,0.0,2022,centre35,Zone255,Neighbourhood814,Dwelling2
VR_8855,B.C.,0.0,0.0,0.0,0.0,0.0,2022,centre35,Zone255,Neighbourhood815,Dwelling1
VR_8856,B.C.,1.6,0.0,0.7,2.8,1.9,2022,centre35,Zone255,Neighbourhood815,Dwelling2
VR_8857,B.C.,0.0,0.0,0.0,0.0,0.0,2022,centre35,Zone255,Neighbourhood816,Dwelling1
VR_8858,B.C.,0.0,0.0,0.0,0.0,0.4,2022,centre35,Zone255,Neighbourhood816,Dwelling2
VR_8859,B.C.,0.0,0.0,0.0,0.0,0.0,2022,centre35,Zone256,Neighbourhood817,Dwelling1
VR_8860,B.C.,0.0,0.0,1.2,0.0,0.5,2022,centre35,Zone256,Neighbourhood817,Dwelling2
VR_8861,B.C.,0.0,0.0,0.0,0.0,0.0,2022,centre35,Zone256,Neighbourhood818,Dwelling1
VR_8862,B.C.,0.0,0.0,0.0,0.0,0.0,2022,centre35,Zone256,Neighbourhood818,Dwelling2
VR_8863,B.C.,0.0,0.0,0.0,0.0,0.0,2022,centre35,Zone256,Neighbourhood819,Dwelling1
VR_8864,B.C.,0.0,0.0,0.4,0.0,0.8,2022,centre35,Zone256,Neighbourhood819,Dwelling2
VR_8865,B.C.,0.0,0.0,0.0,0.0,0.0,2022,centre35,Zone257,Neighbourhood820,Dwelling1
VR_8866,B.C.,0.0,0.5,0.7,0.0,0.5,2022,centre35,Zone257,Neighbourhood820,Dwelling2
VR_8867,B.C.,0.0,0.0,0.0,0.0,0.0,2022,centre35,Zone257,Neighbourhood821,Dwelling1
VR_8868,B.C.,0.0,0.8,1.3,0.0,1.0,2022,centre35,Zone257,Neighbourhood821,Dwelling2
VR_8869,B.C.,0.0,0.0,0.0,0.0,0.0,2022,centre35,Zone257,Neighbourhood822,Dwelling1
VR_8870,B.C.,0.0,0.1,0.3,0.0,0.2,2022,centre35,Zone257,Neighbourhood822,Dwelling2
VR_8871,B.C.,0.0,0.0,0.0,0.0,0.0,2022,centre35,Zone257,Neighbourhood823,Dwelling1
VR_8872,B.C.,0.0,3.0,0.0,0.0,1.7,2022,centre35,Zone257,Neighbourhood823,Dwelling2
VR_8873,B.C.,0.0,0.0,0.0,0.0,0.0,2022,centre35,Zone257,Neighbourhood824,Dwelling1
VR_8874,B.C.,0.0,0.4,0.4,0.0,0.6,2022,centre35,Zone257,Neighbourhood824,Dwelling2
VR_8875,B.C.,0.0,0.0,0.0,0.0,0.0,2022,centre35,Zone257,Neighbourhood825,Dwelling1
VR_8876,B.C.,0.0,0.0,0.0,0.0,0.0,2022,centre35,Zone257,Neighbourhood825,Dwelling2
VR_8877,B.C.,0.0,0.0,0.0,0.0,0.0,2022,centre35,Zone258,Neighbourhood826,Dwelling1
VR_8878,B.C.,0.0,1.8,1.0,0.0,1.5,2022,centre35,Zone258,Neighbourhood826,Dwelling2
VR_8879,B.C.,0.0,0.0,0.0,1.7,1.2,2022,centre35,Zone259,Neighbourhood827,Dwelling1
VR_8880,B.C.,0.0,1.1,1.0,0.0,1.0,2022,centre35,Zone259,Neighbourhood827,Dwelling2
VR_8881,B.C.,0.0,0.0,0.0,0.0,0.0,2022,centre35,Zone259,Neighbourhood828,Dwelling1
VR_8882,B.C.,0.0,1.2,0.0,0.0,0.5,2022,centre35,Zone259,Neighbourhood828,Dwelling2
VR_8883,B.C.,0.0,0.0,0.0,0.0,0.0,2022,centre35,Zone260,Neighbourhood829,Dwelling1
VR_8884,B.C.,2.2,0.5,0.4,1.6,0.6,2022,centre35,Zone260,Neighbourhood829,Dwelling2
VR_8885,B.C.,0.0,0.0,0.0,0.0,0.0,2022,centre35,Zone260,Neighbourhood830,Dwelling1
VR_8886,B.C.,0.0,0.0,0.0,0.0,0.0,2022,centre35,Zone260,Neighbourhood830,Dwelling2
VR_8887,B.C.,0.0,0.0,0.0,0.0,0.0,2022,centre35,Zone260,Neighbourhood831,Dwelling1
VR_8888,B.C.,0.0,0.5,0.4,0.0,0.4,2022,centre35,Zone260,Neighbourhood831,Dwelling2
VR_8889,B.C.,0.0,0.0,0.0,0.0,0.0,2022,centre35,Zone260,Neighbourhood832,Dwelling1
VR_8890,B.C.,0.0,0.0,0.0,0.0,0.6,2022,centre35,Zone260,Neighbourhood832,Dwelling2
VR_8891,B.C.,0.0,0.0,0.0,0.0,0.0,2022,centre35,Zone260,Neighbourhood833,Dwelling1
VR_8892,B.C.,0.0,0.0,0.0,0.0,0.0,2022,centre35,Zone260,Neighbourhood833,Dwelling2
VR_8893,B.C.,0.0,0.0,0.0,0.0,0.0,2022,centre35,Zone261,Neighbourhood834,Dwelling1
VR_8894,B.C.,0.0,0.0,0.0,0.0,0.0,2022,centre35,Zone261,Neighbourhood834,Dwelling2
VR_8895,B.C.,0.0,0.0,0.0,0.0,0.0,2022,centre35,Zone261,Neighbourhood835,Dwelling1
VR_8896,B.C.,0.0,1.0,0.8,0.0,0.9,2022,centre35,Zone261,Neighbourhood835,Dwelling2
VR_8897,B.C.,0.0,0.0,0.0,0.0,0.0,2022,centre36,Zone262,Neighbourhood836,Dwelling1
VR_8898,B.C.,0.0,0.8,0.0,0.0,0.9,2022,centre36,Zone262,Neighbourhood836,Dwelling2
VR_8899,B.C.,0.0,0.0,0.0,0.0,0.0,2022,centre36,Zone262,Neighbourhood837,Dwelling1
VR_8900,B.C.,0.5,1.1,0.6,0.0,0.9,2022,centre36,Zone262,Neighbourhood837,Dwelling2
VR_8901,B.C.,0.0,0.0,0.0,0.0,0.0,2022,centre36,Zone263,Neighbourhood838,Dwelling1
VR_8902,B.C.,0.0,0.0,0.0,0.0,0.0,2022,centre36,Zone263,Neighbourhood838,Dwelling2
VR_8903,B.C.,0.0,0.0,0.0,0.0,0.0,2022,centre36,Zone263,Neighbourhood839,Dwelling1
VR_8904,B.C.,0.0,0.0,0.0,0.0,2.0,2022,centre36,Zone263,Neighbourhood839,Dwelling2
VR_8905,B.C.,0.0,0.0,0.0,0.0,0.0,2022,centre36,Zone263,Neighbourhood840,Dwelling1
VR_8906,B.C.,0.0,0.0,0.0,0.0,0.0,2022,centre36,Zone263,Neighbourhood840,Dwelling2
VR_8907,B.C.,0.0,0.0,0.0,0.0,0.0,2022,centre36,Zone263,Neighbourhood841,Dwelling1
VR_8908,B.C.,0.6,1.5,1.5,0.0,1.4,2022,centre36,Zone263,Neighbourhood841,Dwelling2
VR_8909,B.C.,0.0,0.0,0.0,0.0,0.0,2022,centre36,Zone263,Neighbourhood842,Dwelling1
VR_8910,B.C.,0.4,1.3,0.8,0.0,1.0,2022,centre36,Zone263,Neighbourhood842,Dwelling2
VR_8911,B.C.,0.0,0.0,0.0,0.0,0.0,2022,centre36,Zone264,Neighbourhood843,Dwelling1
VR_8912,B.C.,0.9,1.3,0.4,0.0,0.9,2022,centre36,Zone264,Neighbourhood843,Dwelling2
VR_8913,B.C.,0.0,0.0,0.0,0.0,0.0,2022,centre36,Zone264,Neighbourhood844,Dwelling1
VR_8914,B.C.,1.3,0.9,3.0,0.0,1.6,2022,centre36,Zone264,Neighbourhood844,Dwelling2
VR_8915,B.C.,0.0,0.0,0.0,0.0,0.0,2022,centre36,Zone265,Neighbourhood252,Dwelling1
VR_8916,B.C.,0.6,1.6,0.8,0.0,1.1,2022,centre36,Zone265,Neighbourhood252,Dwelling2
VR_8917,B.C.,0.0,0.0,0.0,0.0,0.0,2022,centre36,Zone265,Neighbourhood845,Dwelling1
VR_8918,B.C.,0.0,0.0,0.0,0.0,0.0,2022,centre36,Zone265,Neighbourhood845,Dwelling2
VR_8919,B.C.,0.0,0.0,0.0,0.0,0.0,2022,centre36,Zone265,Neighbourhood846,Dwelling1
VR_8920,B.C.,0.0,2.2,2.0,0.0,2.2,2022,centre36,Zone265,Neighbourhood846,Dwelling2
VR_8921,B.C.,0.0,0.0,0.0,0.0,0.0,2022,centre36,Zone265,Neighbourhood847,Dwelling1
VR_8922,B.C.,0.0,2.8,2.8,0.0,2.7,2022,centre36,Zone265,Neighbourhood847,Dwelling2
VR_8923,B.C.,0.0,0.0,0.0,0.0,0.0,2022,centre36,Zone265,Neighbourhood848,Dwelling1
VR_8924,B.C.,5.3,2.6,1.0,0.0,2.9,2022,centre36,Zone265,Neighbourhood848,Dwelling2
VR_8925,B.C.,0.0,0.0,0.0,0.0,0.0,2022,centre36,Zone266,Neighbourhood849,Dwelling1
VR_8926,B.C.,5.8,2.4,2.0,0.0,2.2,2022,centre36,Zone266,Neighbourhood849,Dwelling2
VR_8927,B.C.,0.0,0.0,0.0,0.0,0.0,2022,centre36,Zone266,Neighbourhood850,Dwelling1
VR_8928,B.C.,0.4,1.8,1.5,0.0,1.5,2022,centre36,Zone266,Neighbourhood850,Dwelling2
VR_8929,B.C.,0.0,0.0,0.0,0.0,0.0,2022,centre36,Zone266,Neighbourhood851,Dwelling1
VR_8930,B.C.,0.0,0.0,0.0,0.0,0.0,2022,centre36,Zone266,Neighbourhood851,Dwelling2
VR_8931,B.C.,0.0,0.0,0.0,0.0,0.0,2022,centre36,Zone266,Neighbourhood852,Dwelling1
VR_8932,B.C.,0.0,2.3,2.7,0.0,2.8,2022,centre36,Zone266,Neighbourhood852,Dwelling2
VR_8933,B.C.,0.0,6.1,0.0,0.0,5.7,2022,centre36,Zone267,Neighbourhood853,Dwelling1
VR_8934,B.C.,2.7,1.1,1.2,0.0,1.2,2022,centre36,Zone267,Neighbourhood853,Dwelling2
VR_8935,B.C.,0.0,0.0,0.0,0.0,0.0,2022,centre36,Zone268,Neighbourhood854,Dwelling1
VR_8936,B.C.,0.0,0.0,0.9,8.3,1.1,2022,centre36,Zone268,Neighbourhood854,Dwelling2
VR_8937,B.C.,0.0,0.0,0.0,0.0,0.0,2022,centre36,Zone268,Neighbourhood855,Dwelling1
VR_8938,B.C.,2.0,1.5,1.8,1.3,1.7,2022,centre36,Zone268,Neighbourhood855,Dwelling2
VR_8939,B.C.,0.0,0.0,0.0,0.0,0.0,2022,centre36,Zone268,Neighbourhood856,Dwelling1
VR_8940,B.C.,0.0,0.0,0.0,0.0,0.8,2022,centre36,Zone268,Neighbourhood856,Dwelling2
VR_8941,B.C.,0.0,0.0,0.0,0.0,0.0,2022,centre36,Zone268,Neighbourhood857,Dwelling1
VR_8942,B.C.,0.0,0.0,0.0,0.0,0.0,2022,centre36,Zone268,Neighbourhood857,Dwelling2
VR_8943,B.C.,0.0,0.0,0.0,0.0,0.0,2022,centre36,Zone269,Neighbourhood858,Dwelling1
VR_8944,B.C.,0.0,0.0,0.0,0.0,0.0,2022,centre36,Zone269,Neighbourhood858,Dwelling2
VR_8945,B.C.,0.0,0.0,0.0,0.0,0.0,2022,centre36,Zone269,Neighbourhood859,Dwelling1
VR_8946,B.C.,0.0,0.2,1.1,0.0,0.7,2022,centre36,Zone269,Neighbourhood859,Dwelling2
VR_8947,B.C.,0.0,0.0,0.0,0.0,0.0,2022,centre36,Zone270,Neighbourhood860,Dwelling1
VR_8948,B.C.,0.0,0.0,0.0,0.0,0.0,2022,centre36,Zone270,Neighbourhood860,Dwelling2
VR_8949,B.C.,0.0,0.0,0.0,0.0,0.0,2022,centre36,Zone271,Neighbourhood861,Dwelling1
VR_8950,B.C.,0.0,0.0,6.9,0.0,0.0,2022,centre36,Zone271,Neighbourhood861,Dwelling2
